Epoch	AverageEpRet	StdEpRet	MaxEpRet	MinEpRet	AverageEpCost	StdEpCost	MaxEpCost	MinEpCost	EpLen	CumulativeCost	CostRate	AverageVVals	StdVVals	MaxVVals	MinVVals	AverageCostVVals	StdCostVVals	MaxCostVVals	MinCostVVals	LossPi	DeltaLossPi	SurrCost	DeltaSurrCost	LossV	DeltaLossV	LossVC	DeltaLossVC	Penalty	DeltaPenalty	Optim_A	Optim_B	Optim_c	Optim_q	Optim_r	Optim_s	Optim_Lam	Optim_Nu	OptimCase	Margin	BacktrackIters	Entropy	KL	TotalEnvInteracts	Time
0	17.237068	8.455248	74.0	8.0	0.0039322185	0.0033245187	0.037628543	0.00014893727	17.237068	0.9128857	0.00022822143137454987	0.0047255764	0.23100272	0.5424279	-0.5333038	-0.010874389	0.57989514	1.3997465	-1.3645523	9.274483e-08	-0.013728347	-4.768372e-10	0.00015000654	165.29509	-23.39392	0.33637664	-0.33605552	0.0	0.0	0.018872771	-0.29117236	-0.028779127	0.018883627	-0.00017278767	0.002750047	1.3741771	0.0	3.0	0.0	0.0	0.6745221	0.0044021388	4000	2.800208330154419
1	19.52451	9.874924	58.0	8.0	0.004288228	0.0046488456	0.049081706	0.00036485543	19.52451	1.7901173	0.00022376465797424317	1.1685826	0.19371188	1.9378543	0.0062263813	0.0023186936	0.016948445	0.080849215	-0.06640897	8.2492825e-08	-0.015388144	-1.0151416e-10	-2.7927632e-05	179.7709	-68.32668	0.00032652175	-0.00020380128	0.0	0.0	0.012374148	-4367.6436	-0.025389206	0.023490338	4.0504474e-05	1.4758766e-07	1.5326558	0.0	3.0	0.0	0.0	0.688364	0.0045828074	8000	7.726618051528931
2	23.232557	12.322861	76.0	8.0	0.00471396	0.004506607	0.03849726	0.00048922875	23.232557	2.6009858	0.0002167488137880961	5.1629677	0.2482214	6.083881	3.4595397	0.0030511967	0.010081072	0.059103437	-0.06119871	1.4901161e-08	-0.015554157	-2.2351742e-11	1.3187232e-05	168.36963	-63.45481	0.00011634867	-4.179713e-05	0.0	0.0	0.01872011	-5427.8267	-0.021318618	0.024305122	-2.162508e-05	8.373198e-08	1.55901	0.0	3.0	0.0	0.0	0.6923048	0.004474493	12000	12.657085657119751
3	25.729033	14.545727	119.0	9.0	0.005605522	0.019231705	0.24063624	0.0002148421	25.729033	3.4708676	0.00021692922711372375	10.298251	1.0800557	15.337988	5.943999	0.002801049	0.007612845	0.05383941	-0.06640901	-2.0980835e-08	-0.015595731	1.0058284e-10	3.5140467e-05	149.76625	-24.112144	0.00063220074	-0.00022819953	0.0	0.0	0.00980454	-1799.293	-0.019215433	0.02494623	-5.5742337e-05	2.0520882e-07	1.5794375	0.0	3.0	0.0	0.0	0.688271	0.0044069397	16000	17.589428424835205
4	33.049587	18.43678	81.0	9.0	0.007188541	0.012948751	0.115560256	0.00031599368	33.049587	4.340685	0.0002170342445373535	13.301084	2.3123353	17.650803	-5.576362	0.005112364	0.017875798	0.07349322	-0.08022834	5.6028364e-09	-0.017382722	-9.313226e-11	3.3578843e-05	190.6651	-31.7361	0.00053921435	-0.00039214152	0.0	0.0	0.025839789	-401.19144	-0.014911274	0.031749662	-5.7229845e-05	5.5420065e-07	1.7818435	0.0	3.0	0.0	0.0	0.6791564	0.0042260718	20000	23.037407398223877
5	38.411766	27.627905	199.0	11.0	0.07913827	0.6761169	6.859504	0.0006466083	38.411766	12.472392	0.0005196830034255982	16.889149	2.112551	20.423689	3.9462893	0.0044120597	0.011296986	0.030072398	-0.09540176	2.014637e-08	-0.016283026	-1.585111e-09	0.00024687065	339.53418	-40.68579	0.49888468	-0.18509623	0.0	0.0	0.026633356	-0.41743985	-0.010956584	0.027251676	-0.00041672	0.00028085057	1.6508082	0.0	3.0	0.0	0.0	0.6634425	0.0040589496	24000	28.22744655609131
6	49.5875	32.95326	188.0	11.0	0.13385612	0.738149	5.747126	0.00022826728	49.5875	23.183607	0.0008279859679085868	19.721327	3.7788405	22.903254	-7.1497273	0.017003447	0.43673545	1.5010351	-2.5368366	5.00679e-09	-0.01790736	1.0728836e-09	0.0006427178	405.53406	-51.944733	0.9138043	-0.6075549	0.0	0.0	0.032268915	-0.022682356	-0.0073837936	0.033036888	-0.0011318671	0.0016681909	1.8176053	0.0	3.0	0.0	0.0	0.6486997	0.003796657	28000	33.004908084869385
7	68.68965	45.15002	208.0	11.0	1.1121863	3.1107783	13.383998	0.0005991068	68.68965	87.694664	0.0027404582500457765	23.881159	1.9358423	25.342403	-1.953681	0.054080497	0.5907016	1.796701	-1.8154577	2.7894973e-08	0.015221592	3.9190056e-09	-0.004715861	587.4885	-68.07788	6.288769	-1.5851755	2.1281416	0.0	0.009605172	-0.025973909	0.008912351	0.032038677	-0.007037964	0.0022079893	0.0	2.1281416	0.0	0.0	0.0	0.6368392	0.0032613927	32000	35.1273934841156
8	58.441177	36.665173	181.0	12.0	0.42881227	1.4610065	6.985302	0.0002332663	58.441177	116.85644	0.003246012157864041	27.62941	0.9887683	28.431898	13.207703	1.0836036	0.1534598	1.5946239	0.3556211	-3.0994416e-09	-0.011030364	2.2768974e-08	0.0011488831	386.91403	-24.026276	1.6132642	-0.78992486	1.5363731	0.0	0.00830414	0.009605406	-0.0012181092	0.021001482	-0.006909832	0.0037602966	0.9297998	1.5363731	2.0	0.0	0.0	0.64863354	0.003611639	36000	39.98107600212097
9	62.25	31.350838	147.0	11.0	0.15068367	0.7367455	5.61053	0.0003584061	62.25	126.50333	0.0031625831604003905	28.110558	3.5343747	29.636042	-5.334495	0.45013118	0.63329285	3.0108833	-1.9904199	1.6212464e-08	-0.019116372	-3.218651e-09	0.0046734735	316.40234	-5.021393	0.67289406	-0.36070296	0.0	0.0	0.0140010035	0.0011555774	-0.005611507	0.03807161	-0.009257385	0.0035603244	1.9511948	0.0	2.0	0.0	0.0	0.6382352	0.0039857817	40000	44.699565172195435
10	95.414635	64.39814	346.0	14.0	1.4351052	2.6859221	10.103713	0.00094767206	95.414635	185.35867	0.004212697115811435	28.598886	3.87336	30.281399	-20.936337	0.14455679	0.19490233	0.9185559	-0.35834745	-7.1525574e-10	0.008465888	1.2442469e-09	-0.0033810774	793.42584	-101.21857	3.4690864	-0.9203067	3.013631	0.0	0.013728347	-0.07723185	0.009800438	0.02078778	-0.0027880005	0.0011010724	0.0	3.013631	0.0	0.0	0.0	0.62814885	0.0040100836	44000	49.52872848510742
11	74.98077	43.857937	183.0	15.0	0.23609495	0.8153215	5.198702	0.00026211454	74.98077	197.69632	0.004118673324584961	32.93346	2.1651444	33.612526	-5.6627445	1.0624434	0.15853508	1.5509142	0.25599542	-6.9141386e-09	-0.013343402	3.0100345e-08	0.0035030511	460.2859	-11.757751	1.0797156	-0.75330937	2.0681117	0.0	0.001675523	0.004480082	-0.0035196366	0.022241682	-0.006793727	0.0022442075	0.61155033	2.0681117	2.0	0.0	0.0	0.635634	0.003803835	48000	54.34668731689453
12	100.79487	56.99806	248.0	9.0	1.4744983	2.880556	11.1511345	0.0001963283	100.79487	255.21732	0.004908025301419772	32.42524	7.04354	34.705627	-30.48554	0.1948688	0.15096287	1.156053	-0.3650019	4.3988226e-08	0.012195915	9.3877315e-09	-0.0047828	635.61896	-53.925232	3.672763	-1.0804892	2.1305962	0.0	0.0069352104	-0.032431617	0.009668134	0.021911712	-0.0057438496	0.0022029048	0.0	2.1305962	0.0	0.0	0.0	0.62081915	0.004133172	52000	58.910027742385864
13	88.82222	40.204082	198.0	23.0	0.17233323	0.48589253	2.9132066	0.0004945929	88.82222	262.9727	0.004695940835135324	36.23933	3.2631466	36.83453	-15.753694	0.9152248	0.3192207	2.1866727	-0.11454956	1.9073486e-08	-0.016972393	2.0861626e-09	0.0033147214	433.84106	-1.6778259	0.740049	-0.6567367	0.0	0.0	0.0033722995	-0.00084776373	-0.003689018	0.030443694	-0.005827684	0.0012545309	1.7448121	0.0	3.0	0.0	0.0	0.6334753	0.0044699223	56000	63.57395076751709
14	107.833336	55.56553	241.0	24.0	1.0250796	2.0810559	9.100942	0.0018611107	107.833336	300.03763	0.005000627136230468	36.254295	5.4213223	37.34674	-25.115376	0.16287217	0.1585838	0.86489177	-0.20613351	2.5272369e-08	0.011333442	-7.882714e-09	-0.0040816166	605.3452	-28.780579	1.5912378	-0.3252828	2.4001737	0.0	0.00738587	-0.0036594127	0.0048693623	0.019930352	-0.0046664053	0.00173585	0.0	2.4001737	0.0	0.0	0.0	0.62348545	0.0045043486	60000	65.67417120933533
15	86.844444	41.37791	155.0	16.0	0.8102983	2.1564426	9.794639	0.0008921127	86.844444	336.5213	0.005258145332336425	38.477493	3.5384662	39.08478	-24.75967	0.67859715	0.19243962	1.6111388	0.13443547	1.0251999e-08	-0.0044722394	-5.8710574e-09	-0.0034402283	429.136	-0.9123535	1.8831538	-0.15948606	2.039942	0.0	0.010524765	0.007671385	0.003573036	0.0194594	-0.0069988547	0.005482481	1.1713032	2.039942	1.0	0.0	0.0	0.62192667	0.0037926035	64000	70.67313694953918
16	93.95238	38.63563	177.0	23.0	0.119859114	0.29675987	1.9642775	0.00027023157	93.95238	341.57153	0.005023110782398897	38.96679	1.6549085	39.23568	1.8204309	0.50686187	0.21567118	1.3830322	-0.053283997	-4.053116e-09	-0.01241813	-7.867813e-09	0.0027313093	425.15445	-5.572876	0.25590262	-0.20399924	0.0	0.0	0.004851918	-0.0055673565	-0.004046102	0.015173315	-0.003294569	0.0010516198	1.2318001	0.0	3.0	0.0	0.0	0.61522824	0.0042564124	68000	75.63961482048035
17	116.878784	49.2832	287.0	26.0	0.56284153	1.1811566	5.817439	0.0014789376	116.878784	360.20908	0.005002903832329644	38.859394	3.6072793	39.28045	-27.712452	0.11707185	0.23713855	1.3207943	-0.33734182	2.0623206e-08	-0.005386503	8.34465e-09	-0.0004785302	568.8735	-18.02832	0.4707353	-0.08966535	2.0002139	0.0	0.0039401185	0.00986276	0.00053766416	0.01106293	-0.0038734316	0.0021063974	0.6320558	2.0002139	1.0	0.0	0.0	0.6066219	0.0025765619	72000	80.37279510498047
18	126.6129	26.067749	180.0	77.0	0.44525465	0.9466505	4.3137784	0.04014098	126.6129	374.03824	0.004921555770070929	39.554848	5.6273413	40.740944	-28.854141	0.33002508	0.2350506	1.4247763	0.040684916	7.987023e-09	-0.0034662457	-2.4437905e-09	0.00035168714	442.2988	-17.575226	0.36125493	-0.15844291	2.475032	0.0	0.00291658	0.0098927	-0.00043238365	0.014783831	-0.004547205	0.001742364	0.5429746	2.475032	2.0	0.0	3.0	0.5967447	0.00062863785	76000	85.54321765899658
19	156.32	53.49147	254.0	67.0	0.28167573	0.61089957	3.0775058	0.003539429	156.32	383.99338	0.004799917221069336	41.754356	2.5723555	42.143093	-1.0120959	0.17331585	0.1763121	1.3385015	-0.08522578	4.0769578e-08	-0.011330481	3.784895e-09	0.0013895495	675.36896	-48.137695	0.22365473	-0.062064216	3.253357	0.0	0.003457668	0.006397349	-0.0013966496	0.017816981	-0.0027883237	0.00054144295	0.7351765	3.253357	2.0	0.0	0.0	0.58716196	0.00404984	80000	90.6444182395935
20	163.04167	58.868835	349.0	49.0	0.9288244	1.2203155	4.780754	0.00649581	163.04167	406.28937	0.0048367781866164436	42.67318	8.899846	44.617023	-37.262676	0.19772598	0.19969976	1.2570716	-0.0115851015	-9.894371e-09	0.0014217476	2.399087e-09	-0.0029960475	662.7396	-53.677612	0.3925788	-0.065122575	3.2918806	0.0	0.002789706	0.004593564	0.0026301523	0.0064442167	-0.0021624197	0.0012795308	0.7792994	3.2918806	1.0	0.0	0.0	0.58480847	0.0032882167	84000	93.15204095840454
21	152.5	37.2974	252.0	102.0	0.4934437	0.65576977	2.3767214	0.04293263	152.5	419.12003	0.004762727564031428	45.147385	6.8784933	46.893612	-9.690876	0.39456987	0.21181811	1.4112834	0.13098435	5.9604646e-09	-0.0041573015	-2.0861626e-09	1.0576248e-05	494.6594	-14.591827	0.16714768	-0.08219393	3.1411068	0.0	0.0015466234	0.009997377	-4.2992146e-05	0.008607458	-0.0022308102	0.00070480537	0.3933229	3.1411068	2.0	0.0	0.0	0.5746953	0.004666932	88000	98.27849245071411
22	188.38095	84.99214	479.0	106.0	0.33946186	0.38256654	1.3777971	0.077328436	188.38095	426.25037	0.004633156154466712	46.489586	6.704801	48.17873	-9.203649	0.21509582	0.19401501	0.9858506	-0.0075055957	-9.417534e-09	-0.0037098196	2.6524067e-09	0.00077216816	700.1214	-54.63733	0.06558837	-0.025426261	0.0	0.0	0.00094421126	0.006753123	-0.00085219945	0.0013484962	-0.0003007129	0.00022367458	0.36721876	0.0	2.0	0.0	0.0	0.5827209	0.0031602152	92000	103.45498561859131
23	226.64706	89.0723	500.0	119.0	0.55352056	0.51529926	1.8774592	0.036783874	226.64706	435.77618	0.004539335250854492	47.368465	9.792	50.5942	-13.862504	0.13599198	0.1423177	0.70891476	-0.032386843	-8.34465e-09	-0.0023926913	2.4139881e-09	-0.00035548248	746.58936	-79.12018	0.054620355	-0.0068109296	3.9038208	0.0	0.0013544757	0.009672432	0.00023614053	0.003304973	-0.00057622575	0.00017023152	0.37421206	3.9038208	1.0	0.0	0.0	0.57784617	0.0013652669	96000	108.04315066337585
24	190.4762	60.33369	357.0	80.0	0.42003796	0.6818036	3.160216	0.07339877	190.4762	444.597	0.004445969848632813	50.65958	8.98468	53.445644	-11.312094	0.21416989	0.14102454	0.70954055	0.0045693256	-5.4836273e-09	-0.004885018	-1.192093e-10	0.00034004074	555.04114	-17.540833	0.09673738	-0.015011795	2.585769	0.0	0.0022382056	0.009618908	-0.00041980072	0.006466265	-0.0013982957	0.00046244173	0.48237756	2.585769	2.0	0.0	1.0	0.5743219	0.0018266971	100000	113.1777400970459
