Epoch	AverageEpRet	StdEpRet	MaxEpRet	MinEpRet	AverageEpCost	StdEpCost	MaxEpCost	MinEpCost	EpLen	CumulativeCost	CostRate	AverageVVals	StdVVals	MaxVVals	MinVVals	AverageCostVVals	StdCostVVals	MaxCostVVals	MinCostVVals	LossPi	DeltaLossPi	SurrCost	DeltaSurrCost	LossV	DeltaLossV	LossVC	DeltaLossVC	Penalty	DeltaPenalty	StopIter	Entropy	KL	TotalEnvInteracts	Time
0	10.129441	5.1864715	40.0	3.0	0.366759	0.40691105	4.339661	0.019737419	10.129441	144.55579	0.036138948	-3.0391573e-05	0.04205179	0.2706922	-0.2689087	-0.0013938603	0.10896298	0.4208773	-0.46919245	-2.9087067e-08	-0.022298908	2.3156405e-08	0.00068167184	66.4622	-13.999619	0.3889483	-0.12964159	0	0	4.0	0.9189385	0.02220412	4000	3.907337188720703
1	11.4383955	6.3426347	48.0	4.0	0.4592077	1.3401784	23.717817	0.036539853	11.4383955	305.16193	0.03814524	1.1601982	0.07608367	1.5702919	0.6040953	0.3533825	0.04113321	0.5678821	0.16031168	-6.055832e-08	-0.018054523	-1.4722347e-08	0.0069524064	71.89137	-32.896862	3.2015984	-0.40265203	0	0	5.0	0.91750246	0.020799255	8000	7.453850269317627
2	15.201521	8.779582	58.0	4.0	1.033638	5.443515	73.3558	0.019634519	15.201521	577.0606	0.048088383	4.6729803	0.641404	7.587902	0.8716504	0.46530175	0.833666	5.241723	-3.6601493	-4.482269e-08	-0.013791171	4.529953e-09	0.0042049894	82.70405	-26.893875	53.186718	-8.47065	0	0	6.0	0.9157811	0.018369872	12000	11.05906343460083
3	18.624413	9.643395	48.0	5.0	1.0478734	2.9309623	27.262909	0.014500048	18.624413	800.9011	0.05005632	8.969744	0.512518	10.114269	6.2803383	1.6394266	0.809232	5.3676076	-2.2956555	-2.0861625e-08	-0.013491934	1.0490417e-08	0.018277587	67.75216	-7.0406113	9.814625	-0.4899454	0	0	8.0	0.9139681	0.015127815	16000	14.567384719848633
4	23.91018	12.6764555	91.0	7.0	1.4016216	3.0221837	15.966694	0.0211605	23.91018	1035.0306	0.05175153	11.20283	0.64316124	12.380238	8.613872	1.2381326	0.4966428	3.4113467	-1.0916482	6.198883e-09	-0.016252302	8.3446505e-10	0.026420446	105.9307	-8.6252365	8.550306	-0.6566038	0	0	14.0	0.9115743	0.012755117	20000	18.025654315948486
5	28.71223	15.349288	121.0	9.0	3.2090995	8.179465	66.5395	0.056112785	28.71223	1481.1124	0.061713018	13.829412	0.71494865	15.068486	9.490047	1.578032	0.09798897	1.8361378	1.1375461	3.9339065e-09	-0.021602977	1.6689301e-09	0.04215196	143.93082	-8.4717865	66.43511	-9.220924	0	0	13.0	0.9085391	0.014274738	24000	21.616888284683228
6	39.72	21.002895	121.0	9.0	10.374194	14.591653	66.076324	0.046758853	39.72	2518.7332	0.089954756	15.983203	0.6996188	17.232206	11.666045	3.7427227	2.2885392	9.000952	-3.6294835	1.2397766e-08	-0.027207207	-1.0967255e-07	-0.03509934	225.37158	-41.004486	166.23415	-38.127396	0	0	8.0	0.90764284	0.014468489	28000	25.511797666549683
7	45.770115	21.20491	100.0	9.0	14.168185	16.698942	71.70087	0.016398583	45.770115	3751.3875	0.117230855	19.565674	2.200367	21.166668	6.3972034	9.716543	0.6347179	11.741474	6.4227414	6.556511e-10	-0.030276123	-1.9550324e-08	-0.00043695688	197.15692	-33.481827	155.4358	-4.8026886	0	0	7.0	0.90625757	0.015508419	32000	29.438528299331665
8	46.729412	17.178911	97.0	10.0	16.576834	19.749134	98.282104	0.19162327	46.729412	5163.793	0.1434387	21.09369	4.051119	23.968454	4.4555807	11.61458	0.35937157	12.529647	9.5291195	4.768372e-10	-0.01207835	1.2779236e-07	0.06650485	142.92122	-20.21103	207.7474	-7.7448425	0	0	9.0	0.9041961	0.014555681	36000	33.39173936843872
9	61.06154	26.215601	124.0	10.0	18.680584	19.836802	104.411804	0.0684642	61.06154	6383.488	0.15958719	20.566597	6.1079187	25.828753	2.951097	12.251401	1.8820045	15.959534	5.3535337	-2.7894973e-08	-0.023537029	1.3685226e-07	0.16503236	268.01154	-51.26912	191.00563	-4.6073303	0	0	79.0	0.9020557	0.009621686	40000	37.641966342926025
10	74.56604	27.372696	162.0	37.0	20.92925	16.770638	77.429596	1.8354571	74.56604	7493.254	0.17030123	25.456158	5.4750776	29.581608	5.4250007	12.27499	0.6374469	13.26779	7.744312	-1.7404556e-08	-0.01887614	-5.3167344e-08	0.13108031	297.15872	-36.253784	119.86647	-0.5087433	0	0	79.0	0.8931572	0.0069127902	44000	41.84940218925476
11	113.685715	49.981583	284.0	47.0	22.450264	18.786228	77.63698	3.0600972	113.685715	8279.628	0.17249225	29.029194	5.3967857	32.47883	3.7685475	12.030527	0.6389984	12.760955	7.934024	-1.5497208e-09	-0.017323365	1.168251e-08	0.06381927	644.1667	-119.52698	130.09746	-15.221825	0	0	79.0	0.87811357	0.006075716	48000	45.79355192184448
12	253.78572	141.378	610.0	85.0	39.68249	27.813223	122.23893	8.012264	253.78572	8859.939	0.17038345	33.402164	5.4061007	36.694637	9.670181	9.111635	2.3808024	14.176165	1.7471807	5.4955482e-08	-0.02123546	2.0980835e-08	-0.019892314	1883.1788	-421.71448	141.3386	-14.086372	0	0	79.0	0.8687136	0.008314233	52000	49.6720027923584
13	550.1667	320.1689	1000.0	267.0	23.546585	12.737353	48.274372	10.718341	550.1667	9028.035	0.16121492	41.60729	0.58871126	41.805725	31.447369	9.49656	0.88696706	11.246009	5.109001	-1.875162e-07	-0.011997566	-3.71933e-08	0.012718075	2407.966	-373.42053	42.005165	-32.562775	0	0	5.0	0.859343	0.01673384	56000	53.126795291900635
14	734.2	372.5686	1000.0	49.0	33.5753	14.01807	48.030437	8.862259	734.2	9202.528	0.15337548	46.035416	0.07543463	46.083847	45.259533	4.2700806	0.6048229	5.525457	1.9227073	3.0207633e-07	-0.004006672	-2.2649764e-09	-5.3389787e-05	2314.0955	-294.27673	7.5088763	-0.48122883	0	0	10.0	0.85765547	0.014281911	60000	56.686729192733765
15	379.5	194.81389	736.0	160.0	47.960327	32.7491	133.43639	16.102892	379.5	9766.351	0.15259923	49.35283	0.4529692	49.44285	39.312294	4.08743	0.67953366	5.7707043	1.4249705	-7.867813e-09	-0.027587498	3.051758e-08	-0.024179537	1361.4928	-123.15845	134.8915	-34.301994	0	0	3.0	0.855209	0.022931492	64000	60.43153119087219
16	583.5	245.38593	1000.0	181.0	24.36133	13.055166	41.360546	11.221816	583.5	9941.939	0.146205	51.086258	1.4737942	51.37166	15.151259	8.398066	2.1826034	13.574431	0.533383	-5.2452087e-09	0.001486983	5.4836273e-09	-0.019722637	1641.8962	-148.42725	34.586384	-23.040787	0	0	7.0	0.85335004	0.015120626	68000	64.05345439910889
17	437.8889	249.56871	994.0	184.0	23.985054	9.916715	40.08666	12.770428	437.8889	10159.819	0.1411086	53.2895	1.4503973	53.55871	17.31627	3.7955217	1.3581328	8.398871	0.023323052	3.6478042e-08	-0.0098472545	-1.9073487e-09	0.018145027	1271.1571	-89.23108	15.145694	-2.7618675	0	0	79.0	0.85105395	0.005996398	72000	67.95115184783936
18	869.25	226.46564	1000.0	477.0	24.539303	5.9028907	31.702827	18.09057	869.25	10268.341	0.13510975	55.1106	0.6069386	55.207745	34.28246	4.001374	0.5249111	5.5129275	1.716673	-1.0430813e-07	-0.004809081	3.71933e-08	0.0025860013	1619.5103	-169.43604	5.055956	-2.1046572	0	0	79.0	0.8462353	0.0038890522	76000	71.80179452896118
19	1000.0	0.0	1000.0	1000.0	24.89592	12.221635	39.294037	12.271072	1000.0	10367.924	0.12959905	57.42813	0.03566602	57.439976	56.517654	2.8405893	0.4144365	3.965515	1.1604499	2.8467178e-07	-0.0019637449	1.6152859e-08	0.002107115	1542.782	-164.91797	8.531836	-0.7147989	0	0	79.0	0.8462573	0.0030831774	80000	75.59214234352112
20	931.5	102.58777	1000.0	755.0	27.474533	9.519368	43.36363	18.220072	931.5	10505.817	0.12506926	59.639103	0.03556622	59.6514	59.19153	2.278312	0.39319062	3.2159436	0.31405464	2.0354987e-08	-0.018970162	-2.43783e-08	-0.03171674	1298.4716	-116.79028	10.335977	-0.6479826	0	0	5.0	0.84852445	0.021448474	84000	79.25999975204468
21	1000.0	0.0	1000.0	1000.0	17.05466	3.194797	20.466806	11.974044	1000.0	10574.035	0.12015949	61.476425	0.0637585	61.501232	60.24802	2.854934	0.47670165	4.0785904	1.1962675	6.7472456e-08	-0.0032385886	-1.7881393e-09	-0.0025387506	1262.176	-127.673584	2.684076	-1.3410405	0	0	79.0	0.84722054	0.0050976723	88000	83.09645962715149
22	943.0	98.7269	1000.0	772.0	14.241698	8.446812	28.655945	8.142388	943.0	10639.269	0.115644224	63.374287	0.06887133	63.38765	60.93525	1.9583803	0.272631	2.6699991	1.0642959	-2.9444694e-08	-0.005292333	-5.00679e-09	-0.0013426729	1089.7208	-100.0014	2.5730538	-0.19720721	0	0	67.0	0.8493837	0.012209274	92000	86.81004762649536
23	1000.0	0.0	1000.0	1000.0	14.621031	11.595462	34.571545	5.850943	1000.0	10697.753	0.11143493	65.061165	0.004760159	65.06467	64.99849	1.5585207	0.22580461	2.121673	0.8190325	4.2772294e-07	-0.0023258757	-1.3768673e-08	0.0014709156	1039.1506	-103.1991	6.619209	-0.2521224	0	0	79.0	0.85631555	0.0029053441	96000	90.60445809364319
24	1000.0	0.0	1000.0	1000.0	10.837968	1.5921718	12.685644	8.677745	1000.0	10741.1045	0.10741104	66.74427	0.0073273154	66.74849	66.643776	1.5644685	0.22284949	2.261189	0.8630809	8.659363e-07	-0.0019339687	3.3378602e-09	-0.00017254305	941.4614	-93.80615	0.91147715	-0.31307137	0	0	79.0	0.86573786	0.0055583487	100000	94.35053634643555
25	1000.0	0.0	1000.0	1000.0	17.917492	6.5157833	24.482431	8.300175	1000.0	10812.774	0.103968985	68.34965	0.013379296	68.35659	68.1559	1.1733261	0.1677043	1.6473315	0.63087565	-3.592968e-07	-0.0025441116	-1.1324882e-09	-0.0055007166	852.73785	-85.00879	4.342176	-0.34552646	0	0	79.0	0.87501055	0.006426014	104000	98.0782322883606
26	1000.0	0.0	1000.0	1000.0	10.342995	2.1530666	13.390779	8.265856	1000.0	10854.146	0.10050136	69.88387	0.0050642565	69.88731	69.798546	1.4473372	0.17973363	1.8929958	0.818104	1.9454956e-07	-0.0022627825	-8.523465e-09	-0.0004072472	772.0816	-77.23517	0.951521	-0.2878664	0	0	79.0	0.8699195	0.005043178	108000	101.70525979995728
27	1000.0	0.0	1000.0	1000.0	9.431316	4.1737895	14.132435	3.3469143	1000.0	10891.872	0.09724886	71.346985	0.0043564355	71.34962	71.26092	1.0011886	0.15259546	1.519014	0.5421035	3.502369e-07	-0.0047811787	-2.3841857e-09	-0.0026584317	698.85614	-70.4115	1.2745368	-0.025861025	0	0	79.0	0.87436026	0.0040174853	112000	105.51377820968628
28	1000.0	0.0	1000.0	1000.0	8.972837	3.8586664	15.591963	5.8947105	1000.0	10927.763	0.09420485	72.74945	0.0017912852	72.75139	72.72816	0.86991465	0.11423673	1.2191592	0.5234838	3.900528e-07	-0.0025311182	6.8843367e-09	0.0004250829	632.1408	-64.32532	0.9959648	-0.020237863	0	0	79.0	0.8707581	0.0049785366	116000	109.1954083442688
29	1000.0	0.0	1000.0	1000.0	11.957897	5.5074377	21.48341	8.410687	1000.0	10975.595	0.09146329	74.09603	0.0028167192	74.098206	74.007935	0.7815187	0.1026528	1.1173865	0.44586116	-3.643036e-07	-0.0019402076	-7.688999e-09	-8.152485e-05	571.2127	-58.845276	1.3915268	-0.12332332	0	0	79.0	0.88050026	0.0033722108	120000	112.92186737060547
30	1000.0	0.0	1000.0	1000.0	16.976028	11.259553	36.073883	7.4008217	1000.0	11043.499	0.08906048	75.39214	0.0029995234	75.39472	75.356575	1.0784409	0.1558037	1.575641	0.64653164	-4.925728e-07	-0.0019903376	-1.502037e-08	-0.004653033	515.4758	-53.868317	3.7091517	-0.15890932	0	0	11.0	0.87263274	0.01222445	124000	116.39195108413696
31	1000.0	0.0	1000.0	1000.0	10.2038765	1.7576487	12.35877	8.127911	1000.0	11084.314	0.086596206	76.641785	0.0043951226	76.64453	76.58751	1.3027374	0.23288624	2.0850153	0.6338144	-2.6965142e-07	-0.0029127416	-5.185604e-09	0.0026071814	464.45035	-49.32303	1.1595609	-0.15022492	0	0	79.0	0.8720973	0.0051200115	128000	120.1138174533844
32	1000.0	0.0	1000.0	1000.0	14.31595	5.0372744	20.224876	8.5953665	1000.0	11141.578	0.08440589	77.84878	0.002281107	77.8508	77.8152	0.9883849	0.18075685	1.5384285	0.5070587	-1.6665459e-07	-0.0018716962	-1.1324882e-09	-0.0003391547	417.69284	-45.147125	2.1914082	-0.058384657	0	0	79.0	0.8706905	0.0037101926	132000	123.86040091514587
33	1000.0	0.0	1000.0	1000.0	12.283632	6.4710197	20.950367	5.8445983	1000.0	11190.713	0.08228465	79.01283	0.004844653	79.01563	78.93668	1.1225957	0.22357237	1.9696178	0.55183697	3.7288666e-07	-0.004074087	7.629395e-09	-0.002212982	374.94604	-41.309784	1.1530782	-0.0068240166	0	0	79.0	0.85616904	0.00495346	136000	127.61221432685852
34	775.4	325.61917	1000.0	163.0	42.27783	21.286411	78.91876	12.292003	775.4	11406.935	0.081478104	80.111015	0.34406856	80.14131	65.26524	0.96642184	0.24973917	1.7108393	0.29167336	5.3048135e-09	-0.017725863	9.000301e-09	-0.083061345	402.46744	-76.19449	58.07031	-16.364056	0	0	3.0	0.842178	0.022078963	140000	131.28914880752563
35	1000.0	0.0	1000.0	1000.0	10.533209	1.5062698	11.984869	8.07174	1000.0	11449.067	0.07950741	80.97906	0.1747566	81.01728	75.3823	3.3584926	0.7141062	5.3533688	1.51247	-9.560585e-08	-0.0025469037	-5.787611e-08	-0.005640037	308.0924	-35.396576	5.927995	-4.6398897	0	0	6.0	0.8404953	0.020013828	144000	134.8294484615326
36	1000.0	0.0	1000.0	1000.0	20.516563	2.0277052	23.571278	17.883171	1000.0	11531.134	0.07791307	82.05566	0.050242655	82.06776	80.58789	1.030031	0.5409024	2.6546967	-0.8499369	-5.391836e-07	-0.0015482387	-3.0994416e-09	0.00015789807	274.13	-32.48398	5.1976523	-0.752573	0	0	15.0	0.8390447	0.014759473	148000	138.3322949409485
37	1000.0	0.0	1000.0	1000.0	9.219329	1.9877555	11.210874	6.493521	1000.0	11568.011	0.076105334	83.05137	0.3519421	83.1033	74.22394	1.8077512	0.35693562	3.0988667	0.69908	2.603531e-07	-0.003768379	-1.704693e-08	-0.0019918578	244.24925	-30.34259	1.2802321	-0.7682983	0	0	79.0	0.8393722	0.004368002	152000	142.11144709587097
38	1000.0	0.0	1000.0	1000.0	9.275892	3.5025344	14.279639	5.5401607	1000.0	11605.114	0.07439176	84.098175	0.0062308833	84.1022	83.923775	0.8914474	0.260029	1.6749763	-0.0074913055	-3.3640862e-07	-0.0019441767	3.516674e-09	-0.0015186946	215.23647	-26.688385	0.89407456	-0.047382653	0	0	11.0	0.8303355	0.0129377935	156000	145.5576343536377
39	1000.0	0.0	1000.0	1000.0	24.580029	4.9262314	31.089314	18.574617	1000.0	11703.435	0.07314646	85.063736	0.0025838185	85.06594	84.99344	0.5394803	0.25174388	1.2926264	-0.27334622	3.566742e-07	-0.0021113444	1.6346574e-08	0.0015852395	189.9112	-24.143326	4.8278613	-2.2111268	0	0	79.0	0.83017886	0.0041080187	160000	149.28541564941406
40	1000.0	0.0	1000.0	1000.0	31.877647	7.1432285	39.61864	21.545076	1000.0	11830.945	0.07213991	85.99285	0.0025363776	85.99497	85.93883	1.950499	0.26153702	2.7304392	1.0505195	5.5098536e-07	-0.0036528017	-8.106232e-09	0.0040534576	167.01764	-21.790466	7.1050663	-0.35880756	0	0	79.0	0.83085144	0.0056407014	164000	153.13285875320435
41	1000.0	0.0	1000.0	1000.0	53.90676	12.111724	66.504036	37.792515	1000.0	12046.572	0.07170579	86.88815	0.0018991441	86.89004	86.862305	2.3949313	0.37326932	3.4403737	1.14865	-7.9631803e-07	-0.0009868358	4.6670436e-08	0.02235242	146.35115	-19.611687	30.402716	-3.428419	0	0	79.0	0.8281462	0.0027226005	168000	156.94886422157288
42	1000.0	0.0	1000.0	1000.0	48.397636	13.695035	71.931526	38.00865	1000.0	12240.163	0.07116374	87.749374	0.0025018575	87.75155	87.70116	3.9971664	0.85825735	6.5813546	1.355539	1.525879e-08	-0.0011982818	4.005432e-08	0.0010112996	127.75525	-17.597466	12.096576	-0.078232765	0	0	79.0	0.8166227	0.0023990981	172000	160.8378460407257
43	769.75	234.3207	1000.0	478.0	57.240536	7.726933	70.16387	50.629795	769.75	12509.581	0.07107717	88.57711	0.0030191194	88.57965	88.53985	4.2311454	1.1146905	7.235902	1.3677816	-4.9471854e-08	-0.018749362	3.761053e-08	-0.022730758	249.66115	-5.1640015	16.833504	-2.068203	0	0	2.0	0.81209517	0.028490826	176000	164.56622219085693
44	1000.0	0.0	1000.0	1000.0	32.506195	5.6912274	40.914585	25.274921	1000.0	12639.606	0.07022004	89.05274	0.010706692	89.05647	88.77689	5.524718	1.2921113	9.327822	0.594697	-6.639957e-08	0.0034611628	2.5749207e-08	-0.009186192	102.01589	-14.245392	14.205684	-7.1549563	0	0	5.0	0.81044245	0.014454578	180000	168.14872884750366
45	770.0	307.76028	1000.0	229.0	27.662579	6.9600415	38.868366	17.046192	770.0	12784.0625	0.0694786	89.776924	0.23870789	89.80697	81.312614	2.8693414	1.2121547	6.5751915	-1.0172637	6.6131356e-08	-0.0143971965	-2.2470951e-08	0.010250236	237.14256	-14.759979	7.4958944	-0.49721813	0	0	3.0	0.8081819	0.03161894	184000	171.83019423484802
46	759.6	324.84433	1000.0	182.0	25.488916	8.866754	36.421844	10.447238	759.6	12920.969	0.06872856	89.60489	3.293975	90.2329	44.494514	3.0454366	0.8391945	5.2135983	0.89374614	-6.556511e-09	0.004138567	-2.1398067e-08	-0.01557538	222.78972	-5.3516235	7.3822184	-0.19012785	0	0	5.0	0.8050889	0.019843793	188000	175.51238226890564
47	848.25	262.8387	1000.0	393.0	13.653074	5.7479095	22.881567	8.08116	848.25	12981.108	0.067609936	90.46536	1.0171863	90.64188	73.47165	2.808861	0.46130258	4.1319547	1.5452912	-1.2397766e-08	-0.003269919	-2.026558e-08	-0.0024264776	151.61281	-6.3502197	2.7094462	-1.7794241	0	0	14.0	0.80237377	0.0141716115	192000	179.13138628005981
48	1000.0	0.0	1000.0	1000.0	8.064385	2.9171433	12.81665	5.1155987	1000.0	13013.366	0.066394724	91.13692	0.11914759	91.162384	89.18044	1.5827467	0.17955971	2.1458797	0.97331315	-2.9325486e-07	-0.0015045448	1.0430813e-09	-0.0012911035	66.91833	-10.965115	1.0978671	-0.6214478	0	0	79.0	0.8006533	0.0024920106	196000	182.9619357585907
49	1000.0	0.0	1000.0	1000.0	6.2799363	0.5592215	6.8489804	5.401591	1000.0	13038.486	0.06519243	91.86808	0.0073089725	91.87345	91.76568	0.8693206	0.09096162	1.185001	0.600682	7.104874e-08	-0.0023550843	8.493662e-10	0.00021483733	56.29381	-9.72971	0.26553494	-0.08479123	0	0	79.0	0.80059075	0.003658843	200000	186.9101209640503
