Epoch	AverageEpRet	StdEpRet	MaxEpRet	MinEpRet	AverageEpCost	StdEpCost	MaxEpCost	MinEpCost	EpLen	CumulativeCost	CostRate	AverageVVals	StdVVals	MaxVVals	MinVVals	AverageCostVVals	StdCostVVals	MaxCostVVals	MinCostVVals	LossPi	DeltaLossPi	SurrCost	DeltaSurrCost	LossV	DeltaLossV	LossVC	DeltaLossVC	Penalty	DeltaPenalty	StopIter	Entropy	KL	TotalEnvInteracts	Time
0	14.855019	8.291471	50.0	4.0	1.2940624	9.690668	120.77352	0.022959737	14.855019	348.1444	0.0870361	-0.0036904442	0.10534437	0.42588204	-0.3573489	0.0018129166	0.15007567	0.49956527	-0.52614886	6.818772e-08	-0.020311562	-4.9114227e-08	0.026165206	138.66138	-19.858444	156.75635	-3.289688	0	0	5.0	0.9189385	0.018456848	4000	2.8420071601867676
1	19.885572	11.880074	63.0	4.0	3.0930839	13.219967	103.89356	0.016418833	19.885572	969.9537	0.12124421	1.0920242	0.22848381	2.1492956	0.13205412	0.88208205	0.33448377	2.5206738	-0.8205627	-2.169609e-08	-0.012810732	-3.0517577e-07	0.0757155	217.32913	-76.96947	248.91756	-18.844604	0	0	7.0	0.91721535	0.014290648	8000	5.191019773483276
2	27.267124	16.318026	90.0	5.0	7.171025	21.500261	107.067696	0.033684243	27.267124	2017.0588	0.16808824	5.1514487	0.5101144	7.1696434	2.0915742	3.866819	1.1357036	6.989195	-1.041733	1.1086464e-08	-0.0154429125	-9.918213e-08	0.18387856	264.7476	-98.29007	471.37683	-49.183655	0	0	9.0	0.9148759	0.014303849	12000	7.485605239868164
3	35.50893	18.893024	100.0	8.0	20.49448	34.63252	111.32954	0.0062767216	35.50893	4313.159	0.26957244	10.8626795	0.66975856	12.573626	7.723882	8.057544	1.6685188	12.67763	0.40316442	-2.0742416e-08	-0.0147471	8.964538e-08	0.23538633	248.39912	-59.775375	1032.3085	-180.27795	0	0	12.0	0.9119871	0.012925771	16000	9.782001256942749
4	50.405064	25.496347	136.0	11.0	35.680634	38.164642	113.031815	0.063074805	50.405064	7132.059	0.35660297	15.044054	1.0128713	16.787779	9.488473	16.322403	0.5552349	17.5255	13.601278	9.536743e-09	-0.015118595	5.7983397e-07	0.16849439	368.601	-69.91724	906.64813	-90.49182	0	0	79.0	0.9089172	0.005551852	20000	10.844017267227173
5	65.11475	27.120918	159.0	18.0	61.041954	36.36528	130.62395	0.15367311	65.11475	10856.322	0.45234677	18.502527	1.8803992	20.587729	7.7751794	20.9655	0.110640086	21.118685	20.405764	-1.6331672e-08	-0.008994987	-3.7956238e-07	0.060200345	411.69022	-72.187164	1054.3646	-131.44678	0	0	79.0	0.91094005	0.004731426	24000	13.457345247268677
6	77.960785	38.786476	220.0	12.0	68.09599	32.19406	142.85234	0.3810899	77.960785	14329.457	0.5117663	21.3525	2.961283	23.492594	-3.3837895	25.05378	0.14503445	25.352701	24.250841	-4.0769578e-08	-0.0078029786	-1.7738343e-07	0.006567647	560.3727	-80.557495	834.13464	-74.262146	0	0	79.0	0.91746545	0.0039339205	28000	16.0219407081604
7	98.925	43.843693	218.0	11.0	60.773243	30.529566	123.60418	0.37368762	98.925	16761.67	0.52380216	24.98044	2.9081256	26.192982	-3.6021466	27.710894	0.0654692	27.831587	27.364864	1.180172e-08	-0.0073176986	-6.6280364e-08	0.030637128	686.5733	-78.018616	406.76685	-8.497284	0	0	79.0	0.9034244	0.0027576026	32000	18.576461791992188
8	127.064514	51.528217	282.0	52.0	59.989002	24.653261	145.24849	21.30247	127.064514	18634.035	0.5176121	27.42264	3.214345	28.742271	-6.443761	28.67712	0.043387864	28.767948	28.45816	-1.001358e-08	-0.0069591897	5.4359436e-08	0.012054221	862.786	-105.484375	282.77637	-0.32806396	0	0	79.0	0.9056511	0.0036480858	36000	21.173992156982422
9	152.38461	66.43046	338.0	65.0	62.50799	20.793833	105.02596	14.420641	152.38461	20261.604	0.50654006	29.833765	4.125006	31.497547	-6.457249	28.552662	0.050154727	28.658016	28.27251	-3.6776065e-08	-0.0068690735	-1.001358e-07	-0.004766332	1027.8011	-116.52472	222.6875	-1.3668976	0	0	79.0	0.9185813	0.0046636644	40000	23.715975284576416
10	210.42105	179.08667	881.0	79.0	66.27646	28.953932	116.45365	4.079018	210.42105	21520.857	0.4891104	32.84694	3.5976667	34.189045	-8.265544	28.174875	0.06581335	28.304832	27.843311	1.2874604e-08	-0.0061931754	1.0204315e-07	-0.014331769	1694.7528	-192.92224	332.5681	-19.120056	0	0	79.0	0.94125974	0.0049852068	44000	26.402987480163574
11	287.46155	164.50374	704.0	111.0	71.55049	27.39953	121.11755	34.1984	287.46155	22557.498	0.46994787	37.136616	0.11583629	37.18881	35.442043	26.821606	0.16734375	27.135073	25.475166	3.4570693e-08	-0.0014982928	6.198883e-08	0.013866366	1827.5107	-184.82422	316.78265	-24.6221	0	0	79.0	0.93136704	0.0023286745	48000	29.02769708633423
12	371.9	208.39598	883.0	180.0	52.279083	14.970234	83.894394	33.487022	371.9	23103.96	0.44430694	40.016026	0.13757998	40.075325	38.387974	24.924786	1.157895	25.920017	12.296646	3.039837e-08	-0.0035421583	9.274483e-08	0.0040963185	1910.0968	-183.9928	214.0663	-74.14282	0	0	79.0	0.92525136	0.0037404813	52000	31.582276105880737
13	357.27274	259.971	908.0	103.0	74.64196	37.23602	160.58673	33.815952	357.27274	23952.691	0.42772663	42.715763	0.101792425	42.76824	41.714634	20.60594	4.2155166	23.914185	-14.458119	-3.8146974e-09	-0.0035436184	1.4591217e-07	-0.01129969	1831.4435	-148.54236	349.02524	-26.999115	0	0	79.0	0.91426593	0.003852638	56000	34.15717792510986
14	930.5	120.37753	1000.0	722.0	22.21065	5.3882365	30.084461	16.20928	930.5	24065.193	0.40108657	45.056362	0.032433346	45.08921	44.824215	18.939316	3.3249192	22.813969	-1.6666158	-3.0994414e-07	-0.004787581	-4.9591065e-08	-0.0033856393	2430.442	-260.73584	241.33897	-180.61922	0	0	79.0	0.93603504	0.0046316776	60000	36.80638265609741
15	773.5	392.3095	1000.0	94.0	21.711143	8.80662	31.218395	7.6414256	773.5	24176.457	0.37775713	47.916687	0.01214653	47.932594	47.860542	10.634161	3.4574382	18.466722	-3.7305737	-5.5551528e-08	-0.004097526	-2.193451e-08	-0.008505449	2256.1946	-224.51196	71.87775	-59.791183	0	0	79.0	0.94539636	0.0037313327	64000	39.49472260475159
16	926.5	127.30573	1000.0	706.0	26.599583	8.329392	40.262486	19.720709	926.5	24307.287	0.3574601	50.443596	0.042042308	50.47269	50.00883	4.2655277	1.4548336	8.078516	-0.43298835	-3.9577483e-08	-0.0031134873	4.9114227e-08	-0.009806535	1974.2875	-182.47424	11.578497	-3.1083937	0	0	7.0	0.93944514	0.016532848	68000	41.77727150917053
17	1000.0	0.0	1000.0	1000.0	33.53327	20.004501	66.19844	12.410121	1000.0	24441.42	0.33946416	52.677288	0.0075616217	52.68722	52.64427	3.9180322	0.73271203	5.8253975	1.7472597	-1.5687942e-07	-0.0022689106	3.0994416e-09	0.00030907372	1906.3295	-175.73291	12.479586	-0.8839121	0	0	79.0	0.9395496	0.0034743221	72000	42.84150743484497
18	1000.0	0.0	1000.0	1000.0	29.401014	11.063046	44.285004	13.775236	1000.0	24559.025	0.32314506	54.791462	0.0069830017	54.799725	54.719154	3.5266714	0.57798517	5.5192266	1.0288099	2.617836e-07	-0.0017898317	2.6226044e-09	-0.0061380733	1739.7906	-155.84814	7.0164	-0.7577181	0	0	10.0	0.97577274	0.013324427	76000	45.14196848869324
19	1000.0	0.0	1000.0	1000.0	18.775068	7.5778084	30.457878	9.241815	1000.0	24634.125	0.30792657	56.736618	0.015146412	56.756824	56.658367	2.2702935	0.46415186	3.675251	1.010798	5.002022e-07	-0.0021852336	1.3306737e-08	-0.00064714253	1593.114	-139.78638	1.7204605	-0.29865444	0	0	79.0	0.97851473	0.003845584	80000	47.73493504524231
20	1000.0	0.0	1000.0	1000.0	20.236027	5.330739	24.743591	11.219323	1000.0	24715.068	0.294227	58.576977	0.011334514	58.589386	58.50006	2.1158469	0.38022125	3.0052013	0.9870241	-4.8446657e-07	-0.0018102402	-1.04755165e-08	0.0018679649	1460.6069	-126.269165	2.4916005	-0.30117965	0	0	79.0	0.99340725	0.003816343	84000	50.568724632263184
21	886.0	197.4538	1000.0	544.0	28.519138	8.678858	42.55984	20.30299	886.0	24844.97	0.2823292	60.308727	0.008716926	60.320045	60.248463	1.9423993	0.26174718	2.7080855	1.1347796	-2.4080277e-08	-0.0071077417	2.1278858e-08	0.007213076	1269.3688	-100.95007	9.03382	-1.0944862	0	0	21.0	0.9834596	0.013180722	88000	52.96170973777771
22	695.6	374.20508	1000.0	188.0	50.80709	13.02168	68.16434	32.980515	695.6	25139.055	0.27325058	61.8596	0.017876878	61.8711	61.628494	2.544461	0.3444644	3.3975606	1.3147461	-5.698204e-08	-0.0048601567	3.8743018e-08	-0.010565202	1142.7135	-81.87219	57.482334	-15.315826	0	0	79.0	0.98263466	0.0042189243	92000	55.53975033760071
23	897.75	103.175514	1000.0	776.0	48.08876	20.141428	79.12022	23.15205	897.75	25393.355	0.26451412	63.26154	0.010698032	63.271053	63.184235	5.70191	0.69717884	7.592882	2.8630755	-4.0888786e-08	-0.003798896	2.4318695e-08	-0.005853728	1082.9263	-77.45477	35.045094	-0.51145935	0	0	7.0	0.97105193	0.014144195	96000	57.87559366226196
24	935.25	112.15029	1000.0	741.0	32.950127	14.022233	48.80637	15.540762	935.25	25542.709	0.2554271	64.62278	0.008158563	64.632225	64.56206	5.8299065	0.21029238	6.476969	4.812181	-6.9618224e-08	-0.0033886533	4.23193e-09	-0.006337301	1017.9526	-79.99005	14.519874	-4.961478	0	0	79.0	0.971888	0.005223569	100000	60.547961473464966
25	758.0	276.44983	1000.0	327.0	21.07336	11.25722	39.10357	9.66175	758.0	25646.021	0.24659637	66.01475	0.004117479	66.02157	65.984726	3.9420857	0.40084624	5.0624466	2.5670438	1.6212464e-08	-0.0047306987	-1.001358e-08	0.0034045102	942.20087	-66.814514	9.611902	-2.7608495	0	0	6.0	0.9958199	0.014422508	104000	62.870431900024414
26	873.75	218.67142	1000.0	495.0	28.044342	9.816361	44.936863	20.69931	873.75	25786.64	0.2387652	67.30273	0.0043081357	67.30812	67.258026	2.6179054	0.50206774	4.3432665	1.111021	-7.367134e-08	-0.0034335558	-1.5497207e-08	-0.003462269	872.77057	-68.90344	8.278189	-0.5907068	0	0	14.0	0.9955598	0.012785246	108000	65.21489977836609
27	861.5	239.88904	1000.0	446.0	64.09383	33.344227	110.76174	18.291414	861.5	26059.482	0.23267394	68.61209	0.0029835454	68.61583	68.58881	3.1690814	0.20337287	3.69954	2.4740689	-5.3167344e-08	-0.0040521733	3.4213066e-08	-0.016112728	808.3606	-64.32123	70.60653	-14.968338	0	0	79.0	0.99478054	0.006570733	112000	67.81634974479675
28	1000.0	0.0	1000.0	1000.0	26.766247	12.221444	47.04149	15.55027	1000.0	26166.549	0.2255737	69.887276	0.0033252693	69.891304	69.86801	4.9948826	1.7405608	9.27632	-0.08798054	4.5704843e-07	-0.0026671018	7.605553e-08	0.0064900755	771.88684	-71.132385	13.364802	-5.882618	0	0	7.0	0.97765315	0.013742062	116000	70.15655732154846
29	1000.0	0.0	1000.0	1000.0	26.090368	11.185889	42.9637	11.493217	1000.0	26270.91	0.21892425	71.23312	0.0013228274	71.235275	71.22698	3.6187315	0.9411668	5.9897876	1.2253536	-2.6392937e-07	-0.00407163	-1.3351441e-08	0.002486833	704.44135	-66.315735	5.054377	-1.7722311	0	0	79.0	0.9764898	0.003708249	120000	72.7989227771759
30	1000.0	0.0	1000.0	1000.0	28.352741	2.2139812	31.83176	26.075378	1000.0	26384.32	0.21277678	72.54564	0.0013343574	72.547646	72.53545	2.4832826	0.73124355	4.1212564	-0.19497666	1.5046596e-06	-0.0012969711	-1.0877848e-09	-0.006671154	641.63367	-61.226562	3.8583612	-0.16139317	0	0	79.0	0.9476098	0.0037773047	124000	73.97052788734436
31	1000.0	0.0	1000.0	1000.0	12.85937	2.9599354	17.739584	10.32352	1000.0	26435.758	0.20652936	73.81508	0.0011744964	73.817566	73.81051	2.1260533	0.5531994	3.5683024	0.54866946	-1.1239052e-06	-0.0029329965	-1.1026859e-09	-0.009059582	583.6663	-56.549316	2.2148216	-1.0152608	0	0	7.0	0.9486152	0.013009954	128000	76.38562989234924
32	1000.0	0.0	1000.0	1000.0	11.013832	3.370026	15.521502	7.0086327	1000.0	26479.812	0.20060465	75.04413	0.0017299358	75.04726	75.033035	1.05799	0.43404835	3.0446103	-0.481224	7.367134e-07	-0.0022499086	5.722046e-09	-0.0012572323	530.1581	-52.233826	1.5294037	-0.1448524	0	0	79.0	0.9477093	0.005378874	132000	78.98042273521423
33	1000.0	0.0	1000.0	1000.0	5.173129	1.9997318	8.548843	3.4119453	1000.0	26500.506	0.19485666	76.23797	0.0011364563	76.24075	76.233635	1.0511812	0.24124156	1.9205719	0.38681394	-1.0299683e-07	-0.0026010561	6.437302e-09	-0.001645571	480.6472	-48.21411	0.57290816	-0.262571	0	0	79.0	0.95624363	0.006063545	136000	81.57925844192505
34	1000.0	0.0	1000.0	1000.0	4.291136	0.9989383	5.401413	3.1911368	1000.0	26517.67	0.18941192	77.39508	0.0010280011	77.39723	77.389	0.594683	0.22047973	1.1848049	-0.215906	-3.6048888e-07	-0.0015639047	-2.7418137e-09	0.000106886386	434.9795	-44.48108	0.16019669	-0.041597813	0	0	79.0	0.9607615	0.004977866	140000	84.23482751846313
35	1000.0	0.0	1000.0	1000.0	9.847007	1.9678364	12.843777	7.3212533	1000.0	26557.059	0.18442401	78.518105	0.0010887966	78.52045	78.513115	0.4817259	0.23473895	1.3015788	-0.07836528	1.2779236e-07	-0.002246313	9.536744e-10	-0.0017364143	392.8342	-40.997375	0.7748223	-0.13087505	0	0	79.0	0.9575728	0.0054350006	144000	86.81121563911438
36	1000.0	0.0	1000.0	1000.0	13.716941	4.8452144	19.705574	6.1778026	1000.0	26611.926	0.17981032	79.607	0.0012456562	79.60962	79.60202	0.6824688	0.19420238	1.2197592	0.18904819	7.505417e-07	-0.0025366426	-2.3946166e-08	-0.00023507685	354.01736	-37.74774	1.3719716	-0.21349931	0	0	79.0	0.9600113	0.0033193126	148000	89.38320183753967
37	1000.0	0.0	1000.0	1000.0	13.847932	2.8974078	17.411392	10.878024	1000.0	26667.318	0.17544289	80.66415	0.0013687143	80.66678	80.65731	0.9788773	0.10103436	1.2566748	0.64225316	-8.8071823e-07	-0.0015688672	-7.987023e-09	0.00036023557	318.266	-34.70523	0.9547229	-0.08582193	0	0	79.0	0.9312639	0.002706631	152000	92.0368824005127
38	682.4	312.459	1000.0	173.0	13.063327	7.6051874	26.74523	6.007261	682.4	26751.92	0.17148666	81.69064	0.0014652242	81.69298	81.68307	1.2379705	0.13040213	1.6210272	0.74999654	-3.8146974e-09	-0.0074454416	-4.887581e-09	0.0019413374	408.02875	-12.510864	2.9301045	-0.2225995	0	0	18.0	0.91690266	0.014703959	156000	94.38175964355469
39	1000.0	0.0	1000.0	1000.0	11.9239235	1.6200671	13.3601465	9.292212	1000.0	26799.615	0.16749759	82.33858	0.0015790048	82.3413	82.33244	1.6255505	0.13522524	2.090466	1.168491	3.695488e-08	-0.0007608187	9.685754e-10	0.001970525	265.53513	-29.326187	0.79856354	-0.20360929	0	0	5.0	0.91559917	0.01543189	160000	96.70323896408081
40	1000.0	0.0	1000.0	1000.0	17.699465	2.2409449	21.12455	15.050207	1000.0	26870.412	0.16384397	83.28736	0.0019968785	83.29113	83.27805	1.1607153	0.16322257	1.757543	0.6574852	6.899834e-07	-0.0022319735	3.889203e-09	0.0010623928	237.76768	-28.118088	0.9900671	-0.33608818	0	0	79.0	0.9168104	0.0049746195	164000	99.44238376617432
41	1000.0	0.0	1000.0	1000.0	53.132088	26.071766	97.605576	32.716698	1000.0	27082.941	0.16120799	84.250015	0.0038574866	84.255325	84.23087	1.7102937	0.16827126	2.2218535	1.2403052	5.5575373e-07	-0.0018163285	1.7344952e-08	0.0053321943	211.166	-25.610092	35.606514	-12.103594	0	0	79.0	0.9141747	0.0046624807	168000	102.223623752594
42	702.6	372.0245	1000.0	127.0	92.981186	27.825556	137.35794	65.74884	702.6	27599.416	0.16046172	85.18064	0.004683645	85.187256	85.14774	5.4932575	1.3648292	8.852202	0.3058954	-1.2397766e-08	-0.0036594034	-3.6239623e-08	-0.026834685	356.7235	-7.0964966	108.749985	-30.19017	0	0	79.0	0.9240544	0.006478751	172000	103.25764060020447
43	803.75	339.91498	1000.0	215.0	45.90589	6.0791464	53.90721	38.891422	803.75	27813.791	0.15803291	85.70585	0.003803518	85.71089	85.66519	10.137511	1.8075405	16.599566	4.262202	-2.5510788e-08	-0.00468421	3.98159e-08	-0.019466447	232.79965	-14.8480835	30.743895	-20.38915	0	0	3.0	0.92967063	0.022092218	176000	105.61048078536987
44	1000.0	0.0	1000.0	1000.0	13.986477	5.7282815	21.279947	6.3890033	1000.0	27869.736	0.15483187	86.42742	0.0012080489	86.42951	86.422165	4.671014	1.2234766	8.560949	1.2226602	1.4209748e-07	-0.0013058954	3.361702e-08	-0.002229642	156.81721	-20.430496	12.413123	-10.403367	0	0	79.0	0.9296255	0.003461028	180000	108.21365189552307
45	1000.0	0.0	1000.0	1000.0	11.798887	2.1324477	14.209122	8.36339	1000.0	27916.932	0.15172246	87.29341	0.00103584	87.29553	87.28887	1.6563779	1.1449453	4.654267	-1.8445511	-4.3344497e-07	-0.003111823	1.4781952e-08	-0.0024415434	137.44228	-18.740654	1.8664231	-0.8352628	0	0	79.0	0.91501665	0.0053881747	184000	110.83934879302979
46	1000.0	0.0	1000.0	1000.0	11.722388	4.617544	18.980494	7.6750607	1000.0	27963.82	0.14874372	88.143654	0.0008184108	88.14534	88.13948	1.1430417	0.5963446	3.0528393	-1.3942692	1.8596648e-07	-0.0023622813	7.2717667e-09	-0.002827813	119.66288	-16.770988	1.8339616	-0.09920013	0	0	79.0	0.92298883	0.006412489	188000	113.43001675605774
47	1000.0	0.0	1000.0	1000.0	7.476028	1.2234173	9.153349	6.2792153	1000.0	27993.725	0.14580065	88.960205	0.00067122857	88.961555	88.957405	0.7823833	0.5817957	2.372032	-1.270786	-5.004406e-07	-0.0035203914	-3.1590461e-09	-0.0005242849	103.74871	-14.957153	0.6410074	-0.08886045	0	0	79.0	0.902456	0.0063426	192000	116.02269840240479
48	1000.0	0.0	1000.0	1000.0	9.772321	2.6312819	13.918692	7.4775524	1000.0	28032.814	0.14302456	89.74294	0.0007419974	89.744225	89.73874	0.6330657	0.5692331	2.2612529	-0.9208255	2.0933152e-07	-0.00197367	1.26361845e-08	-5.97018e-05	89.55849	-13.290176	0.91490775	-0.20288825	0	0	79.0	0.89491856	0.0022215093	196000	118.61555480957031
49	1000.0	0.0	1000.0	1000.0	12.637052	1.7608988	15.14689	10.591007	1000.0	28083.363	0.14041682	90.492424	0.00078976905	90.49371	90.488976	0.86519396	0.44789022	2.0793395	-0.2734707	-1.0101795e-06	-0.0022873848	1.3113022e-08	-0.0008328663	76.9487	-11.7619095	1.4867721	-0.15012264	0	0	79.0	0.8699312	0.0051823244	200000	121.23340511322021
50	1000.0	0.0	1000.0	1000.0	14.502239	9.849099	28.788818	4.2249575	1000.0	28141.371	0.1379479	91.209274	0.00061523245	91.21054	91.20702	0.90341496	0.32012683	1.6888741	-0.07018746	-2.4747848e-07	-0.0016422715	-9.298325e-09	0.00029520746	65.781876	-10.363075	3.2685084	-0.8546393	0	0	8.0	0.887263	0.012852286	204000	123.68422937393188
51	918.0	142.02817	1000.0	672.0	65.631195	22.451555	86.826515	28.068306	918.0	28425.652	0.13666178	91.89367	0.0004418521	91.89438	91.891846	1.5514295	0.18859993	2.2413404	0.9670019	-2.6226044e-09	-0.0052014524	1.6736985e-07	-0.021496758	139.10748	-4.203964	43.24797	-26.659718	0	0	3.0	0.8879711	0.022683967	208000	126.00821042060852
52	1000.0	0.0	1000.0	1000.0	16.238777	8.497102	30.371397	7.83627	1000.0	28490.607	0.13438965	92.34903	0.0004644466	92.349945	92.346954	5.2881308	1.0075539	7.9456515	2.510732	-5.731583e-07	-0.002045118	-3.7670137e-08	-0.0024080272	49.830273	-8.073181	14.1385355	-12.050814	0	0	79.0	0.8882183	0.0037190763	212000	128.6199300289154
53	1000.0	0.0	1000.0	1000.0	19.976658	7.4566207	29.97621	11.507602	1000.0	28570.514	0.1322709	92.961525	0.00064420514	92.962776	92.95868	1.6655047	0.68425626	3.4215257	-0.08328098	5.5551528e-08	-0.002869325	6.8545343e-09	0.0072982777	42.171616	-7.3181305	4.3943458	-0.07065153	0	0	79.0	0.89062876	0.0049898354	216000	131.24441289901733
54	1000.0	0.0	1000.0	1000.0	35.583828	11.167804	48.249565	18.550367	1000.0	28712.85	0.13051295	93.56805	0.00040255205	93.56881	93.56644	2.1559513	0.5896049	3.910353	0.82268107	-4.9304964e-07	-0.0009462466	-2.8192996e-08	-0.004969072	35.216827	-6.308485	9.219365	-1.5813317	0	0	7.0	0.88817006	0.013342527	220000	133.6061806678772
55	1000.0	0.0	1000.0	1000.0	32.767387	9.109465	45.658382	21.204937	1000.0	28843.918	0.12876749	94.14049	0.0004687577	94.141335	94.13851	3.1234748	0.8244746	5.7604465	0.65864795	2.9850005e-07	-0.0017498627	1.4305114e-08	-0.005778788	29.227007	-5.4070454	5.813709	-0.16615057	0	0	79.0	0.88830334	0.0026782246	224000	134.61518144607544
56	1000.0	0.0	1000.0	1000.0	10.488817	3.1240654	14.08714	6.059749	1000.0	28885.875	0.12669243	94.67954	0.0007562072	94.68075	94.67582	2.4674942	0.8107823	4.568522	0.3090546	8.5830685e-09	-0.0046790396	1.7523766e-08	-0.00077385665	24.097313	-4.6057568	2.551561	-1.7574766	0	0	79.0	0.908027	0.009318466	228000	137.1647026538849
57	779.6	275.23486	1000.0	364.0	38.45063	11.572283	58.993103	27.894173	779.6	29082.096	0.12535386	95.18447	0.0035941123	95.18818	95.156525	0.6261006	0.9089546	3.1165652	-1.8429013	1.07288365e-08	-0.0026383093	4.172325e-08	-0.019025385	219.27722	-0.0149383545	32.699978	-19.07674	0	0	5.0	0.94892	0.012659506	232000	139.56216192245483
58	1000.0	0.0	1000.0	1000.0	15.818476	7.8426356	27.009289	5.084404	1000.0	29145.37	0.12349733	95.18938	0.00065416825	95.19052	95.18575	3.3031368	0.74405146	5.387527	0.9145164	-1.0538101e-07	-0.0026703207	-5.2452087e-09	0.0010410586	19.700094	-3.5814152	4.3930926	-2.5585728	0	0	79.0	0.9503937	0.002324573	236000	142.14999103546143
59	1000.0	0.0	1000.0	1000.0	13.962763	3.8467147	20.137033	9.595481	1000.0	29201.22	0.12167175	95.62405	0.00076694175	95.62543	95.62124	2.1398807	0.5531848	3.2798836	0.47880435	3.170967e-08	-0.0016071855	-9.000301e-09	-0.0001793038	16.300951	-3.4496136	1.7675047	-0.89555806	0	0	79.0	0.96109486	0.0029467063	240000	144.77419233322144
60	529.8571	314.25122	1000.0	236.0	60.05852	37.51839	134.37549	15.574678	529.8571	29646.05	0.12150021	96.08934	0.000811138	96.0905	96.085075	1.2842747	0.39529723	2.1632679	0.09466	7.1525574e-10	-0.0034319027	2.5975703e-07	-0.0059352145	535.0807	-12.832275	236.60445	-100.77835	0	0	79.0	0.9560364	0.0044748336	244000	147.51426434516907
61	676.4	300.66965	1000.0	314.0	78.48545	33.459515	139.18898	39.117214	676.4	30134.246	0.12150906	95.25601	0.0005379584	95.25671	95.25274	11.453658	2.351296	15.822716	3.6541002	5.4836273e-09	-0.003994256	5.0783157e-08	-0.0046867062	320.3394	-2.1975403	68.67568	-2.2201233	0	0	79.0	0.99560845	0.0046218126	248000	150.07292819023132
62	1000.0	0.0	1000.0	1000.0	80.20179	22.053888	104.649994	47.151062	1000.0	30455.053	0.12085339	94.84007	0.0003509428	94.840645	94.838234	11.700177	1.9678619	15.70784	5.7437115	8.933544e-07	-0.0012382026	3.9339067e-08	0.00571174	22.664804	-4.4333706	39.54217	-12.550102	0	0	79.0	1.0287672	0.0032916619	252000	152.63712358474731
63	1000.0	0.0	1000.0	1000.0	78.88405	16.161358	106.52704	66.565025	1000.0	30770.59	0.12019762	95.34418	0.00031560258	95.34473	95.34261	7.996662	1.820988	12.478088	2.3198957	3.3926963e-07	-0.0008893725	-5.7816507e-08	-0.00062838034	18.452593	-4.3915596	37.57684	-1.1436081	0	0	79.0	1.0347729	0.0023412823	256000	155.27030110359192
64	1000.0	0.0	1000.0	1000.0	88.294136	22.121408	120.15475	62.294346	1000.0	31123.766	0.11970679	95.90513	0.00032062907	95.90569	95.90354	7.2344255	2.2119799	13.290374	0.026206508	9.655953e-07	-0.0019026739	-2.9206277e-08	0.015445666	14.274048	-3.50387	53.380947	-0.699173	0	0	79.0	1.0321168	0.0040235855	260000	157.87054777145386
65	848.75	261.9727	1000.0	395.0	93.19843	27.237259	130.30342	56.63823	848.75	31527.795	0.119423464	96.41521	0.0003963306	96.41584	96.412445	7.5916204	2.5543046	13.196002	0.41201037	7.390976e-09	-0.0027755173	-3.004074e-08	-0.015266414	116.61719	-0.21985626	44.398453	-1.8641243	0	0	79.0	1.0321587	0.007195914	264000	160.49546790122986
66	670.2	404.94464	1000.0	130.0	56.05431	8.990977	68.34267	42.411995	670.2	31881.572	0.11896109	96.5664	0.0005291134	96.5673	96.56408	8.485	2.5713482	15.155578	-0.25057948	-4.7683715e-09	-0.0035812254	-2.5212765e-08	-0.037008494	218.27325	-0.19293213	51.005455	-1.295063	0	0	79.0	1.0121429	0.00634704	268000	163.0861415863037
67	1000.0	0.0	1000.0	1000.0	25.518791	2.0550597	28.716206	23.711834	1000.0	31983.646	0.11758693	96.45418	0.00075703743	96.45509	96.44899	6.951518	2.1110282	12.546083	0.6523288	7.1167943e-07	-0.0017280852	-1.1444092e-08	-0.0026250745	10.703	-2.5511732	21.974834	-18.443632	0	0	79.0	0.9826452	0.002719299	272000	164.1125099658966
68	1000.0	0.0	1000.0	1000.0	35.46548	4.2923775	42.883923	32.53145	1000.0	32125.508	0.11639677	96.88233	0.00043916222	96.88312	96.880066	2.9763188	1.7365824	7.347537	-1.8469578	-9.0861323e-07	-0.0017092605	1.7166137e-08	8.353663e-05	8.274282	-2.3175082	6.5854344	-0.7933006	0	0	79.0	0.9605305	0.0035872164	276000	166.69901728630066
69	1000.0	0.0	1000.0	1000.0	36.949646	9.33978	47.42855	25.986856	1000.0	32273.307	0.11526181	97.33039	0.0006420196	97.331436	97.32783	3.3730326	2.0059178	9.127097	-1.7291993	-6.437302e-09	-0.0019382928	7.629395e-09	0.0011144688	6.0669336	-1.7536526	6.3476753	-0.5206404	0	0	79.0	0.94665533	0.0034057836	280000	169.43637704849243
