Epoch	AverageEpRet	StdEpRet	MaxEpRet	MinEpRet	AverageEpCost	StdEpCost	MaxEpCost	MinEpCost	EpLen	CumulativeCost	CostRate	AverageVVals	StdVVals	MaxVVals	MinVVals	AverageCostVVals	StdCostVVals	MaxCostVVals	MinCostVVals	LossPi	DeltaLossPi	SurrCost	DeltaSurrCost	LossV	DeltaLossV	LossVC	DeltaLossVC	Penalty	DeltaPenalty	StopIter	Entropy	KL	TotalEnvInteracts	Time
0	15.279694	9.010122	49.0	4.0	3.243816	15.426511	128.74055	0.07401396	15.279694	847.08386	0.21177097	0.00025698423	0.10954983	0.38738245	-0.41121483	0.004620789	0.15013228	0.5090536	-0.5189087	-5.2213668e-08	-0.0209885	6.771088e-08	0.08056468	154.60446	-20.51236	379.63742	-13.727631	0	0	5.0	0.9189385	0.018727493	4000	4.047831058502197
1	20.065327	11.289732	59.0	5.0	6.8647447	22.574425	120.338936	0.047297727	20.065327	2213.4407	0.27668008	1.0122125	0.6947157	3.7927396	-2.1798177	0.69602025	0.8514905	4.2131643	-3.4099994	3.0755995e-08	-0.0111690825	5.2165984e-07	0.1541215	207.92807	-73.68387	652.911	-40.57556	0	0	7.0	0.91725147	0.01379513	8000	7.903537034988403
2	24.937107	15.293229	111.0	5.0	8.360408	23.115395	130.16144	0.0722054	24.937107	3543.319	0.29527658	4.822707	0.4828282	6.2207885	2.676132	3.4370148	0.89220154	7.064257	-0.6249263	9.1910366e-08	-0.017184535	2.4700165e-07	0.17316549	243.2848	-86.75569	581.4135	-54.386536	0	0	9.0	0.91496044	0.015586413	12000	11.833628416061401
3	34.61739	16.640749	99.0	10.0	25.875032	39.178135	125.50038	0.0078622075	34.61739	6519.4023	0.40746266	10.462339	0.7983447	12.406917	6.3028307	8.453258	1.965426	13.503749	-1.0203001	9.059906e-09	-0.013446696	2.07901e-07	0.34035063	219.13213	-53.80641	1311.0392	-202.08398	0	0	13.0	0.9121618	0.0123956725	16000	15.818540811538696
4	43.195652	18.503372	98.0	12.0	53.078636	45.605946	150.53532	0.064835764	43.195652	11402.797	0.5701398	14.769131	0.4482593	15.77321	12.480872	16.137537	0.6062487	17.502367	13.313487	1.4305115e-09	-0.01295764	9.19342e-07	0.23708725	229.87901	-35.42282	1862.0496	-287.42944	0	0	79.0	0.90849024	0.006522613	20000	20.168891668319702
5	58.367645	23.872149	147.0	21.0	70.15334	41.922577	187.81638	0.43909472	58.367645	16176.757	0.67403156	17.991922	0.3090366	18.83617	16.751379	21.904345	0.1390734	22.258284	21.223452	1.2040139e-08	-0.008747893	1.8310547e-07	0.0938137	349.02933	-64.27908	1544.8536	-137.07288	0	0	79.0	0.9058629	0.003775231	24000	24.456796646118164
6	67.72881	29.510601	138.0	12.0	68.80716	31.94982	128.99294	0.44268194	67.72881	20236.393	0.7227283	20.609941	2.2155788	22.65271	3.4467819	24.995201	0.060931344	25.138891	24.655972	-2.6106834e-08	-0.009211096	1.1720657e-06	0.03406317	406.0047	-68.56641	902.98987	-71.58142	0	0	79.0	0.9080025	0.0054677795	28000	28.831342935562134
7	92.0	55.93185	281.0	13.0	72.7934	27.129595	129.60411	0.46786866	92.0	23369.055	0.73028296	24.080652	2.9424393	25.472586	-4.799855	27.033762	0.07703387	27.216446	26.631557	5.00679e-09	-0.0046593235	-2.4223328e-07	-0.015707403	809.7875	-103.54169	622.6285	-21.923279	0	0	79.0	0.8913873	0.0028639655	32000	33.3485643863678
8	110.05556	59.00845	285.0	35.0	73.49655	30.256828	140.47218	5.4613686	110.05556	26022.209	0.7228391	27.534288	2.645477	28.61346	1.7442019	28.209005	0.040958557	28.312168	28.043745	-2.1457671e-09	-0.004791959	-2.002716e-07	-0.019308602	835.81085	-91.54431	573.1028	-7.5113525	0	0	79.0	0.8946871	0.0032180657	36000	37.761908531188965
9	133.86208	66.74126	279.0	40.0	63.568764	23.6397	109.13968	26.092915	133.86208	27881.553	0.6970388	30.26526	2.8588707	31.356989	-3.0696805	28.901	0.02923635	28.979214	28.768587	-4.529953e-09	-0.008610868	-1.8835069e-08	-0.08077123	965.8283	-104.31799	326.51312	-0.69299316	0	0	79.0	0.880373	0.0055519524	40000	42.153053522109985
10	159.64	94.32831	483.0	43.0	66.06368	27.680948	128.74841	3.3745828	159.64	29533.27	0.67121065	33.51365	2.3517058	34.04343	-15.109194	28.788609	0.04586931	28.902143	28.558546	1.692772e-08	-0.007172292	-9.059906e-08	-0.014708612	1168.6646	-109.118286	334.995	-3.8596802	0	0	79.0	0.9151357	0.005460965	44000	46.75422286987305
11	248.0625	124.41737	483.0	73.0	67.148796	22.957489	106.917366	29.732115	248.0625	30607.98	0.6376663	36.416466	0.6745669	36.63382	28.808584	28.302181	0.09748985	28.48437	27.657995	-6.0915944e-08	-0.0032416563	1.3828277e-08	0.008655517	1604.3163	-169.60205	286.18613	-25.031372	0	0	79.0	0.93735635	0.0037819701	48000	51.11823534965515
12	299.45456	240.55328	919.0	106.0	64.75772	20.058805	101.41595	26.811586	299.45456	31369.191	0.60325366	39.202988	1.0445951	39.633053	25.621544	26.826876	0.6663487	27.381643	17.134935	4.696846e-08	-0.0064807967	-2.6082992e-07	-0.01697218	2027.063	-241.15698	339.67554	-50.2955	0	0	79.0	0.9308134	0.0039429143	52000	55.55680966377258
13	568.6667	428.0462	1000.0	56.0	38.950424	17.478905	71.85667	14.563956	568.6667	31692.832	0.5659434	42.38847	1.1790249	42.767742	28.150465	24.04793	3.5065906	25.858595	-17.84603	-5.7697296e-08	-0.007901824	-4.2915343e-07	-0.0069129257	2521.1453	-313.64624	351.22006	-91.856445	0	0	79.0	0.946017	0.0067179427	56000	59.93525290489197
14	1000.0	0.0	1000.0	1000.0	40.442444	13.140513	54.14864	19.17089	1000.0	31854.602	0.53091	45.897686	0.07765587	45.94058	44.913544	19.401453	7.2068806	23.993807	-21.550407	-7.3862077e-07	-0.0035020162	2.3651123e-07	-0.022790425	2491.7466	-277.53955	282.46286	-104.90776	0	0	79.0	0.9349053	0.0039373813	60000	64.40079975128174
15	567.7143	370.82214	1000.0	135.0	44.75545	9.472334	59.827457	26.430897	567.7143	32171.695	0.50268275	48.83328	0.080937974	48.860767	47.313095	15.541156	6.5689034	22.270344	-16.518286	-4.4584276e-08	-0.0056797937	-1.7547607e-07	-0.017945936	1881.9938	-154.8966	163.05048	-86.57327	0	0	22.0	0.92673594	0.012004639	64000	68.63361883163452
16	926.0	128.17175	1000.0	704.0	43.07882	8.098597	52.66343	31.10568	926.0	32359.98	0.47588205	50.935097	0.14716086	50.99389	49.211155	11.360447	3.663431	19.048426	-6.250665	-1.0085106e-07	-0.0044296607	-3.051758e-08	-0.015302402	1934.1003	-178.24939	71.78928	-55.819363	0	0	6.0	0.9279516	0.017339977	68000	72.09899091720581
17	1000.0	0.0	1000.0	1000.0	42.330917	16.272842	70.30552	30.597094	1000.0	32529.305	0.4517959	53.15865	0.023775892	53.17328	52.861988	6.2963037	1.0786781	9.762677	2.300666	-1.7881394e-08	-0.0021689255	-6.6757204e-09	-0.004962991	1867.7283	-174.59863	22.00238	-6.1970434	0	0	79.0	0.9289008	0.0035632306	72000	75.81749510765076
18	1000.0	0.0	1000.0	1000.0	32.159966	11.193821	43.34771	17.280598	1000.0	32657.945	0.4297098	55.283382	0.025228562	55.293026	54.872173	4.523001	0.5657718	6.4986963	2.3176773	-1.5163421e-07	-0.0018385543	-6.9141386e-09	0.002105305	1702.1183	-154.4989	11.827823	-3.258936	0	0	12.0	0.95830894	0.012007142	76000	79.8964455127716
19	1000.0	0.0	1000.0	1000.0	26.231712	8.062782	39.616367	18.032183	1000.0	32762.871	0.40953588	57.235	0.028498393	57.2572	56.96903	3.2987144	0.24057925	4.007497	2.427579	6.7472456e-08	-0.0021023843	4.708767e-09	-0.001916603	1556.5839	-138.31555	3.5178301	-0.53517914	0	0	79.0	0.96091723	0.004427763	80000	84.15800595283508
20	1000.0	0.0	1000.0	1000.0	30.043314	6.3115454	34.263985	19.1675	1000.0	32883.047	0.39146483	59.07924	0.02488744	59.091972	58.79174	2.7094595	0.30633798	3.446217	1.8385854	-4.67062e-07	-0.0018577459	-8.746982e-09	0.003476156	1425.3947	-124.76904	5.389204	-0.065368176	0	0	79.0	0.97373974	0.004307106	84000	88.23518490791321
21	644.8333	351.57806	1000.0	215.0	31.030579	7.113799	39.949055	17.755306	644.8333	33077.72	0.37588316	60.81048	0.024861615	60.823326	60.503384	2.6173837	0.3462659	3.6330934	1.6890552	9.894371e-09	-0.008243651	1.6063451e-08	-0.0025238986	1133.5613	-69.77356	9.595742	-1.6411304	0	0	12.0	0.9644252	0.013960343	88000	92.26215434074402
22	1000.0	0.0	1000.0	1000.0	33.247536	4.499661	40.672157	29.631983	1000.0	33210.707	0.36098593	62.135326	0.008860476	62.142323	62.0804	3.5680606	0.26233432	4.4191384	2.6450465	-2.4175645e-07	-0.0029770795	-8.8214875e-09	-0.00091172516	1220.4958	-104.95862	7.3604903	-0.42484188	0	0	79.0	0.96411145	0.0062877554	92000	96.75828790664673
23	395.0	302.389	1000.0	91.0	85.88141	31.299421	152.652	42.23443	395.0	34059.375	0.35478514	63.714363	0.0037675702	63.716526	63.68026	2.8797886	0.26311672	3.6495752	2.169334	-7.212162e-09	-0.0031510855	1.9991398e-07	-0.03657174	921.3071	-30.620361	429.89285	-166.89786	0	0	79.0	0.9671945	0.004103619	96000	101.24693655967712
24	650.0	350.3032	1000.0	279.0	58.73154	33.876133	103.50519	16.874908	650.0	34414.457	0.34414458	64.624306	0.006630418	64.62832	64.56532	12.0206995	2.0878935	17.642437	4.174874	8.428097e-08	-0.002463515	-1.26361845e-08	-0.016257515	955.36176	-58.623535	99.94733	-17.577774	0	0	9.0	0.96665156	0.012038826	100000	104.59544253349304
