Epoch	AverageEpRet	StdEpRet	MaxEpRet	MinEpRet	AverageEpCost	StdEpCost	MaxEpCost	MinEpCost	EpLen	CumulativeCost	CostRate	AverageVVals	StdVVals	MaxVVals	MinVVals	AverageCostVVals	StdCostVVals	MaxCostVVals	MinCostVVals	LossPi	DeltaLossPi	SurrCost	DeltaSurrCost	LossV	DeltaLossV	LossVC	DeltaLossVC	Penalty	DeltaPenalty	StopIter	Entropy	KL	TotalEnvInteracts	Time
0	14.973684	9.259179	66.0	5.0	1.4321516	7.58519	92.89312	0.025402185	14.973684	381.01416	0.09525354	0.0014874579	0.10862279	0.4353395	-0.37763837	0.0046916064	0.1511105	0.51015043	-0.47728398	2.3841858e-08	-0.0179944	3.1471252e-08	0.03706111	159.788	-20.36119	111.63853	-4.400421	0	0	5.0	0.9189385	0.018051185	4000	4.349069595336914
1	20.19192	12.256663	67.0	6.0	4.126006	16.184174	125.49773	0.017671855	20.19192	1197.9655	0.14974569	1.0140684	0.7750761	4.052619	-2.4820616	0.90200734	0.47937652	3.2093787	-1.4199659	9.167194e-08	-0.01679411	2.8514862e-07	0.08461745	230.60678	-77.102936	358.5716	-28.46576	0	0	7.0	0.91717565	0.01575481	8000	8.487663984298706
2	25.863636	15.915796	99.0	5.0	7.2737055	21.997261	136.06743	0.020458408	25.863636	2318.1956	0.19318296	4.9123373	0.6680594	7.634577	2.4143846	4.606137	1.2697467	9.331203	-2.2066355	-5.185604e-08	-0.016369607	-4.863739e-08	0.21117128	254.66248	-92.38672	516.60266	-36.37906	0	0	8.0	0.9150327	0.014328707	12000	10.838468551635742
3	36.59633	17.675007	94.0	8.0	22.072725	36.479748	123.36052	0.008592564	36.59633	4724.1323	0.29525828	10.56477	0.5716202	11.935849	8.349803	9.696647	1.2874415	12.694533	2.751131	-2.1457671e-09	-0.0136513105	9.679794e-08	0.2396129	243.65393	-62.52495	1059.0958	-131.0788	0	0	11.0	0.9127519	0.013145771	16000	14.926279544830322
4	47.47619	21.059145	117.0	13.0	40.300827	42.010933	123.046844	0.05189896	47.47619	8109.419	0.40547094	14.881605	0.838336	16.336409	10.502634	16.864801	0.28535086	17.510794	15.359236	1.7523766e-08	-0.0151636405	-3.9672852e-07	0.13558464	283.34988	-54.31343	1220.2593	-140.32312	0	0	79.0	0.90992016	0.0061132475	20000	19.46210265159607
5	62.03125	25.013102	116.0	14.0	49.63835	42.17839	148.59853	0.05332957	62.03125	11287.708	0.47032118	18.004793	2.2541943	20.25096	4.042626	21.8545	0.072453886	21.971743	21.151358	-1.2874604e-08	-0.01319092	-3.0326842e-07	0.085624315	369.3719	-65.110016	1008.77075	-52.644775	0	0	79.0	0.9116612	0.0066565485	24000	23.72936224937439
6	89.431816	42.34995	246.0	13.0	56.14319	38.140835	173.89218	0.11622786	89.431816	13766.047	0.49164453	21.029543	2.8468597	23.131737	1.4940915	24.342579	0.1806943	24.683727	23.144375	7.718801e-08	-0.008480538	2.6798247e-07	0.057199646	704.26215	-115.40662	627.5756	-16.469727	0	0	79.0	0.9179548	0.0039306176	28000	28.020282983779907
7	105.10526	50.90848	239.0	28.0	64.418365	38.716022	150.63654	0.1457193	105.10526	16214.005	0.50668764	25.27377	2.2514844	26.331118	2.8650346	25.747375	0.062812515	25.900364	25.40421	-2.3841858e-08	-0.00697179	2.6226044e-07	0.034644216	814.4342	-94.98364	623.9697	-10.014832	0	0	79.0	0.89795744	0.003430721	32000	32.75319027900696
8	116.20588	48.40563	286.0	68.0	69.88152	27.821918	122.81866	7.8087945	116.20588	18600.56	0.51668227	28.260542	2.415397	29.062183	-6.767681	26.817484	0.0757948	26.953798	26.263699	7.2717667e-09	-0.0046322523	-2.5606155e-07	0.031421788	747.1119	-69.62262	399.6544	-20.84842	0	0	79.0	0.9063728	0.0035350628	36000	37.59582734107971
9	144.88889	56.789623	266.0	67.0	66.66556	23.785471	110.685974	31.069191	144.88889	20401.197	0.5100299	30.945295	1.3438773	31.329874	8.778634	28.37507	0.08741788	28.557749	27.747814	-2.1457673e-08	-0.0070922137	2.8371812e-08	-0.011865462	959.57104	-92.35278	273.60324	-0.1390686	0	0	79.0	0.895151	0.0049893414	40000	40.66962385177612
10	128.25807	57.58022	298.0	28.0	68.716324	41.138165	191.7667	4.532945	128.25807	22531.928	0.51208925	33.582375	0.78478587	33.77482	19.038181	28.548677	0.12510587	28.754929	27.33432	-8.5830685e-09	-0.0043096417	-3.194809e-08	0.029897476	768.83307	-48.35547	556.79755	-3.6924438	0	0	79.0	0.9224262	0.0036016055	44000	45.36073327064514
11	218.76471	91.98244	388.0	84.0	65.4639	31.22392	148.14125	25.73692	218.76471	23698.316	0.49371493	35.480938	0.12129227	35.555687	34.113983	28.99157	0.2905389	29.277222	25.575953	5.465746e-08	-0.0050345506	9.417534e-08	0.00376139	1471.2727	-154.026	279.49826	-27.807098	0	0	79.0	0.9113077	0.0035796103	48000	49.76895093917847
12	360.45456	209.47873	895.0	105.0	52.466953	24.814117	109.76497	18.791462	360.45456	24286.357	0.46704534	38.20811	0.6236158	38.45232	30.789555	26.201824	3.8531578	27.885572	-15.173655	1.194477e-07	-0.0060220165	-1.8548965e-07	0.0077785933	2025.0563	-234.82239	274.13263	-101.99425	0	0	79.0	0.91414785	0.006664494	52000	54.275439739227295
13	486.2857	381.67963	1000.0	75.0	63.53797	23.225887	92.93383	34.61624	486.2857	24781.807	0.44253227	41.60131	0.043021854	41.636818	41.31137	21.986086	4.3394566	25.152184	-12.751566	1.6003847e-08	-0.0041566305	4.9591065e-08	-0.050512113	2396.447	-261.04956	288.5294	-107.15552	0	0	5.0	0.8984601	0.0148883965	56000	58.416011810302734
14	962.75	64.51889	1000.0	851.0	42.32801	13.799927	56.67105	21.201643	962.75	24964.494	0.4160749	44.720825	0.039946683	44.771088	44.452408	17.11715	4.1949525	22.882145	-3.760635	-2.6822091e-09	-0.0041730995	-8.392334e-08	0.0066730385	2482.624	-275.188	198.22763	-165.04973	0	0	79.0	0.8983658	0.004137979	60000	62.74538779258728
15	1000.0	0.0	1000.0	1000.0	23.125355	5.5305734	32.526077	18.440487	1000.0	25056.996	0.39151555	47.714905	0.009871176	47.731987	47.666054	7.1395826	0.74931186	9.241652	4.6548753	-1.6689301e-09	-0.002528821	-2.2649764e-09	-0.006766347	2327.1785	-240.49487	27.299574	-20.64272	0	0	10.0	0.8767724	0.011415533	64000	66.83727097511292
16	1000.0	0.0	1000.0	1000.0	35.650776	7.296855	47.151146	26.924757	1000.0	25199.6	0.37058234	50.330734	0.019155635	50.352386	50.20236	3.5489058	0.43860474	4.9640403	2.0038285	5.38826e-07	-0.0021347373	-5.2452087e-09	0.002025423	2100.135	-202.16626	8.974527	-1.4478221	0	0	79.0	0.8742259	0.0044307145	68000	71.04401326179504
17	673.2	400.25912	1000.0	178.0	51.913258	10.681195	64.89769	33.179398	673.2	25541.152	0.35473824	52.655018	0.008509865	52.666557	52.615784	3.0327148	0.6449099	4.528357	1.0775347	6.1273575e-08	-0.0024897375	-4.005432e-08	-0.04172162	1754.2268	-144.93701	89.17969	-25.241375	0	0	8.0	0.8720057	0.0126560675	72000	73.3807578086853
18	968.75	54.126587	1000.0	875.0	30.23224	15.359784	49.76967	11.123847	968.75	25699.395	0.33814994	54.582424	0.007068056	54.593853	54.50958	5.6250763	1.1561527	9.012297	0.76482415	1.0585785e-07	-0.0027197797	-2.3841857e-09	-0.008146958	1681.2228	-141.21802	35.045174	-8.871885	0	0	79.0	0.8733437	0.005141369	76000	77.6518931388855
19	1000.0	0.0	1000.0	1000.0	19.083708	6.4148464	27.736635	11.928581	1000.0	25775.73	0.32219663	56.45039	0.004679243	56.458935	56.42984	3.9278457	0.7182648	5.779093	1.8982682	2.8538705e-07	-0.00214789	1.9073486e-08	0.00255756	1614.4175	-141.64697	6.852152	-3.8043733	0	0	79.0	0.8623839	0.0044273166	80000	81.86537909507751
20	1000.0	0.0	1000.0	1000.0	20.176573	3.9862416	23.012709	13.34706	1000.0	25856.436	0.30781472	58.29996	0.0043142457	58.307198	58.275074	2.6717188	0.6419784	4.25229	0.43235058	5.1283837e-07	-0.0021965476	1.2814999e-08	-0.00021632905	1480.2332	-128.61438	2.4231462	-0.69013345	0	0	79.0	0.8714681	0.0034632788	84000	86.14115715026855
21	1000.0	0.0	1000.0	1000.0	17.247866	5.6694975	22.490656	8.561872	1000.0	25925.428	0.29460713	60.052753	0.002990213	60.05907	60.0353	2.1616435	0.3553455	3.1982465	1.1256388	-1.4829635e-07	-0.0014800295	-9.1046095e-09	7.1647686e-05	1358.4277	-117.00073	3.265424	-0.2852502	0	0	79.0	0.86346495	0.004553784	88000	90.35611629486084
22	1000.0	0.0	1000.0	1000.0	19.725826	1.911902	22.820602	17.709942	1000.0	26004.33	0.28265578	61.716473	0.0025856867	61.721916	61.706234	1.8248268	0.23797065	2.4852462	1.2459296	4.1699408e-07	-0.0019364288	-1.1324882e-09	0.0048027565	1247.6329	-107.08594	2.2156143	-0.036732435	0	0	10.0	0.8560849	0.011350298	92000	94.40217590332031
23	355.7	279.50064	1000.0	98.0	85.8811	28.590557	125.03153	42.756725	355.7	26933.172	0.28055388	63.30816	0.0017124101	63.3113	63.29953	1.9762441	0.23332162	2.7016692	1.301465	-3.194809e-08	-0.0028126931	2.7561188e-07	-0.026074154	896.0262	-24.420654	481.633	-260.16028	0	0	79.0	0.8563327	0.0042191152	96000	98.6136462688446
24	546.1667	243.04211	1000.0	305.0	102.11295	29.057167	153.27878	69.98775	546.1667	27575.041	0.2757504	64.1216	0.0016333882	64.12446	64.112816	15.079953	2.5577605	19.458633	5.4169016	-2.1100044e-08	-0.0012135068	-2.503395e-09	-0.0115854	937.2587	-43.99939	114.23806	-2.805542	0	0	79.0	0.8631312	0.0026197834	100000	102.81962776184082
25	693.0	358.72607	1000.0	219.0	51.43274	19.811731	79.10056	29.525038	693.0	27885.56	0.2681304	65.14555	0.0016516956	65.1488	65.13574	13.457834	2.864793	19.525005	2.6190138	7.7486035e-09	-0.002569078	1.3828277e-08	-0.035113372	957.8973	-60.30542	70.293236	-39.48529	0	0	79.0	0.86885214	0.0062039117	104000	105.44492435455322
26	1000.0	0.0	1000.0	1000.0	22.947529	7.182477	33.393417	13.181994	1000.0	27977.352	0.25904956	66.36717	0.0023197422	66.372055	66.35814	6.1999016	2.7848265	13.417604	-2.6390023	2.0694732e-07	-0.002158003	2.193451e-08	0.01049564	962.9191	-87.297485	21.007532	-15.136482	0	0	79.0	0.85436046	0.006020708	108000	109.61876797676086
27	320.5	188.85333	673.0	107.0	71.38213	40.465794	154.1896	17.856886	320.5	28892.863	0.257972	67.84382	0.005550274	67.84857	67.80191	4.6981297	3.1234632	12.079632	-5.4778776	-8.5830685e-09	-0.0055272668	1.4328957e-07	-0.034629185	753.57465	-4.0166626	386.48807	-140.85692	0	0	79.0	0.85533947	0.004054691	112000	113.86972332000732
28	470.0	352.9055	1000.0	71.0	53.348904	25.562872	87.56801	23.634737	470.0	29357.21	0.2530794	68.242455	0.0033315376	68.24689	68.225235	12.723437	4.1156936	20.562134	-1.1369452	-4.7683715e-09	-0.0026261946	-1.8262863e-07	-0.016838348	813.107	-33.897766	111.93784	-9.988701	0	0	79.0	0.87995744	0.0032010798	116000	118.09861183166504
29	1000.0	0.0	1000.0	1000.0	29.34711	8.62849	43.190014	19.718122	1000.0	29474.6	0.24562167	69.16077	0.0023368006	69.1641	69.14983	10.472734	3.450329	17.024107	-0.4171774	1.3303757e-07	-0.0042775134	9.298325e-09	-0.0053932825	809.5841	-77.49365	64.07751	-51.676186	0	0	79.0	0.87832576	0.00500671	120000	122.33029198646545
30	1000.0	0.0	1000.0	1000.0	13.749636	3.0807438	17.459633	10.286075	1000.0	29529.598	0.23814191	70.591736	0.0017817061	70.59488	70.582115	4.5028067	2.1620028	9.987886	-3.4237232	-2.5987624e-08	-0.0013682724	-3.051758e-08	-0.016287263	736.21497	-73.62683	13.04126	-8.469888	0	0	79.0	0.8402387	0.004837061	124000	126.61976909637451
31	1000.0	0.0	1000.0	1000.0	9.639599	5.226744	18.48428	4.8713303	1000.0	29568.156	0.23100123	72.018524	0.001528986	72.022095	72.01021	1.5040599	1.3840599	5.482346	-2.6043262	-1.2149811e-06	-0.0027188149	-7.152557e-09	-0.025191769	666.5035	-67.231445	3.768604	-0.7762692	0	0	7.0	0.83830065	0.012584397	128000	130.59488487243652
32	1000.0	0.0	1000.0	1000.0	39.45542	10.53236	57.24304	30.464869	1000.0	29725.977	0.2251968	73.38614	0.002661549	73.39171	73.37067	-0.71731716	1.291528	3.9195776	-4.6546683	-1.0159016e-06	-0.0026198765	3.33786e-08	0.0016694611	602.9366	-61.52356	31.362883	-14.809797	0	0	79.0	0.8371881	0.005158062	132000	133.27219438552856
33	1000.0	0.0	1000.0	1000.0	13.628757	4.4007254	18.95257	7.2394676	1000.0	29780.492	0.2189742	74.70657	0.0016123786	74.71023	74.69923	2.7769291	0.86633956	5.8100915	0.24832526	-9.620189e-07	-0.0020009554	-5.2452087e-09	-0.0017761013	544.5934	-56.28195	3.8243077	-1.7162788	0	0	79.0	0.8467738	0.004064006	136000	137.45887327194214
34	1000.0	0.0	1000.0	1000.0	18.77781	3.4212577	22.01365	13.424648	1000.0	29855.604	0.21325432	75.97664	0.0013070119	75.97963	75.97093	1.7503453	0.73055047	4.1011543	-0.8195111	-3.2329558e-07	-0.0018181698	6.6757204e-09	-0.001105411	491.27887	-51.53705	2.413924	-0.1383009	0	0	79.0	0.854513	0.0054736957	140000	141.61386036872864
35	1000.0	0.0	1000.0	1000.0	17.947487	3.5208862	23.076754	14.112112	1000.0	29927.393	0.20782912	77.20185	0.0013716061	77.204796	77.194145	1.7566148	0.7705571	4.152501	-0.7440238	6.365776e-08	-0.002488906	-7.629395e-09	-0.0025702221	442.4479	-47.192352	1.9207363	-0.23054957	0	0	79.0	0.85862166	0.0063275243	144000	145.80211853981018
36	800.75	345.1111	1000.0	203.0	39.788353	15.646629	62.880814	24.55119	800.75	30124.645	0.2035449	78.38376	0.0016964468	78.38728	78.37554	1.1803066	0.72471833	3.536696	-1.1337029	-5.066395e-08	-0.0034488023	6.2584876e-10	0.0020378875	425.7245	-34.710693	19.153355	-6.389537	0	0	7.0	0.86351496	0.013094528	148000	149.72804856300354
37	1000.0	0.0	1000.0	1000.0	54.481457	1.9254354	57.709156	52.615185	1000.0	30342.57	0.19962217	79.41581	0.001457476	79.4195	79.40606	2.8166447	0.5957006	5.1897154	0.41694233	8.583069e-08	-0.0012930555	-4.529953e-08	0.0025227333	360.6858	-39.631348	12.726181	-3.8447056	0	0	79.0	0.86267936	0.002747413	152000	153.99045705795288
38	931.5	118.64548	1000.0	726.0	38.006374	9.438603	49.84318	24.066185	931.5	30511.559	0.19558692	80.51726	0.0015381941	80.52028	80.50851	4.678713	0.62530696	6.72652	2.0940998	4.2796135e-08	-0.0052960673	7.1525574e-10	0.0018216418	351.0485	-27.712524	4.8754487	-0.8800831	0	0	79.0	0.844368	0.004824025	156000	158.2337143421173
39	1000.0	0.0	1000.0	1000.0	44.27816	7.4414244	55.68017	36.007713	1000.0	30688.672	0.1918042	81.46373	0.001341933	81.46663	81.45768	3.8429286	0.6494096	5.6679597	1.9244465	-5.586147e-07	-0.0011413033	2.6524067e-09	0.007083346	292.4898	-33.553772	6.4738803	-0.5183854	0	0	7.0	0.8560031	0.013333971	160000	162.18482041358948
40	651.1667	337.6598	1000.0	142.0	93.31068	24.251047	136.72351	63.13157	651.1667	31266.137	0.19064717	82.49932	0.0016468496	82.502815	82.49102	4.0330615	0.60546225	5.912759	2.4505146	7.867813e-09	-0.004592138	1.0418892e-07	-0.014066045	441.84164	-7.3463135	135.47859	-68.08415	0	0	79.0	0.8586938	0.005489344	164000	164.94832229614258
41	1000.0	0.0	1000.0	1000.0	102.80397	25.942205	134.02289	71.287476	1000.0	31677.352	0.18855566	83.02875	0.0010780578	83.031105	83.023285	11.992465	0.93072337	14.677632	8.813085	-9.903907e-07	-0.00189093	-4.673004e-08	0.010964984	245.18303	-28.48552	91.44746	-7.1636887	0	0	79.0	0.868887	0.004536104	168000	169.15698671340942
42	631.0	378.13535	1000.0	116.0	131.748	47.121166	196.70935	64.516464	631.0	32520.143	0.1890706	83.98997	0.0011129357	83.99245	83.9839	9.8784685	1.2811046	14.271789	5.866728	-2.9325486e-08	-0.0018797981	1.3661385e-07	-0.08782601	370.14642	-9.295471	260.2376	-46.675232	0	0	4.0	0.87807065	0.016219862	172000	173.01837158203125
43	805.0	337.7499	1000.0	220.0	57.96068	12.469497	74.28094	40.035805	805.0	32793.81	0.18632846	84.59222	0.0007694222	84.59401	84.586365	14.907213	1.9856687	20.33235	7.9055953	-1.4901161e-08	-0.0041902806	-6.532669e-08	-0.015950292	255.82657	-18.025162	99.398544	-66.867966	0	0	79.0	0.8785683	0.009193903	176000	177.20974278450012
44	1000.0	0.0	1000.0	1000.0	35.211212	11.160855	47.030052	18.481627	1000.0	32934.652	0.18297029	85.39149	0.0006308793	85.39299	85.389145	6.995604	1.5935993	11.131926	2.7931232	-7.6508525e-07	-0.0021087816	-4.9591065e-08	-0.0038099443	181.6671	-23.984085	17.641132	-10.573902	0	0	79.0	0.8945512	0.003253647	180000	181.44200897216797
45	1000.0	0.0	1000.0	1000.0	32.728554	7.3549976	42.77023	24.106499	1000.0	33065.566	0.17970416	86.33646	0.0006462338	86.33802	86.3331	4.0583825	1.6586742	8.219357	-2.2633939	4.980564e-07	-0.0021565186	-1.001358e-08	-0.00093367434	158.92358	-21.885574	5.154728	-0.96178913	0	0	79.0	0.8898608	0.004314213	184000	185.58903193473816
46	1000.0	0.0	1000.0	1000.0	26.819613	5.3837166	35.52089	21.999094	1000.0	33172.844	0.1764513	87.2601	0.0005207025	87.261444	87.25806	3.532299	1.2298055	7.363438	-0.18115056	1.0287762e-06	-0.0026842467	-1.502037e-08	0.0013832505	138.1629	-19.519081	6.374039	-1.5276155	0	0	79.0	0.89890695	0.0054794187	188000	189.79010367393494
47	1000.0	0.0	1000.0	1000.0	20.671696	2.9745774	24.782768	16.7919	1000.0	33255.53	0.1732059	88.144455	0.00046891713	88.145706	88.14155	2.6557364	1.2414421	5.9204416	-1.0429176	2.1386147e-07	-0.0014940491	-1.6212464e-08	-0.0041181594	119.647575	-17.357933	4.5445156	-0.67555046	0	0	5.0	0.8873023	0.01541054	192000	193.68234968185425
48	1000.0	0.0	1000.0	1000.0	12.585888	1.4326648	13.819483	10.144738	1000.0	33305.875	0.16992794	88.99052	0.0005237682	88.9918	88.987404	2.2478402	1.2098054	5.6559324	-2.5098686	-1.7166137e-08	-0.0020274338	-2.384186e-10	-0.0049815755	103.18033	-15.385376	2.722565	-0.93452764	0	0	79.0	0.8869144	0.004461977	196000	196.16810774803162
49	1000.0	0.0	1000.0	1000.0	8.741658	1.9739784	11.128982	6.389069	1000.0	33340.844	0.16670422	89.79905	0.0005002382	89.80018	89.79658	1.8888782	1.1945798	5.680408	-1.7386708	-5.4144857e-07	-0.003399402	4.673004e-08	-0.005642163	88.58133	-13.586739	3.0172725	-1.2949153	0	0	79.0	0.8587465	0.008340434	200000	200.234938621521
50	1000.0	0.0	1000.0	1000.0	8.944275	3.6418667	14.654666	4.564867	1000.0	33376.62	0.16361089	90.57061	0.00045570126	90.57179	90.568756	1.4616768	0.867749	4.194031	-1.0112782	-4.0793418e-07	-0.002753968	-1.5974045e-08	-0.004242339	75.68823	-11.950653	1.4080224	-0.4289484	0	0	79.0	0.876043	0.006769004	204000	204.42871165275574
51	1000.0	0.0	1000.0	1000.0	28.028719	11.901436	39.247993	8.042645	1000.0	33488.734	0.16100353	91.30581	0.00041746613	91.30692	91.30363	1.6417031	0.86797976	4.108307	-0.92429304	-9.727478e-07	-0.0030850766	6.198883e-09	0.00033604752	64.345955	-10.466103	5.0583944	-1.2657671	0	0	79.0	0.8656067	0.004662099	208000	208.70987558364868
52	711.4	297.71637	1000.0	254.0	56.30351	27.461823	90.31183	19.650276	711.4	33855.09	0.15969382	92.00497	0.00051013706	92.00619	92.00272	2.0941875	1.405953	5.6054296	-1.7564963	9.775162e-09	-0.0022508723	-5.030632e-08	0.009541959	310.14713	-0.026824951	107.2503	-51.921173	0	0	79.0	0.8425039	0.005194024	212000	212.9919924736023
53	714.4	284.41843	1000.0	364.0	47.809647	42.616333	126.3831	6.5353055	714.4	34102.027	0.15787975	92.09211	0.00043624255	92.09314	92.09043	6.040103	3.3519175	14.288812	-2.7556756	-1.1086464e-08	-0.0011476885	2.5749207e-08	0.0038531208	309.24005	-0.001159668	57.681137	-1.7175369	0	0	79.0	0.8534659	0.0036926668	216000	217.30815172195435
54	911.5	153.2865	1000.0	646.0	31.009884	9.053063	46.51568	23.903984	911.5	34229.035	0.15558653	92.09427	0.00057621713	92.09547	92.09129	4.6718984	4.5545545	13.423661	-7.498507	1.502037e-08	-0.0026110879	1.7166137e-08	-0.0042577707	137.34006	-3.6957703	30.480202	-18.03609	0	0	79.0	0.8579307	0.007599429	220000	221.52298402786255
55	829.5	240.56236	1000.0	419.0	45.730972	16.439493	69.3042	23.454924	829.5	34441.87	0.15375835	92.509705	0.00038563626	92.51073	92.50785	5.363965	1.7144513	9.052766	1.6819869	5.722046e-09	-0.0011743582	6.198883e-09	-0.010765704	222.47823	-0.8924103	15.717262	-0.41802406	0	0	6.0	0.8319117	0.01499251	224000	225.39377355575562
56	1000.0	0.0	1000.0	1000.0	14.304571	5.7376976	22.716642	8.816157	1000.0	34499.09	0.1513118	92.743935	0.00036513485	92.74484	92.7423	3.6401997	1.3197379	6.8632073	0.4365543	-6.277561e-07	-0.00497612	1.8179417e-08	-0.003366312	44.819103	-8.035572	7.708474	-4.138739	0	0	79.0	0.83168113	0.010069014	228000	227.89335227012634
57	486.75	295.98468	986.0	113.0	56.596943	24.103764	102.90411	25.712246	486.75	34963.586	0.15070511	93.390205	0.00070929324	93.39138	93.3851	2.2890308	1.9823172	6.8250856	-2.527869	2.7060509e-08	-0.0029223952	1.2493133e-07	-0.05980394	768.8762	-25.346191	177.01643	-65.35212	0	0	4.0	0.87385535	0.013438252	232000	231.8205623626709
58	1000.0	0.0	1000.0	1000.0	21.068762	13.292869	40.854057	4.9177656	1000.0	35047.863	0.1485079	92.28666	0.0003672539	92.28762	92.28535	8.734176	0.462389	10.224419	7.152455	3.144741e-07	-0.003093895	1.26361845e-08	0.0015339737	50.646484	-7.48814	40.042664	-33.86978	0	0	79.0	0.8758372	0.0038316092	236000	236.05311846733093
59	519.5714	148.91594	706.0	279.0	54.233986	26.360304	110.49988	24.312605	519.5714	35445.367	0.14768903	92.84734	0.0010592972	92.848854	92.84168	4.3073764	0.61266196	5.874244	2.4968963	2.014637e-08	-0.0052515995	-5.7786703e-08	0.000449453	666.5279	-18.286072	83.77378	-36.453167	0	0	79.0	0.8932651	0.006621686	240000	240.32571744918823
60	856.75	248.11627	1000.0	427.0	58.116264	17.913574	78.150826	35.318382	856.75	35706.55	0.14633833	91.89796	0.0016078103	91.900314	91.88632	9.005529	2.8429189	14.790527	0.40420714	-4.172325e-09	-0.0026506244	-1.7166137e-08	-0.004149779	139.42859	-3.6712494	27.620787	-6.3856697	0	0	79.0	0.9463536	0.0026660382	244000	244.6781508922577
61	1000.0	0.0	1000.0	1000.0	23.80537	9.107916	34.575493	10.451368	1000.0	35801.77	0.14436197	92.29245	0.00084506813	92.294106	92.28784	5.2772245	2.0298545	10.123181	-0.6657532	-1.1441707e-06	-0.0017443149	1.6152859e-08	0.005217622	50.57044	-10.558441	18.323101	-11.314624	0	0	79.0	0.94931525	0.003789257	248000	248.90728330612183
62	694.6	250.67876	1000.0	460.0	40.84375	13.20323	57.65776	21.512022	694.6	36037.957	0.14300777	93.09928	0.0013828181	93.10097	93.08957	3.1967192	1.4598737	7.530363	-0.95942265	7.7486035e-09	-0.0008956843	3.9994717e-08	-0.0047161914	309.95712	-0.059051514	35.94486	-7.616644	0	0	5.0	0.9580598	0.015331583	252000	252.88027906417847
63	316.58334	111.31073	562.0	139.0	79.87675	36.676342	151.7872	30.711603	316.58334	37004.605	0.14454924	93.07051	0.0031088837	93.07391	93.05431	5.1573467	0.84997904	6.8394914	2.4657943	-2.0384789e-08	-0.0044395365	8.094311e-08	-0.008355757	1127.0718	-214.64276	426.70236	-206.13748	0	0	79.0	0.95830905	0.004035202	256000	255.46772742271423
64	553.6667	292.62244	854.0	140.0	71.481766	34.04236	119.208145	32.55145	553.6667	37495.586	0.1442138	89.08786	7.3446436	90.83198	-40.593098	18.04334	1.9652188	21.798405	11.567392	-2.360344e-08	-0.006393237	-2.1457671e-09	-0.0041634575	504.75162	-232.913	205.75107	-69.62033	0	0	79.0	0.960215	0.0042390586	260000	259.64871072769165
65	1000.0	0.0	1000.0	1000.0	31.987507	9.37072	42.357487	21.46414	1000.0	37623.535	0.1425134	88.81359	4.237403	90.54661	50.125423	10.60216	2.2972248	15.811657	2.4919019	-5.960465e-11	-0.0054599405	-2.3841858e-08	-0.032007802	119.80822	-58.480938	60.759563	-52.467545	0	0	4.0	0.98479843	0.019571446	264000	263.60520339012146
66	670.0	405.16663	1000.0	130.0	44.579594	10.801847	64.11458	33.029064	670.0	37900.887	0.14142121	91.55237	0.024493119	91.56666	91.27759	3.6136196	1.319233	7.14006	-1.0585972	9.536743e-09	-0.0044470537	5.6743623e-08	-0.021668715	228.86436	-3.4930725	62.75849	-10.120163	0	0	79.0	0.985667	0.0067700273	268000	267.8027274608612
67	1000.0	0.0	1000.0	1000.0	17.699844	9.7131605	34.13983	9.961607	1000.0	37971.688	0.1396018	92.052956	0.09021004	92.08526	91.06415	5.1602545	0.3330207	6.134914	3.8580086	5.407333e-07	-0.0032929056	2.8371812e-08	-0.0041928603	53.801067	-12.045666	14.900244	-9.608204	0	0	79.0	0.96890444	0.0043859077	272000	272.0495262145996
68	1000.0	0.0	1000.0	1000.0	24.312521	2.5410757	27.840836	21.281492	1000.0	38068.938	0.13793093	92.97303	0.0069655925	92.98002	92.92279	2.9472635	0.24461816	3.6708622	2.1050956	-4.9114226e-07	-0.0019029324	-7.629395e-09	0.0031354262	42.039345	-10.182331	4.161965	-0.31185007	0	0	79.0	0.9378568	0.0040223217	276000	276.29291129112244
69	1000.0	0.0	1000.0	1000.0	29.795588	6.8887825	37.24122	21.081966	1000.0	38188.12	0.13638614	93.83328	0.0121073285	93.84274	93.715645	2.6629536	0.2468241	3.292071	1.8042324	2.822876e-07	-0.0021824106	3.5583973e-08	-0.0004756363	32.376957	-8.043617	4.993342	-0.33687544	0	0	79.0	0.92285633	0.0036812588	280000	280.6069300174713
