Epoch	AverageEpRet	StdEpRet	MaxEpRet	MinEpRet	AverageEpCost	StdEpCost	MaxEpCost	MinEpCost	EpLen	CumulativeCost	CostRate	AverageVVals	StdVVals	MaxVVals	MinVVals	AverageCostVVals	StdCostVVals	MaxCostVVals	MinCostVVals	LossPi	DeltaLossPi	SurrCost	DeltaSurrCost	LossV	DeltaLossV	LossVC	DeltaLossVC	Penalty	DeltaPenalty	StopIter	Entropy	KL	TotalEnvInteracts	Time
0	18.458334	8.303732	60.0	9.0	0.38863158	0.28261045	1.3724543	0.033402592	18.458334	83.95689	0.020989222	0.007273531	0.18233553	0.42799535	-0.487274	-0.0024167462	0.15233234	0.34916687	-0.3600578	-2.5510788e-08	-0.0156221595	-4.1723253e-10	-0.0010814102	168.85622	-22.435104	0.1184957	-0.07624708	0	0	8.0	0.6852559	0.01595403	4000	1.5342135429382324
1	22.016575	9.297107	59.0	9.0	0.44407094	0.3775682	3.195232	0.02484369	22.016575	164.36877	0.020546097	1.0925481	0.33825102	2.2681026	-0.69011176	0.22747748	0.022813423	0.3298868	0.06455645	-1.3351441e-08	-0.009262452	-5.960465e-11	0.00048019362	190.16167	-70.83254	0.09962482	-0.0034427345	0	0	13.0	0.6912178	0.012600604	8000	3.655177354812622
2	28.347517	13.740753	74.0	9.0	0.3990731	0.34740835	1.9826758	0.026627721	28.347517	220.67093	0.018389244	4.865881	0.8010271	7.689074	-0.20424934	0.25976348	0.08130908	0.6666326	-0.3114453	1.3589859e-08	-0.018824538	-1.1920929e-09	0.0021376272	232.44427	-92.588715	0.07768098	-0.009273641	0	0	79.0	0.6776435	0.006193586	12000	6.0464653968811035
3	35.598213	15.324152	83.0	11.0	0.623973	0.96024644	8.572111	0.038774714	35.598213	290.57156	0.018160723	10.485682	0.50398976	11.82531	7.6194797	0.23408546	0.016405882	0.3034685	0.15190852	-6.2942505e-08	-0.015475202	6.556511e-09	0.003085767	203.53812	-50.63336	0.6903536	-0.103746355	0	0	79.0	0.6644916	0.0047999537	16000	8.406736135482788
4	51.74026	29.65271	163.0	10.0	1.655046	2.030181	9.234542	0.032996863	51.74026	418.21063	0.020910531	14.599717	0.5965329	15.876195	11.079273	0.33145508	0.4973514	1.9170165	-1.2189932	-7.6293944e-08	-0.013308209	-2.0444393e-08	0.007868243	456.8118	-94.718994	3.477206	-1.4920427	0	0	79.0	0.6528895	0.004414285	20000	10.833396434783936
5	61.234375	32.384285	149.0	15.0	1.998072	2.731795	15.953122	0.05202463	61.234375	546.596	0.022774834	19.246593	0.40218073	19.978428	17.656178	1.3185203	0.2110457	1.8985637	0.6663089	3.7550926e-08	-0.011980843	-3.516674e-09	0.007911702	459.29395	-63.423767	3.0831602	-0.13282728	0	0	79.0	0.6372483	0.0034750612	24000	13.223524332046509
6	80.85714	31.093014	141.0	23.0	3.8784752	3.39411	14.791915	0.028422862	80.85714	736.9067	0.026318096	22.195547	0.89060915	23.314678	15.778661	1.2694713	0.63712764	2.8225224	-0.37922525	1.2397766e-08	-0.009468331	-1.6331672e-08	0.009477558	501.55838	-76.16666	5.2534523	-1.2701344	0	0	79.0	0.6229795	0.0031653305	28000	15.688673257827759
7	109.111115	49.831818	221.0	20.0	3.9340346	2.287209	8.018392	0.2889574	109.111115	881.5413	0.027548166	24.352919	3.9652994	25.98821	-11.258647	2.358528	0.27087787	2.9986784	1.2299839	5.8889388e-08	-0.005696483	-6.377697e-09	0.0053146607	834.4213	-114.38092	2.2299218	-0.28228557	0	0	79.0	0.6140113	0.003604477	32000	18.09698510169983
8	113.97143	54.58492	308.0	14.0	4.2447987	2.2242098	8.709333	0.24389683	113.97143	1030.2023	0.02861673	27.920805	3.7894022	28.954226	-12.051326	1.9476863	0.13508041	2.1978858	1.2315595	5.6147574e-08	-0.0065259906	7.1525574e-10	0.0042767823	787.04706	-76.342896	1.7791023	-0.050921917	0	0	79.0	0.603022	0.0077920826	36000	20.537798166275024
9	110.416664	40.413403	261.0	31.0	5.272384	3.162753	16.812778	0.3512281	110.416664	1220.447	0.030511176	28.99191	5.4449954	31.310331	-12.022069	2.1741376	0.23572297	2.6361856	0.71131134	-3.59416e-08	-0.0056473357	1.0311603e-08	0.0058215074	553.6955	-50.231934	3.6976542	-0.21938181	0	0	79.0	0.5995017	0.007161957	40000	22.98772931098938
10	116.030304	44.90089	196.0	16.0	4.9816747	2.2846155	8.625338	0.22078842	116.030304	1386.1178	0.03150268	32.01092	4.456278	33.158398	-14.646368	2.4999115	0.19768621	2.858633	1.4245191	-1.4424324e-08	-0.0036144122	-1.5497208e-09	0.0025703385	648.7909	-44.292114	1.6533037	-0.13338768	0	0	79.0	0.60091186	0.0019034942	44000	25.586114168167114
11	132.73334	49.43004	290.0	19.0	6.0910974	2.8436413	15.147825	0.23596498	132.73334	1568.8923	0.032685257	34.032864	4.0600634	34.90079	-16.286993	2.4155328	0.26207674	2.9680498	1.3535483	-3.8027764e-08	-0.0020764333	-2.9802323e-09	0.0056716404	691.012	-44.109924	2.5856752	-0.1598823	0	0	79.0	0.601617	0.005092253	48000	27.998520851135254
12	144.92592	50.49527	271.0	30.0	7.3080688	3.0420504	15.054945	0.11926758	144.92592	1766.8447	0.033977784	35.406647	5.1330657	36.62202	-23.574799	2.6848145	0.37911257	3.497682	1.2724429	1.1563301e-08	-0.0040189116	2.3245812e-09	0.004037436	713.3688	-50.762024	3.4469783	-0.34019208	0	0	79.0	0.5998632	0.0027922464	52000	30.66227412223816
13	166.04347	52.607224	253.0	99.0	7.3726554	3.6148705	19.63125	1.0038428	166.04347	1937.3345	0.03459526	37.42789	5.05678	38.451183	-22.463675	3.045585	0.44856784	3.869493	0.8599329	4.673004e-08	-0.0033131014	-1.3113022e-09	0.0038096919	831.50037	-63.73938	3.3999958	-0.060385942	0	0	79.0	0.59077036	0.0036365693	56000	33.582077503204346
14	196.0	61.313946	359.0	120.0	9.150446	3.21278	15.431609	2.8324847	196.0	2121.2534	0.035354223	39.60667	4.613412	40.46066	-18.179203	2.8264034	0.37011975	3.5671506	1.0230939	1.26361845e-08	-0.0035914823	-1.20997425e-08	0.0013404359	915.4924	-73.48413	3.5075936	-0.20890164	0	0	79.0	0.58510554	0.0028195262	60000	36.800068616867065
15	241.3125	120.68799	500.0	96.0	9.606599	3.6149464	20.794813	4.6159406	241.3125	2276.4524	0.035569567	42.54732	0.06743698	42.586586	42.04446	3.1680632	0.34767014	3.851721	1.3356063	1.26361845e-08	-0.0033559508	-1.04606155e-08	0.0034391421	1228.3552	-104.33972	4.4348397	-0.7056434	0	0	79.0	0.581297	0.0032074843	64000	39.67001485824585
16	208.21053	90.88373	400.0	56.0	9.038654	4.7270813	17.67311	0.29137832	208.21053	2448.8242	0.03601212	44.98969	0.094953485	45.02124	43.632378	2.7146494	0.62294763	4.4812503	0.22477384	-3.5881996e-08	-0.0052410127	1.7881394e-08	0.008156207	961.3716	-53.657593	3.663797	-0.25744057	0	0	16.0	0.5783983	0.0120904	68000	42.01922154426575
17	184.4762	73.1428	413.0	95.0	9.178349	3.3614993	21.365288	4.6359277	184.4762	2643.0005	0.03670834	46.76636	0.03555863	46.7892	46.49936	3.0192564	0.5757398	4.383458	0.8036322	-2.0742416e-08	-0.0012000283	-1.7225743e-08	0.002524467	755.7691	-22.60431	3.491526	-0.25434613	0	0	79.0	0.5779819	0.0017047116	72000	44.90386486053467
18	182.28572	61.270782	365.0	110.0	9.911362	4.1732116	21.64597	4.0077424	182.28572	2852.2888	0.037530117	47.933212	0.016349645	47.946114	47.81097	3.3494878	0.6777124	5.1793447	0.6093888	1.3351441e-08	-0.0034705824	5.1259996e-09	0.004027415	701.3535	-15.793945	4.1180925	-0.42403054	0	0	79.0	0.5826422	0.0076268693	76000	46.52555799484253
19	316.5	108.75163	500.0	150.0	10.521458	4.6744633	18.76668	2.6266668	316.5	2983.3735	0.037292168	48.530617	3.100567	48.91334	-12.908495	3.087593	1.233513	6.2196364	-0.05619899	-5.00679e-09	-0.00406048	-2.002716e-08	0.0056569776	1151.1058	-105.93823	4.34157	-1.0675142	0	0	79.0	0.57748926	0.0071690427	80000	49.208067417144775
20	213.55556	95.6273	414.0	73.0	7.228216	3.1552315	13.531262	1.9139979	213.55556	3118.8967	0.037129723	51.199802	0.02879068	51.219883	50.989017	2.7763374	0.6478144	4.3889127	-0.447852	9.298325e-09	-0.005293838	1.1175871e-08	-0.001268575	826.24585	-26.440674	2.1829982	-0.3503207	0	0	79.0	0.5863005	0.00835666	84000	51.84730315208435
21	390.2	136.88448	500.0	180.0	8.234461	3.555612	13.571546	1.796284	390.2	3201.5322	0.036381047	52.469765	0.05547244	52.496616	51.972954	2.1712387	0.8396905	4.4846306	0.064807914	-9.298325e-09	-0.0012840326	1.2218952e-08	-0.0022406895	1199.9646	-100.15662	2.1438518	-0.49364138	0	0	79.0	0.57086134	0.0025416226	88000	54.31138372421265
22	397.5	122.49184	500.0	128.0	8.42474	5.2963934	17.138939	2.4547126	397.5	3285.8362	0.03571561	54.71779	0.05855796	54.751575	54.20722	1.4620298	0.82632893	3.5910766	-0.4342887	1.5497207e-08	-0.00504779	2.6226044e-09	-0.0041544912	1120.6978	-86.27185	2.097289	-0.16534328	0	0	79.0	0.5621169	0.006518801	92000	56.798959255218506
23	362.9	149.93295	500.0	66.0	7.009916	3.0822878	11.959038	1.3589787	362.9	3359.1177	0.03499081	55.418697	7.474675	56.86227	-33.398678	0.8105035	0.5633567	3.668372	-0.124356076	-4.1604043e-08	-0.0042496175	-2.324581e-08	-6.363261e-05	990.7499	-88.67938	1.802753	-1.0415506	0	0	79.0	0.54881763	0.004288752	96000	59.30889368057251
24	500.0	0.0	500.0	500.0	2.5688388	0.97443503	4.452859	1.2991091	500.0	3379.6604	0.033796605	58.80875	0.09777111	58.871433	57.873302	1.1798109	0.18854852	1.8018637	0.68831164	2.8610229e-08	-0.0014945817	2.3245812e-09	0.0007495356	1061.3209	-82.18829	0.74050546	-0.63704985	0	0	79.0	0.55541223	0.0023212295	100000	61.91067457199097
