Epoch	AverageEpRet	StdEpRet	MaxEpRet	MinEpRet	AverageEpCost	StdEpCost	MaxEpCost	MinEpCost	EpLen	CumulativeCost	CostRate	AverageVVals	StdVVals	MaxVVals	MinVVals	AverageCostVVals	StdCostVVals	MaxCostVVals	MinCostVVals	LossPi	DeltaLossPi	SurrCost	DeltaSurrCost	LossV	DeltaLossV	LossVC	DeltaLossVC	Penalty	DeltaPenalty	StopIter	Entropy	KL	TotalEnvInteracts	Time
0	10.129441	5.1461873	38.0	4.0	0.43960702	1.4745482	28.332506	0.06078236	10.129441	173.28572	0.04332143	-0.0012882488	0.045090694	0.19135393	-0.37682664	-0.0013999646	0.109345995	0.57169783	-0.44293818	-1.1754036e-07	-0.020557936	2.0861625e-08	0.01393545	66.05992	-13.432079	4.8644114	-0.9413767	0	0	4.0	0.9189385	0.021797745	4000	7.095813035964966
1	12.207952	6.8214135	45.0	4.0	0.5717853	1.4532509	20.018944	0.0287519	12.207952	360.64432	0.04508054	1.1250278	0.24150789	2.4117703	-0.1705394	0.6134214	0.61280197	4.949849	-3.155189	1.206398e-07	-0.01803887	-3.7550927e-09	0.012721763	83.06636	-37.136524	2.707483	-0.05028963	0	0	5.0	0.9174939	0.019316033	8000	13.852967977523804
2	13.2823925	7.004269	44.0	5.0	0.6307134	2.606961	35.785793	0.01338235	13.2823925	550.49365	0.045874473	4.7082176	0.8853821	8.706294	-1.435502	0.6108544	0.8197011	5.832984	-4.9520288	-5.2928925e-08	-0.013365558	-1.1920929e-09	0.0070828614	52.00275	-14.426609	10.610682	-0.14038658	0	0	6.0	0.9159779	0.019119237	12000	20.581750869750977
3	18.223743	10.362832	70.0	6.0	1.4681157	6.7599907	89.96587	0.03461969	18.223743	872.3304	0.054520648	7.8444877	0.8855198	10.108465	3.826354	0.7838397	0.93495	5.3307853	-4.406995	8.5830685e-09	-0.013386496	-8.046627e-08	0.023944808	83.59401	-13.664589	69.62422	-6.4444504	0	0	8.0	0.914048	0.013839742	16000	27.650310039520264
4	24.695652	13.810629	90.0	7.0	2.0595603	5.4626374	43.902534	0.024596287	24.695652	1205.2549	0.060262743	11.144058	0.41309017	12.50285	7.0597773	2.2657576	0.7146029	5.3215866	-1.3556331	-6.175041e-08	-0.016954063	3.004074e-08	0.046247978	125.12237	-13.369682	28.526985	-0.7110481	0	0	16.0	0.9113822	0.012350498	20000	34.9409453868866
5	32.098362	18.017483	119.0	6.0	6.7802706	13.785071	79.26218	0.013341391	32.098362	2064.052	0.08600216	14.342552	0.74964786	16.298615	8.306906	2.5170248	0.24843882	3.5020924	1.2119693	1.6570091e-08	-0.023453843	1.7464161e-07	0.047816988	196.75854	-25.34082	161.2558	-28.063324	0	0	11.0	0.9075032	0.014632844	24000	42.47416949272156
6	38.423077	21.750195	108.0	9.0	10.310242	16.355495	82.128555	0.03170683	38.423077	3136.3293	0.11201176	17.648571	2.8174207	20.45533	2.4548209	7.824583	1.0564424	10.690533	2.5056443	1.5854836e-08	-0.019052519	1.1539459e-07	0.06826039	212.86209	-17.445969	170.48412	-7.3583984	0	0	11.0	0.9055327	0.014079457	28000	50.09024620056152
7	49.8625	25.848473	129.0	10.0	17.622227	21.18445	132.62352	0.09409252	49.8625	4546.1265	0.14206645	20.102999	3.857505	22.739885	-6.078591	9.820445	0.6591056	11.024986	6.5509295	-7.152557e-09	-0.02064822	2.040863e-07	0.011155312	269.844	-28.963654	220.68323	-17.914322	0	0	10.0	0.9027638	0.015240942	32000	58.015422105789185
8	61.50794	22.978853	129.0	13.0	23.73405	20.836494	84.048325	0.1503338	61.50794	6046.5327	0.16795924	23.339079	4.1491675	25.563711	-11.151225	13.830151	0.95144814	15.831765	8.053197	3.8146974e-09	-0.016270226	1.01089476e-07	0.059809517	287.83072	-27.667358	212.07019	-3.9570312	0	0	79.0	0.8999678	0.0063576517	36000	66.36082482337952
9	72.218185	33.27772	174.0	12.0	22.299185	20.167782	104.141365	0.29854703	72.218185	7273.974	0.18184936	26.967587	3.4362078	28.397066	-4.3550262	15.382117	0.69310266	16.300705	6.793762	-2.0205974e-08	-0.022046449	4.5776368e-08	0.074555054	381.27194	-25.788757	189.21785	-6.1096344	0	0	79.0	0.8867359	0.008194363	40000	74.61897444725037
10	94.68293	40.87604	178.0	22.0	23.974558	20.171062	95.556786	0.29493126	94.68293	8265.473	0.18785165	29.468283	3.5385995	30.917067	0.009387687	13.219404	0.8286547	14.715852	7.1640825	2.7894973e-08	-0.017388402	4.386902e-08	0.0568563	518.4458	-76.92392	135.09323	-6.2327576	0	0	79.0	0.8799622	0.006664282	44000	78.50204110145569
11	172.86957	94.17297	380.0	43.0	22.443563	13.262917	61.031815	1.3147324	172.86957	8781.955	0.1829574	33.11574	4.9146633	34.64059	-19.53723	12.377952	1.9398555	16.475925	1.4533052	-3.6239623e-08	-0.01645441	-7.5817105e-08	0.05464584	1237.8925	-205.97742	67.614	-23.950489	0	0	79.0	0.87178546	0.0065575684	48000	85.82026195526123
12	621.4	242.99185	1000.0	279.0	53.368603	15.946778	78.72903	38.84209	621.4	9068.785	0.17439972	38.617554	2.6933024	39.218662	1.7383609	7.502697	1.8227166	11.784708	-1.1435422	-1.15633014e-07	-0.0091001475	1.7642975e-08	0.0058939895	2786.6726	-500.36963	38.829784	-3.9040413	0	0	5.0	0.8734721	0.017420858	52000	92.6379189491272
13	388.44446	244.5309	961.0	111.0	33.08232	10.806776	44.886932	11.336835	388.44446	9432.477	0.16843708	44.011627	0.56540805	44.126667	25.868948	5.1455293	1.6344138	10.250353	0.037258003	6.3180923e-09	-0.010263228	-1.001358e-08	-0.024546793	1813.5403	-189.3722	37.729546	-7.1147404	0	0	10.0	0.87319475	0.013215453	56000	99.79578137397766
14	341.81818	167.13132	733.0	135.0	15.043891	6.991038	32.688698	6.7063484	341.81818	9603.691	0.16006152	46.894157	0.19623826	46.96513	41.7072	6.52901	0.5812878	7.4215865	3.3680322	1.66893e-08	-0.0077305334	1.7642975e-08	0.010149037	1382.7329	-105.7229	16.72559	-11.117899	0	0	79.0	0.87050015	0.0043230513	60000	106.72643232345581
15	759.8	324.2224	1000.0	184.0	30.474422	3.7501035	36.472515	24.827473	759.8	9770.404	0.15266256	48.897327	0.40917408	49.001907	36.65434	3.2929184	0.3331538	3.8162193	1.6334724	-1.0299683e-07	-0.00859747	-2.8610229e-08	-0.0057537747	2015.0834	-223.3252	10.122272	-0.20826912	0	0	79.0	0.87532717	0.004457844	64000	114.08953905105591
16	882.75	203.08296	1000.0	531.0	25.382687	9.067714	40.375946	17.379562	882.75	9914.428	0.14580041	51.69693	0.051427603	51.722347	50.79333	3.6054604	0.34099165	4.344091	2.0395577	9.608269e-08	-0.004427566	-5.3644182e-09	0.004857007	1872.18	-201.71411	9.945502	-0.53090477	0	0	79.0	0.8605188	0.0066169426	68000	121.43590068817139
17	992.5	12.990381	1000.0	970.0	39.14777	7.6722193	52.199944	32.851357	992.5	10071.557	0.13988273	54.232063	0.028434316	54.245827	53.391003	3.1566982	0.38623136	4.2729106	1.5783678	2.157688e-08	-0.009886234	9.834767e-09	-0.0047045164	1742.017	-175.16675	8.250419	-0.09533596	0	0	5.0	0.8556093	0.017214473	72000	128.35075902938843
18	1000.0	0.0	1000.0	1000.0	20.859026	6.4636593	28.154625	14.127967	1000.0	10154.992	0.13361832	56.515	0.008622837	56.5213	56.357536	3.0207536	0.5135148	4.649256	1.610044	5.3548814e-07	-0.0034804954	-2.7418137e-09	-0.00032111086	1609.6498	-162.81775	3.3297007	-1.2707365	0	0	79.0	0.8545136	0.0041619944	76000	135.68866276741028
19	1000.0	0.0	1000.0	1000.0	40.63022	24.28762	71.164375	15.810751	1000.0	10317.514	0.12896892	58.652905	0.0035979247	58.65662	58.59311	2.0380251	0.22911683	2.735613	0.9933697	5.166531e-07	-0.001506216	-3.9100648e-08	0.0011211986	1455.3007	-142.80017	21.937523	-2.8176079	0	0	79.0	0.8456083	0.0025925601	80000	143.12527537345886
20	1000.0	0.0	1000.0	1000.0	43.875328	22.65607	82.01233	22.713413	1000.0	10493.015	0.124916844	60.621246	0.0032163672	60.625046	60.587143	3.3738868	0.5996853	4.952801	1.485918	-3.2615662e-07	-0.0010547162	2.9295682e-08	0.0072716833	1320.0444	-126.680664	25.61965	-2.0871239	0	0	79.0	0.84842587	0.0028773597	84000	150.9059190750122
21	643.6667	275.9406	1000.0	317.0	44.032726	7.7152767	58.709156	33.024036	643.6667	10758.002	0.12225002	62.454323	0.00228121	62.457268	62.436268	4.4307337	1.3824439	8.086533	1.3868322	7.674098e-08	-0.020374684	2.360344e-08	-0.011508545	1031.8582	-66.59076	19.087229	-3.5665407	0	0	3.0	0.8561995	0.022978932	88000	157.93361568450928
22	1000.0	0.0	1000.0	1000.0	21.320436	8.590621	35.677284	13.07392	1000.0	10843.284	0.117861785	63.802345	0.016282415	63.8102	63.51803	3.1266968	2.0138102	8.414444	-4.133635	-1.3580323e-06	-0.0022647644	1.1920929e-08	-0.005070379	1115.3842	-104.32355	9.326906	-5.5872545	0	0	79.0	0.8552815	0.006308247	92000	165.06235933303833
23	1000.0	0.0	1000.0	1000.0	10.119556	1.4937965	11.565961	7.80968	1000.0	10883.763	0.11337253	65.4451	0.0037148697	65.449104	65.40585	2.5775626	0.48856986	4.1959386	0.98995787	7.4100495e-07	-0.0018505056	8.46386e-09	-0.0021813246	1016.44525	-97.333984	3.018043	-2.2351894	0	0	79.0	0.85914177	0.002773441	96000	168.40081357955933
24	1000.0	0.0	1000.0	1000.0	19.294046	8.136354	28.152569	9.484616	1000.0	10960.938	0.10960939	67.04848	0.0051598367	67.053154	66.99997	0.8804082	0.46712643	2.3200483	-0.37680984	1.8501282e-07	-0.0026664478	5.7816507e-09	-0.0019511608	924.31055	-88.532166	4.59885	-1.3538575	0	0	79.0	0.869129	0.0046396684	100000	175.91919231414795
25	1000.0	0.0	1000.0	1000.0	28.702692	7.313233	38.06851	19.214365	1000.0	11075.749	0.106497586	68.578156	0.0054280874	68.58282	68.46224	1.7731283	0.1785234	2.3152273	1.0615709	-3.2305718e-07	-0.0037895276	-2.8073787e-08	-0.003887757	840.4445	-80.823364	6.855486	-1.0030541	0	0	79.0	0.88568664	0.0062228166	104000	182.773907661438
26	1000.0	0.0	1000.0	1000.0	13.787798	2.8026776	18.034061	10.2568865	1000.0	11130.9	0.10306389	70.044655	0.0022760727	70.04773	70.02495	2.689441	0.25186598	3.33797	1.6845552	2.965927e-07	-0.0019178746	-1.4305114e-08	-7.5318516e-05	763.85754	-73.964966	2.7803085	-1.6832784	0	0	79.0	0.8826271	0.0040872833	108000	189.89598751068115
27	1000.0	0.0	1000.0	1000.0	12.207153	5.618765	21.027203	6.90945	1000.0	11179.7295	0.09981901	71.45149	0.00216291	71.45436	71.43183	1.381233	0.16307995	1.9175212	0.8055263	5.2285196e-07	-0.0026227508	-1.5497208e-09	-0.0035752654	693.78864	-67.83673	1.3764338	-0.07256806	0	0	8.0	0.88711685	0.012840369	112000	196.788250207901
28	1000.0	0.0	1000.0	1000.0	5.612034	0.98911893	7.1777663	4.6027546	1000.0	11202.177	0.09657049	72.80618	0.00197542	72.80851	72.78502	1.2493169	0.18178701	1.7727748	0.69351345	-7.095337e-07	-0.0023654976	-3.9935113e-09	0.00027562195	629.5094	-62.292175	0.6290217	-0.47785735	0	0	79.0	0.88658905	0.00514657	116000	204.60598921775818
29	791.25	361.5656	1000.0	165.0	5.2983866	1.1151278	6.604782	3.623282	791.25	11229.778	0.09358148	74.11239	0.0015636676	74.11441	74.09939	0.6112926	0.10650772	1.0564358	0.1883686	-1.0633469e-07	-0.0041729934	1.8179417e-09	0.00042845984	585.416	-48.42224	0.23921914	-0.0062753856	0	0	79.0	0.8949341	0.004203215	120000	212.42793202400208
30	1000.0	0.0	1000.0	1000.0	13.617369	8.3951645	27.842669	6.337816	1000.0	11284.247	0.091001995	75.27994	0.0015142161	75.28175	75.26568	0.61139333	0.14410321	1.0567555	0.24312502	-5.3572654e-07	-0.0029815543	5.9604643e-10	-0.0038934934	520.1914	-52.736084	2.2311487	-0.261124	0	0	79.0	0.8947426	0.006142659	124000	220.5890998840332
31	1000.0	0.0	1000.0	1000.0	7.842656	2.2951255	10.572811	5.3189673	1000.0	11315.618	0.08840327	76.49697	0.0015440513	76.49882	76.482635	0.99858934	0.15218072	1.5146328	0.5166797	6.0772896e-07	-0.0027703985	-1.4901161e-10	0.0028962963	470.22296	-48.949463	0.60380715	-0.10247946	0	0	79.0	0.89619976	0.005379753	128000	227.90686440467834
32	1000.0	0.0	1000.0	1000.0	11.580541	3.3648982	15.763343	7.7195125	1000.0	11361.94	0.086075306	77.68632	0.001189194	77.68787	77.67663	0.7816763	0.15299419	1.207311	0.35766056	-5.2952765e-07	-0.0019351695	-2.1755695e-09	-0.001205678	423.8391	-44.93515	1.0928047	-0.038851023	0	0	79.0	0.89437973	0.00500239	132000	232.93979120254517
33	1000.0	0.0	1000.0	1000.0	9.428395	4.3785815	14.774533	4.952953	1000.0	11399.654	0.083820984	78.83668	0.0012202592	78.83832	78.825516	0.872387	0.19871545	1.6409434	0.30021888	3.5524369e-07	-0.004483156	2.6226044e-09	-0.0029759419	381.26852	-41.223328	0.625029	-0.009337068	0	0	79.0	0.87953466	0.004797083	136000	240.65874791145325
34	1000.0	0.0	1000.0	1000.0	15.5355015	6.5623517	25.127651	6.817024	1000.0	11461.796	0.08186997	79.94957	0.0022275469	79.951675	79.92527	0.56574404	0.26315182	1.3321228	-0.23921677	-3.8766862e-07	-0.0008774023	-3.784895e-09	0.0021244308	342.22107	-37.779755	3.358346	-0.5641756	0	0	79.0	0.86351043	0.0027939794	140000	248.47901606559753
35	1000.0	0.0	1000.0	1000.0	9.993663	1.5793933	11.85678	8.053479	1000.0	11501.7705	0.079873405	81.02785	0.0012350646	81.02924	81.01745	1.2727588	0.10757919	1.6002945	0.8577086	-8.4424016e-07	-0.001307061	-5.960465e-11	0.00051589985	306.405	-34.574738	0.4736142	-0.09558508	0	0	10.0	0.8650985	0.012673871	144000	255.8028690814972
36	1000.0	0.0	1000.0	1000.0	20.197468	4.621424	23.665741	12.2944975	1000.0	11582.561	0.07826054	82.07109	0.0011596506	82.07246	82.06075	1.0225158	0.109418884	1.4631754	0.7175329	4.1222572e-07	-0.0035061964	-2.3961068e-08	-0.000951914	273.6341	-31.593506	4.0664687	-0.59378314	0	0	7.0	0.8663084	0.015445082	148000	260.96959614753723
37	1000.0	0.0	1000.0	1000.0	7.7965894	0.6756895	8.255125	6.6313214	1000.0	11613.747	0.07640623	83.080154	0.0016066437	83.08183	83.0645	1.3765119	0.27630338	2.2705126	0.66027343	1.6927719e-07	-0.0018045204	2.6226044e-09	0.00097287877	243.69838	-28.817291	0.60018104	-0.36061645	0	0	79.0	0.86761695	0.0038517276	152000	268.8180687427521
38	1000.0	0.0	1000.0	1000.0	14.621924	5.5327287	23.466427	9.700009	1000.0	11672.234	0.074822016	84.056915	0.0009635309	84.05817	84.05076	1.045164	0.23940678	1.9438854	0.4205317	5.7387354e-07	-0.0018782512	-4.351139e-09	0.0069013	216.37415	-26.228119	1.3934622	-0.060164094	0	0	10.0	0.8464192	0.013302356	156000	276.23243403434753
39	1000.0	0.0	1000.0	1000.0	48.29315	6.8248034	57.203094	38.34587	1000.0	11865.407	0.074158795	85.001144	0.0006737999	85.00213	84.996376	1.6654327	0.33086798	2.5454273	0.8071713	6.2465666e-08	-0.0019084247	-2.0086766e-08	0.0041895183	191.50397	-23.816162	12.757007	-7.1258035	0	0	79.0	0.84566885	0.0035916804	160000	284.1227777004242
40	952.5	71.19515	1000.0	830.0	57.0747	14.077817	71.16572	34.33089	952.5	12128.6045	0.0739549	85.913	0.0009463062	85.91408	85.903625	4.243284	0.56555736	5.8075194	2.1645186	2.861023e-09	-0.008379056	3.1471252e-08	0.009082744	284.52042	-9.430481	21.187075	-2.5325985	0	0	79.0	0.8486212	0.008536679	164000	289.6241271495819
41	934.5	71.345985	1000.0	829.0	69.6058	7.3333354	79.376305	60.766064	934.5	12439.27	0.074043274	86.51442	0.00047214708	86.51524	86.509674	5.784764	0.6376668	8.103909	3.7893214	-5.2064657e-08	-0.016006809	2.9444694e-08	0.001682109	274.98288	-7.9500427	13.334191	-2.1352081	0	0	2.0	0.85174733	0.026624298	168000	297.1957199573517
42	1000.0	0.0	1000.0	1000.0	15.778111	8.800315	30.930677	9.168668	1000.0	12502.382	0.07268827	87.05967	0.00079650315	87.06071	87.05162	6.6253347	0.829422	9.107556	3.477044	-3.6358833e-07	0.0025670032	-8.34465e-08	-0.013439545	142.54514	-18.684341	24.34168	-21.856491	0	0	5.0	0.850461	0.013418918	172000	304.50473833084106
43	1000.0	0.0	1000.0	1000.0	9.991621	5.925883	19.915375	4.4342837	1000.0	12542.349	0.07126334	87.89039	0.0008266612	87.891495	87.8848	1.8596404	0.56736165	3.449311	0.20535174	-8.392334e-08	-0.0020207015	6.437302e-09	0.00022602559	124.83091	-17.53402	2.6575077	-1.0990889	0	0	79.0	0.8486238	0.0041398476	176000	312.3825771808624
44	1000.0	0.0	1000.0	1000.0	7.3291106	1.8049828	9.089191	4.4788613	1000.0	12571.665	0.069842584	88.72586	0.00084771984	88.726906	88.71506	0.8234276	0.4383289	2.0711985	-0.71551526	-8.392334e-08	-0.0025386852	-7.3313715e-09	0.007945547	108.199844	-15.628372	0.5829795	-0.078392625	0	0	8.0	0.83725387	0.015026478	180000	319.59738659858704
45	1000.0	0.0	1000.0	1000.0	21.075962	7.337711	33.139973	13.309401	1000.0	12655.969	0.06878244	89.52693	0.00062517246	89.52776	89.52026	0.8882036	0.38128245	1.8740708	-0.3389362	4.2438506e-07	-0.0033321192	1.1384487e-08	-0.0019067142	93.37085	-13.879211	3.7301543	-0.9451351	0	0	79.0	0.8362304	0.0034280778	184000	324.75868582725525
46	1000.0	0.0	1000.0	1000.0	13.442505	9.804248	30.34328	6.4201756	1000.0	12709.738	0.06760499	90.29343	0.00060718745	90.29428	90.288185	1.7281718	0.39082718	3.056521	0.503622	1.5878678e-07	-0.0032440873	-2.9802324e-11	0.0005042127	80.203415	-12.277039	1.7667584	-0.28788698	0	0	79.0	0.8271889	0.0033424015	188000	331.8150098323822
47	910.25	155.45155	1000.0	641.0	31.078032	8.1067295	43.201565	20.813343	910.25	12850.671	0.06693058	91.0262	0.00038926746	91.02694	91.02147	1.5823171	0.50895894	4.0095677	0.47815585	8.130073e-08	-0.012431585	-3.784895e-09	-0.017634265	147.438	-5.4702606	7.485625	-3.5896316	0	0	3.0	0.83477783	0.023106258	192000	339.1171615123749
48	1000.0	0.0	1000.0	1000.0	6.7431355	2.7572796	10.922322	3.9777043	1000.0	12877.644	0.06570226	91.53533	0.0008818546	91.5366	91.52683	1.3536792	0.828066	3.717441	-1.3301281	3.218651e-07	-0.00091008976	-6.1839818e-09	-0.003766782	60.993103	-9.625393	1.5540156	-0.8314689	0	0	79.0	0.83378106	0.0040244656	196000	346.6786696910858
49	1000.0	0.0	1000.0	1000.0	15.480502	5.562106	20.997728	6.6385584	1000.0	12939.565	0.064697824	92.19449	0.0011087018	92.19599	92.18653	0.3897517	0.524806	1.8070598	-1.1086268	6.484986e-08	-0.0020924541	-2.2470951e-08	-0.00030653997	51.863976	-8.730076	3.0341084	-1.5801402	0	0	79.0	0.83743995	0.0027194906	200000	351.86370301246643
