Epoch	AverageEpRet	StdEpRet	MaxEpRet	MinEpRet	AverageEpCost	StdEpCost	MaxEpCost	MinEpCost	EpLen	CumulativeCost	CostRate	AverageVVals	StdVVals	MaxVVals	MinVVals	AverageCostVVals	StdCostVVals	MaxCostVVals	MinCostVVals	LossPi	DeltaLossPi	SurrCost	DeltaSurrCost	LossV	DeltaLossV	LossVC	DeltaLossVC	Penalty	DeltaPenalty	StopIter	Entropy	KL	TotalEnvInteracts	Time
0	14.966292	7.729678	46.0	5.0	0.0	0.0	0.0	0.0	14.966292	0.0	0.0	-0.0042331964	0.10821765	0.383732	-0.42258754	0.0019970145	0.15021342	0.48490098	-0.5278432	7.236004e-08	-0.020290382	-1.2516975e-09	0.00039016193	130.0169	-19.512207	0.02257735	-0.022535002	0	0	5.0	0.9189385	0.018299479	4000	6.5637290477752686
1	19.211538	11.0798435	66.0	4.0	0.0	0.0	0.0	0.0	19.211538	0.0	0.0	1.1473204	0.3548151	2.7590523	-0.24838106	0.00020762003	0.002605017	0.011607764	-0.02625657	-8.1658364e-08	-0.015664984	-3.4458936e-11	-1.1102734e-05	196.47856	-71.46498	6.826951e-06	-3.4345894e-06	0	0	7.0	0.9171872	0.016456654	8000	11.638784646987915
2	25.369427	15.399266	92.0	5.0	0.0	0.0	0.0	0.0	25.369427	0.0	0.0	4.768238	1.758807	10.195909	-3.879283	-8.877759e-05	0.0025906423	0.025404025	-0.041829936	6.198883e-09	-0.01582924	4.6566128e-12	1.3040281e-05	244.96956	-92.69664	6.7201004e-06	-8.1239386e-07	0	0	8.0	0.9148985	0.0150766885	12000	16.999958038330078
3	36.477066	20.82412	134.0	8.0	0.0	0.0	0.0	0.0	36.477066	0.0	0.0	10.686776	0.49274388	11.806428	7.5728397	-0.00025058968	0.003812597	0.036385518	-0.03798358	4.6253206e-08	-0.018492948	-1.8626452e-12	-5.1392763e-06	299.89276	-73.615204	1.4599476e-05	-4.2370784e-06	0	0	79.0	0.91228354	0.007486875	16000	22.461678743362427
4	47.439026	26.060013	142.0	7.0	0.0	0.0	0.0	0.0	47.439026	0.0	0.0	15.325942	0.904663	16.884293	9.945242	0.00061256584	0.0038946406	0.03241235	-0.029437073	2.9087067e-08	-0.017442426	-7.450581e-12	8.531809e-06	378.2975	-66.57742	1.5621148e-05	-6.3618754e-06	0	0	79.0	0.9117603	0.0065484364	20000	28.5660719871521
5	64.96722	27.180012	169.0	18.0	0.0	0.0	0.0	0.0	64.96722	0.0	0.0	19.265186	0.6195454	20.259842	16.126526	0.00018423263	0.0032710268	0.025838453	-0.02526454	2.9087067e-08	-0.010470425	-1.1175871e-11	9.71963e-06	406.30902	-69.28946	1.074172e-05	-3.6866409e-06	0	0	79.0	0.9027288	0.005165327	24000	34.6911256313324
6	83.25	43.478683	244.0	13.0	0.0	0.0	0.0	0.0	83.25	0.0	0.0	20.959541	3.227002	23.573168	3.0476723	-5.817336e-05	0.00247867	0.016991587	-0.023111846	3.0994414e-08	-0.0093690045	-3.7252905e-12	1.6255318e-06	665.50354	-104.22394	6.149181e-06	-1.8321603e-06	0	0	79.0	0.9001793	0.00473653	28000	40.8308789730072
7	104.052635	48.016964	235.0	10.0	0.0	0.0	0.0	0.0	104.052635	0.0	0.0	25.682825	2.0417218	26.52373	-1.6003109	-0.00046375347	0.002202471	0.020319456	-0.013677923	-5.00679e-09	-0.005657344	-1.4901162e-11	8.635763e-07	759.41864	-84.861755	5.1236157e-06	-1.9024519e-06	0	0	79.0	0.9019634	0.0027268147	32000	47.18145966529846
8	116.35294	55.489735	269.0	49.0	0.0	0.0	0.0	0.0	116.35294	0.0	0.0	28.387556	1.9832276	29.141815	-4.564629	-5.8635043e-05	0.0017467466	0.014066499	-0.0122160865	-6.7949295e-09	-0.004686947	1.0244548e-11	-5.6635217e-06	823.22217	-78.33295	3.054235e-06	-8.0910877e-07	0	0	79.0	0.8987857	0.0035228143	36000	53.00107145309448
9	143.88889	76.28423	346.0	55.0	0.0	0.0	0.0	0.0	143.88889	0.0	0.0	31.104979	1.2476935	31.535673	16.112955	-6.124447e-05	0.0011322399	0.011979956	-0.0055368114	2.026558e-09	-0.0067881355	5.820766e-12	2.6454522e-06	1076.9707	-102.79932	1.2850992e-06	-2.925217e-07	0	0	79.0	0.88476014	0.0038703927	40000	58.74494433403015
10	147.40741	69.07766	332.0	51.0	0.0	0.0	0.0	0.0	147.40741	0.0	0.0	33.98779	0.6640127	34.118023	20.208546	-0.0001575717	0.0011621346	0.012022253	-0.0062390687	7.212162e-08	-0.004841288	0.0	-1.3844576e-06	931.9104	-67.835144	1.3938476e-06	-2.874708e-07	0	0	79.0	0.9017186	0.0033299886	44000	65.09346985816956
11	190.85	87.143715	447.0	68.0	0.0	0.0	0.0	0.0	190.85	0.0	0.0	36.115757	0.15004632	36.19428	34.725716	-6.885946e-06	0.0012765818	0.009496252	-0.006894374	-5.2452087e-09	-0.0023965437	-3.2596291e-12	-6.5241824e-07	1205.9319	-107.340576	1.6306502e-06	-3.410164e-07	0	0	79.0	0.9122558	0.0026652631	48000	70.7049150466919
12	495.25	283.0776	954.0	141.0	0.0	0.0	0.0	0.0	495.25	0.0	0.0	38.394253	0.66587937	38.63999	31.915607	9.573864e-05	0.0011598244	0.007031444	-0.00697728	6.651879e-08	-0.0030133221	-6.053597e-12	-1.0378582e-06	2421.988	-300.01562	1.3628917e-06	-1.902788e-07	0	0	79.0	0.91175514	0.0026854468	52000	75.82531023025513
13	486.0	386.88058	1000.0	73.0	0.0	0.0	0.0	0.0	486.0	0.0	0.0	42.14989	0.038693406	42.18268	41.748672	-3.587022e-05	0.0008225734	0.0093651675	-0.0071899174	2.7179718e-08	-0.00651639	1.6298146e-12	-6.540781e-07	2397.9958	-260.1394	6.913487e-07	-5.657415e-08	0	0	79.0	0.9024658	0.0043364647	56000	81.44620203971863
14	770.2	342.10312	1000.0	118.0	0.0	0.0	0.0	0.0	770.2	0.0	0.0	45.22613	0.034956597	45.263786	45.00029	-5.580935e-05	0.00076246087	0.0054219645	-0.0068302206	-2.015829e-07	-0.0029803521	-3.7252905e-12	-8.9867035e-07	2360.9932	-245.67627	6.9944656e-07	-5.8416276e-08	0	0	79.0	0.9159204	0.0029916603	60000	86.97522163391113
15	1000.0	0.0	1000.0	1000.0	0.0	0.0	0.0	0.0	1000.0	0.0	0.0	48.016743	0.016119888	48.03832	47.885746	4.4511275e-05	0.00066915224	0.0049492475	-0.0049864114	6.556511e-07	-0.002188257	-3.7252905e-12	5.994742e-07	2300.394	-234.62402	4.6094254e-07	-4.6602594e-08	0	0	8.0	0.89537007	0.012853597	64000	92.26406192779541
16	900.25	172.77206	1000.0	601.0	0.0	0.0	0.0	0.0	900.25	0.0	0.0	50.580353	0.03226924	50.609062	50.302464	4.0135877e-05	0.0008448243	0.0054821735	-0.009696407	-9.3579295e-08	-0.0025184306	3.2596291e-12	1.6645439e-06	1959.995	-179.86731	7.185695e-07	-1.5301498e-07	0	0	15.0	0.89355767	0.012034267	68000	97.53456592559814
17	475.375	345.458	1000.0	129.0	0.0	0.0	0.0	0.0	475.375	0.0	0.0	52.787144	0.0078095794	52.79736	52.753742	3.2594256e-05	0.00066711917	0.0061497437	-0.00430713	4.1723253e-10	-0.00188312	-4.656613e-13	-7.5894405e-08	1481.25	-96.412964	4.6707905e-07	-5.3401493e-08	0	0	79.0	0.8920171	0.005337908	72000	103.4591372013092
18	965.75	59.32274	1000.0	863.0	0.0	0.0	0.0	0.0	965.75	0.0	0.0	54.3811	0.026087573	54.403294	54.010494	0.00013692048	0.00072220777	0.004153698	-0.007050804	1.0490417e-08	-0.004370791	-4.656613e-13	-5.257502e-08	1693.0468	-143.46472	5.340668e-07	-8.6601545e-08	0	0	7.0	0.8809594	0.015287144	76000	108.70573425292969
19	890.0	190.52559	1000.0	560.0	0.0	0.0	0.0	0.0	890.0	0.0	0.0	56.279766	0.0050431173	56.287926	56.247902	1.0819285e-05	0.00058290537	0.0041015083	-0.0061242376	-1.08242034e-07	-0.0010799604	-9.313226e-13	1.9964366e-06	1535.7457	-130.01001	3.410796e-07	-3.4024936e-08	0	0	79.0	0.8786392	0.0034117156	80000	114.54062104225159
20	1000.0	0.0	1000.0	1000.0	0.0	0.0	0.0	0.0	1000.0	0.0	0.0	58.083477	0.0057607093	58.090786	58.051205	3.900844e-05	0.000542136	0.0064269966	-0.0038336187	8.678436e-08	-0.0022280575	1.6298146e-12	-5.581023e-07	1495.6425	-132.71826	3.3572164e-07	-3.8697777e-08	0	0	79.0	0.86469835	0.0029049902	84000	120.65949511528015
21	829.25	219.25029	1000.0	464.0	0.0	0.0	0.0	0.0	829.25	0.0	0.0	59.883408	0.0047578304	59.8912	59.849464	-5.6453042e-05	0.00049341045	0.0046949233	-0.0036684105	-3.194809e-08	-0.0016943314	2.910383e-13	-4.3547635e-07	1280.932	-97.877075	2.5380507e-07	-2.0411264e-08	0	0	10.0	0.85649604	0.012824152	88000	125.5159981250763
22	1000.0	0.0	1000.0	1000.0	0.0	0.0	0.0	0.0	1000.0	0.0	0.0	61.437702	0.0042196796	61.44526	61.417385	-6.514971e-06	0.0004233024	0.0033258612	-0.0050926744	-6.7472456e-07	-0.0017660672	-2.3283065e-13	-1.9585734e-06	1265.8652	-110.83423	1.7938605e-07	1.6868186e-07	0	0	10.0	0.85533565	0.013009688	92000	130.83695220947266
23	892.25	108.45823	1000.0	767.0	0.0	0.0	0.0	0.0	892.25	0.0	0.0	63.07569	0.002087122	63.0792	63.064945	0.00036916378	0.00057944545	0.005933845	-0.003600014	5.7697296e-08	-0.0035417713	-2.3283064e-12	-1.9563967e-07	1093.0472	-80.849365	4.5407745e-07	-1.6416547e-07	0	0	79.0	0.855536	0.0039884713	96000	136.41265201568604
24	1000.0	0.0	1000.0	1000.0	0.0	0.0	0.0	0.0	1000.0	0.0	0.0	64.491264	0.0022791056	64.495285	64.479095	5.610796e-05	0.0004895843	0.0055245687	-0.0038021908	-4.4417382e-07	-0.0019439074	-4.656613e-13	-4.496978e-07	1073.3265	-94.56232	2.4208487e-07	-3.5091787e-08	0	0	8.0	0.8730585	0.016673965	100000	141.8344123363495
