Epoch	AverageEpRet	StdEpRet	MaxEpRet	MinEpRet	AverageEpCost	StdEpCost	MaxEpCost	MinEpCost	EpLen	CumulativeCost	CostRate	AverageVVals	StdVVals	MaxVVals	MinVVals	AverageCostVVals	StdCostVVals	MaxCostVVals	MinCostVVals	LossPi	DeltaLossPi	SurrCost	DeltaSurrCost	LossV	DeltaLossV	LossVC	DeltaLossVC	Penalty	DeltaPenalty	Optim_A	Optim_B	Optim_c	Optim_q	Optim_r	Optim_s	Optim_Lam	Optim_Nu	OptimCase	Margin	BacktrackIters	Entropy	KL	TotalEnvInteracts	Time
0	15.928287	7.6898828	43.0	5.0	0.30746207	0.46412224	6.650251	0.013462004	15.928287	77.197685	0.019299421	-0.0006593349	0.215351	0.6792873	-0.6483072	0.0013578355	0.068168335	0.28549567	-0.2725495	-6.866455e-08	-0.02215858	-1.4305115e-09	0.0007632338	135.72987	-22.12909	0.29972047	-0.06740174	0.0	0.0	0.04942342	-0.050011925	-0.0120878	0.050687257	-0.0017541812	0.0024347643	2.251383	0.0	3.0	0.0	0.0	0.9189385	0.004353217	4000	5.162800550460815
1	17.06867	7.936687	56.0	5.0	0.32632565	0.33510712	2.9367976	0.029240672	17.06867	153.6651	0.019208137	1.2301044	0.17794615	2.1714964	0.5143784	0.2393927	0.09639337	0.6872739	-0.30310047	-1.502037e-08	-0.021566026	1.0728836e-09	0.0015696064	126.15646	-52.86405	0.11691125	-0.008192696	0.0	0.0	0.034361333	-0.09957685	-0.010175036	0.04552815	-0.0032481889	0.0009448288	2.1337328	0.0	3.0	0.0	0.0	0.9005563	0.0045369156	8000	9.78592300415039
2	19.323671	8.512371	56.0	5.0	0.41158003	0.83687925	10.080931	0.026655274	19.323671	238.86215	0.01990518	4.998393	0.33460447	6.5411086	3.4530075	0.2447704	0.018273614	0.31632492	0.16759044	-2.1457673e-08	-0.01749667	-1.1190772e-08	0.0030142886	91.24367	-34.18337	0.7714043	-0.018674612	0.0	0.0	0.025614293	0.0065894993	-0.0045757336	0.029673293	-0.004991846	0.00613908	1.7225938	0.0	2.0	0.0	0.0	0.8917745	0.004337882	12000	14.51035761833191
3	22.666666	10.766772	69.0	6.0	0.60198325	1.3234329	10.850414	0.02480996	22.666666	345.53488	0.02159593	9.330544	0.22778526	9.817689	8.294666	0.3589308	0.10175083	1.0498027	-0.054172244	2.861023e-09	-0.008926814	1.4901161e-10	-0.004659935	99.39936	-15.769119	1.5921572	-0.120087385	1.1197001	0.0	0.017474372	0.008906154	0.0044992613	0.028709503	-0.014419567	0.018506587	1.4007341	1.1197001	1.0	0.0	0.0	0.87527895	0.004037259	16000	19.18498969078064
4	24.685184	9.969999	53.0	6.0	0.54476035	0.70369554	4.4867067	0.020858502	24.685184	433.78632	0.021689316	12.486475	0.90269905	14.899294	6.19862	0.5931474	0.35719526	2.2013547	-1.457711	-9.298325e-09	-0.008625473	3.3378602e-09	-0.0020671925	73.68161	-1.7777176	0.52583796	-0.1449996	1.7513005	0.0	0.013884453	0.009574791	0.0018132475	0.030568661	-0.01135818	0.0077323574	1.2042031	1.7513005	1.0	0.0	0.0	0.85924536	0.0043605724	20000	23.92646837234497
5	26.298014	10.49364	58.0	6.0	0.482972	0.5270679	4.6253805	0.013686686	26.298014	506.78397	0.021115998	13.344922	1.2148273	15.7922125	6.5286927	0.43121186	0.035138607	0.6085338	0.18505386	-2.2768974e-08	-0.008652785	-1.6242265e-09	0.0005516649	80.54338	-2.6077347	0.20746303	-0.010218501	1.6969187	0.0	0.009161776	0.009853581	-0.0006475015	0.019662263	-0.0054833665	0.0028634204	0.964257	1.6969187	2.0	0.0	1.0	0.84009904	0.0024617277	24000	28.681232929229736
6	30.728682	12.339985	81.0	7.0	0.48068702	0.4650292	2.1332939	0.016424546	30.728682	569.331	0.02033325	14.098388	0.6577761	15.649863	9.592537	0.36419302	0.050197966	0.5279046	0.12274444	-1.34706495e-08	-0.009985745	3.2782554e-10	0.00050979364	109.398094	-8.483452	0.14449972	-0.0021624416	1.6333852	0.0	0.013146445	0.009888077	-0.00062850007	0.025078753	-0.0064894482	0.0035293202	1.1530503	1.6333852	2.0	0.0	1.0	0.81651706	0.0028355238	28000	33.319507360458374
7	30.623077	10.174074	67.0	12.0	0.5086109	0.48169252	2.985644	0.02617096	30.623077	635.52185	0.019860057	15.914816	1.3213228	17.867018	7.327766	0.3532833	0.017218277	0.42743817	0.19825535	4.768372e-10	-0.0057563377	-1.6689301e-09	-0.00025501318	84.81431	-9.629509	0.14490075	-0.0019223094	2.328376	0.0	0.0042345338	0.009970148	0.00028119003	0.017753594	-0.0059840046	0.002648728	0.6517064	2.328376	1.0	0.0	0.0	0.7889272	0.004529996	32000	34.314770460128784
8	31.968	12.956503	128.0	10.0	0.5426622	0.492481	3.524846	0.04983088	31.968	703.35535	0.019537648	15.33008	1.6333326	17.362806	4.408836	0.3804839	0.028115908	0.5427692	0.24414217	1.6570091e-08	-0.0050206897	8.9406965e-10	-0.0013429727	110.48669	-17.740685	0.15502298	-0.00047643483	1.6120731	0.0	0.0048038205	0.009500176	0.0013345283	0.011256902	-0.004795157	0.0035631864	0.7110949	1.6120731	1.0	0.0	0.0	0.742104	0.0038895742	36000	38.9433331489563
9	34.92105	12.362326	108.0	19.0	0.52377295	0.38862494	2.099397	0.06249137	34.92105	763.1029	0.019077573	16.02904	2.9236042	18.291588	4.113706	0.3803827	0.01844423	0.4432896	0.2506279	3.8146974e-09	-0.003376463	4.1723253e-10	-0.00072414544	90.28535	-18.624344	0.08664338	-0.0007006079	1.74222	0.0	0.002071458	0.0097604375	0.00068076287	0.0069014817	-0.0030567588	0.0019345193	0.4606843	1.74222	1.0	0.0	0.0	0.7121969	0.0036675592	40000	43.608641624450684
10	35.714287	9.715074	72.0	20.0	0.4594636	0.30058536	1.2917536	0.022272285	35.714287	814.5628	0.018512791	16.957026	4.4446626	20.42152	1.8396746	0.37059075	0.018996112	0.416566	0.22205064	-1.180172e-08	-0.007361964	1.1026859e-09	0.0009399868	54.258965	-11.624527	0.05668512	-0.0024845898	2.315345	0.0	0.0033893036	0.008714665	-0.0011350192	0.012540165	-0.0030284892	0.0010022823	0.62363416	2.315345	2.0	0.0	1.0	0.6795074	0.0019718234	44000	48.33538317680359
11	37.31132	10.746095	65.0	21.0	0.52610284	0.23490022	1.2319751	0.06665936	37.31132	870.684	0.01813925	16.836914	5.781537	21.525898	1.0640277	0.3273902	0.028251437	0.39543742	0.14732738	3.0994416e-09	-0.0029251885	9.23872e-10	-0.0007613241	49.17282	-9.907345	0.035253312	-0.0012764223	3.4694924	0.0	0.0025759726	0.00923846	0.0006995957	0.007961435	-0.0018604259	0.0006426903	0.5280449	3.4694924	1.0	0.0	0.0	0.6874161	0.00486573	48000	52.97217130661011
12	36.787037	10.310952	93.0	21.0	0.42610547	0.20715365	1.1151005	0.117029294	36.787037	917.05035	0.017635584	17.652761	6.906808	23.18224	-0.02056317	0.36439902	0.020282136	0.4133944	0.2248569	9.6559525e-09	-0.007150199	2.0861626e-10	0.0016120356	40.135242	-5.571705	0.033810716	-0.00591352	0.0	0.0	0.0016888469	0.001774095	-0.0020087112	0.0074929325	-0.0016873011	0.0004905139	0.8656173	0.0	2.0	0.0	1.0	0.6588777	0.0030783443	52000	57.61253762245178
13	39.544556	10.610591	73.0	22.0	0.49017787	0.23407492	1.0742383	0.047341425	39.544556	966.60944	0.017260883	17.534687	7.540727	23.718954	-0.20490906	0.295747	0.016645655	0.35283965	0.22639866	1.2218952e-08	-0.004454268	-3.874302e-10	0.00020645943	40.052124	-4.7946625	0.037123412	-0.0013433658	2.9458735	0.0	0.002175645	0.00992051	-0.00024838134	0.009613885	-0.0024027014	0.000776121	0.46830308	2.9458735	2.0	0.0	1.0	0.64292705	0.0030573315	56000	62.34717273712158
14	40.561226	12.671732	93.0	20.0	0.5514677	0.26279798	1.4751556	0.13497107	40.561226	1020.7662	0.01701277	18.090149	8.42286	25.149332	-0.04653605	0.32800156	0.016588759	0.37169495	0.26899657	4.529953e-09	-0.0052944934	1.2218953e-09	-0.0013030756	47.53778	-4.8094826	0.044116374	-0.0019060224	3.5248353	0.0	0.0073700855	0.007779608	0.0012688895	0.00977649	-0.0013209712	0.0007251336	0.97332394	3.5248353	1.0	0.0	0.0	0.6168937	0.0044534677	60000	64.48822069168091
15	40.333332	8.125281	61.0	23.0	0.49552748	0.18201202	1.0419853	0.1391548	40.333332	1069.8694	0.01671671	18.93091	8.956742	26.586163	0.36157063	0.3652961	0.034919668	0.48190305	0.2207448	-7.033348e-09	-0.0049811457	-8.046627e-10	8.604378e-05	22.926369	-2.8157368	0.026847595	-0.0023131724	2.9781458	0.0	0.0021226318	0.009980058	-0.00011088903	0.007900687	-0.0018875564	0.0006166208	0.46118036	2.9781458	2.0	0.0	0.0	0.60459733	0.004106798	64000	69.1277961730957
16	42.430107	10.556961	70.0	26.0	0.48103455	0.20088609	1.0450166	0.16101742	42.430107	1114.9194	0.016395874	18.596262	9.041849	26.46749	0.9603455	0.3414785	0.016464923	0.3548115	0.16607787	-4.4465065e-08	-0.006571076	1.7881394e-10	0.00037277257	31.737072	-3.3585339	0.025366057	-0.0014872327	2.718306	0.0	0.0040505794	0.009493074	-0.00044698102	0.00876668	-0.0013633536	0.00039412497	0.65321344	2.718306	2.0	0.0	1.0	0.6165086	0.0025967595	68000	73.60516548156738
17	44.344444	14.381438	98.0	27.0	0.53262645	0.22277372	1.1859401	0.17624912	44.344444	1162.8975	0.016151354	19.464806	9.417231	27.731617	1.2842268	0.32999918	0.030713037	0.42023173	0.2220038	1.7255545e-08	-0.0026562123	8.1956386e-10	-0.0007840312	49.051556	-5.108135	0.036151674	-0.00047415122	3.0401063	0.0	0.0021198513	0.008933345	0.0007357506	0.004884371	-0.0011844821	0.0005075015	0.48713085	3.0401063	1.0	0.0	0.0	0.5953369	0.0037342114	72000	78.17910552024841
18	42.80645	10.387397	74.0	28.0	0.4987566	0.1556098	0.8624332	0.1418444	42.80645	1209.3807	0.015912905	20.273146	10.090326	29.419956	1.6616013	0.34320202	0.019937646	0.39501262	0.23019207	-1.9073486e-08	-0.0031536159	-3.1292438e-10	2.7066842e-05	25.997581	-2.3498592	0.018987669	-0.0002059117	3.2119446	0.0	0.0038999896	0.009995241	-2.9047316e-05	0.0058477474	-0.0005876542	0.0001773	0.6246476	3.2119446	2.0	0.0	3.0	0.5699455	0.0011830612	76000	82.7036247253418
19	45.352272	10.848167	89.0	28.0	0.4505187	0.13115495	0.762855	0.15714234	45.352272	1249.0311	0.015612889	20.095013	9.843057	29.071836	1.8180342	0.3370426	0.022970384	0.4004743	0.2042507	2.0503998e-08	-0.0077843615	5.662441e-10	0.0010531639	29.63024	-1.9759159	0.013735845	-0.0011291057	0.0	0.0	0.002367193	0.003915113	-0.0010910435	0.0059494064	-0.0008371273	0.00019562826	0.76727223	0.0	2.0	0.0	0.0	0.54016095	0.0049329917	80000	87.29064726829529
20	47.095238	10.920294	75.0	29.0	0.5115221	0.1397655	1.1561115	0.2745994	47.095238	1292.0388	0.015381414	20.505243	10.157443	29.891657	1.9971277	0.30544728	0.018331546	0.34689972	0.19272295	4.2915342e-09	-0.004651922	1.0430813e-10	-0.00022164284	29.2793	-2.665741	0.015622847	-0.001376112	4.205416	0.0	0.0033175007	0.009389505	0.00024465562	0.004044271	-0.00026693934	9.8045566e-05	0.5944073	4.205416	1.0	0.0	0.0	0.5380046	0.0044579306	84000	92.07954788208008
21	47.47619	10.286926	81.0	31.0	0.526655	0.14201605	1.0261093	0.31820583	47.47619	1336.2892	0.015185105	21.205866	10.582973	31.187756	1.9736037	0.34245917	0.022574132	0.39771962	0.24247044	-1.5616417e-08	-0.0010191216	-2.5331975e-10	-0.00061937503	23.67785	-1.7092571	0.014986082	-0.00038475264	5.9940953	0.0	0.0015854808	0.0076641543	0.0005614397	0.0038564154	-0.00055358384	0.00013494666	0.45482925	5.9940953	1.0	0.0	0.0	0.48701173	0.0032705255	88000	94.29307889938354
22	46.611763	10.215437	85.0	31.0	0.52554786	0.12886842	0.87111366	0.25731292	46.611763	1381.0464	0.015011374	21.06105	10.621408	31.507595	1.722086	0.35444236	0.023880687	0.40694672	0.24193679	-4.529953e-09	-0.00049310573	-7.0035455e-10	-0.00059345056	21.858849	-1.3425827	0.013890127	-0.00025512092	8.29398	0.0	0.0018406783	0.006870907	0.00054809905	0.0045783077	-0.0005126691	9.6006275e-05	0.5175853	8.29398	1.0	0.0	0.0	0.4969371	0.0038439448	92000	98.96342706680298
23	45.284092	9.153922	69.0	29.0	0.52125555	0.108650185	0.8575807	0.32364476	45.284092	1426.9437	0.014863997	20.766102	10.617252	31.65034	1.5742438	0.36003587	0.025196351	0.3944324	0.20185645	-4.4107438e-09	-0.00051377364	1.1026859e-09	-0.00045682496	16.122583	-1.2613077	0.010878357	-0.00022423081	9.997021	0.0	0.0017041296	0.0059627807	0.00046938233	0.0032958717	-0.00029472835	5.457216e-05	0.53459746	9.997021	1.0	0.0	0.0	0.49180347	0.004607663	96000	103.63961744308472
24	47.309525	10.832025	105.0	35.0	0.42789945	0.11808966	0.7234364	0.107425734	47.309525	1462.9031	0.014629031	21.297722	10.476144	31.579506	1.3701411	0.35829455	0.025233708	0.38503978	0.1503715	5.4836273e-09	-0.005018514	8.9406965e-10	0.00058921863	24.876545	-1.9232082	0.015490515	-0.004888961	0.0	0.0	0.0014617923	-0.016640475	-0.0015240177	0.0037385381	-0.00044552932	8.718425e-05	0.6114359	0.0	3.0	0.0	1.0	0.46314687	0.003224806	100000	108.35549712181091
25	45.284092	8.750258	71.0	28.0	0.4812021	0.116359495	0.70391273	0.23832765	45.284092	1505.2665	0.014473716	20.843372	10.787987	32.27261	0.9978896	0.29244062	0.028611714	0.35284021	0.16776308	1.3589859e-08	-0.0061961315	-1.3411044e-10	0.0003692872	14.040205	-1.0656033	0.013238968	-0.0016073138	1.120312	0.0	0.0040194923	0.007892048	-0.00041511055	0.005859576	-0.00038783965	8.174605e-05	0.713659	1.120312	2.0	0.0	1.0	0.46188223	0.0028977066	104000	112.98153614997864
26	46.418606	12.44473	106.0	30.0	0.50617856	0.12098426	0.83428127	0.21009664	46.418606	1548.8079	0.014340813	20.46525	10.537936	31.878132	1.1762334	0.32929453	0.028308533	0.3674247	0.16815001	-1.2874604e-08	-0.0053203404	-2.9802322e-10	-0.00012283587	26.03147	-1.911684	0.013347724	-0.00031714235	8.0428	0.0	0.0039343527	0.00957133	0.0001331052	0.0054123052	-0.00024715165	4.133011e-05	0.6411365	8.0428	1.0	0.0	0.0	0.44596648	0.0046117944	108000	117.38875007629395
27	48.780487	11.601119	86.0	34.0	0.46542972	0.13240899	0.77847034	0.22279264	48.780487	1586.9731	0.014169403	22.002878	10.973221	33.25787	0.6367854	0.34565243	0.03076384	0.39170733	0.17568283	-1.7881394e-10	-0.004922311	6.780028e-10	0.0005778178	22.03307	-1.371603	0.014750222	-0.0013571512	2.6825788	0.0	0.00073177577	0.004799382	-0.00070869067	0.0037046818	-0.00053582113	9.657362e-05	0.3904778	2.6825788	2.0	0.0	1.0	0.42505723	0.002701097	112000	121.97355532646179
28	48.18072	10.920462	82.0	34.0	0.5063113	0.12502716	0.78086877	0.22718796	48.18072	1628.997	0.014043077	21.555845	11.15253	33.583023	0.5700832	0.30995277	0.029689735	0.33824605	0.16539124	-4.053116e-09	-0.005154734	1.192093e-10	-0.00013996755	17.258688	-1.0547581	0.013810501	-0.0013397085	5.6330566	0.0	0.003185584	0.009324053	0.00013099218	0.0033597152	-6.648557e-05	2.5385065e-05	0.58451027	5.6330566	1.0	0.0	0.0	0.41853356	0.0048301313	116000	123.53461503982544
29	46.0	9.08871	75.0	32.0	0.5108805	0.12183477	0.8448529	0.27038753	46.0	1673.5258	0.013946048	21.20629	11.084847	33.990772	0.6340159	0.33934367	0.03675116	0.38685986	0.16672394	7.987023e-09	-0.0023846268	1.2218953e-09	-0.00024868	11.434929	-1.1665955	0.012374264	-0.00035002176	5.4094815	0.0	0.0015170621	0.009290479	0.00023653197	0.002906701	-0.00033102304	7.885232e-05	0.4040942	5.4094815	1.0	0.0	0.0	0.40134573	0.0045767166	120000	127.80649399757385
30	47.345238	11.540297	98.0	34.0	0.49566233	0.1285574	0.81673706	0.2314453	47.345238	1715.1686	0.013832005	21.119707	10.978279	33.47564	0.64485556	0.34961537	0.03936766	0.39384285	0.16233057	-7.390976e-09	-0.0052426937	0.0	7.472992e-05	18.520388	-1.1649323	0.013771927	-0.00029933732	3.9806304	0.0	0.0027174132	0.009934684	-9.161784e-05	0.0051534325	-0.00055951683	0.00012851256	0.5229989	3.9806304	2.0	0.0	0.0	0.37265193	0.0046946956	124000	132.4787049293518
31	48.4321	10.591096	81.0	33.0	0.502707	0.1260298	0.8753713	0.25776184	48.4321	1755.9106	0.013718052	22.02539	11.245185	34.49819	0.8004291	0.34027845	0.03555047	0.37736773	0.14718561	-3.3378602e-09	-0.0036602921	1.2330711e-09	-6.0147773e-05	17.48227	-1.3783245	0.0121372165	-6.5259635e-05	4.44813	0.0	0.0014284373	0.009964871	5.589278e-05	0.0030051412	-0.00037445434	8.892985e-05	0.37861234	4.44813	1.0	0.0	0.0	0.33763206	0.0035097033	128000	136.76441264152527
32	47.843372	10.943978	87.0	33.0	0.49502113	0.1316071	0.8443046	0.23823316	47.843372	1797.0365	0.013613913	21.819824	11.454978	34.922665	0.63352406	0.33516693	0.039800555	0.37100986	0.14843974	7.867813e-09	-0.007390839	1.0728836e-09	8.53162e-05	14.74896	-0.6540928	0.013114425	-0.00012829155	4.713289	0.0	0.004510714	0.009681837	-0.00010406594	0.0060853353	-0.00023151113	3.4038287e-05	0.6825646	4.713289	2.0	0.0	0.0	0.33287215	0.0038878208	132000	141.38748121261597
33	49.625	10.350574	87.0	34.0	0.49039465	0.13148615	0.8363052	0.22371484	49.625	1836.3116	0.013502291	22.179703	11.412922	34.911736	0.7628614	0.33922675	0.03958452	0.37852556	0.1392119	2.1457671e-09	-0.0036493922	2.346933e-10	0.00016567703	14.104555	-0.8852997	0.011627935	-0.0002002269	4.634231	0.0	0.00081279734	0.009505088	-0.00019355865	0.0030059707	-0.00040746038	7.5700336e-05	0.29242402	4.634231	2.0	0.0	0.0	0.3037902	0.002730895	136000	145.3263704776764
34	50.36709	11.066173	83.0	34.0	0.47862384	0.11117987	0.7245983	0.23469804	50.36709	1874.165	0.013386893	22.387398	11.519477	35.346466	0.90350795	0.32812098	0.044516157	0.37336406	0.11603052	1.5497207e-08	-0.0053101233	7.0780515e-10	0.00039956626	15.109133	-0.72631454	0.009697979	-0.00011114217	3.1957026	0.0	0.0010578893	0.006570349	-0.00042440736	0.0032352996	-0.00033816457	5.251894e-05	0.40126002	3.1957026	2.0	0.0	0.0	0.31107295	0.004432063	140000	149.44467115402222
35	50.910255	10.884222	103.0	34.0	0.4884359	0.10992062	0.7464356	0.25232798	50.910255	1912.2903	0.013279794	22.467388	11.689207	35.744263	0.8883305	0.31772316	0.04418673	0.36137223	0.13865067	-1.5735626e-08	-0.0036838893	-4.5448542e-10	0.00021305111	15.007793	-0.6987715	0.0099552795	-0.00036059134	5.322548	0.0	0.0004608658	0.008451501	-0.00022714688	0.0020546236	-0.00023044244	3.331982e-05	0.23351797	5.322548	2.0	0.0	0.0	0.2807449	0.004122288	144000	151.48729157447815
36	51.363636	10.743659	79.0	36.0	0.5058698	0.120470844	0.82160157	0.30170345	51.363636	1951.2766	0.013184302	22.745932	11.733431	36.17957	1.1026394	0.3316239	0.039789826	0.36101833	0.13218658	8.46386e-09	-0.003966103	-3.3527614e-10	-0.00013831032	12.238216	-0.80477333	0.011013337	-0.00015946385	6.880339	0.0	0.002117045	0.00958809	0.000114279406	0.0029706785	-0.00016451391	3.1705444e-05	0.46989304	6.880339	1.0	0.0	0.0	0.29353857	0.0042622583	148000	156.13931488990784
37	51.64935	11.257052	83.0	36.0	0.5082942	0.12410386	0.8190771	0.25476345	51.64935	1990.4326	0.013094951	22.951893	11.933057	36.663124	0.7537348	0.33774734	0.0432829	0.37232754	0.15622906	-8.5830685e-09	-0.0051476234	-6.2212346e-10	-0.00014363149	13.36477	-0.5975275	0.012452916	-6.8638474e-05	8.416261	0.0	0.0031328325	0.008317135	0.00016058721	0.0031935258	-3.0496965e-05	1.5324023e-05	0.61373615	8.416261	1.0	0.0	0.0	0.23660529	0.004656618	152000	160.69473886489868
38	49.148148	10.44103	85.0	36.0	0.5067919	0.11234059	0.73914045	0.2551716	49.148148	2031.5007	0.0130224405	22.440125	11.896592	36.911484	1.170339	0.33673728	0.04158473	0.3671992	0.1469032	-1.7881393e-09	-0.0036661215	2.1792948e-10	-0.00011380465	11.521227	-0.76656914	0.0105817355	-0.00014663488	7.943586	0.0	0.0029514506	0.0094553055	0.00013819218	0.0041080867	-0.000201375	3.5060206e-05	0.5587017	7.943586	1.0	0.0	1.0	0.27197468	0.0031952774	156000	165.1269028186798
39	51.81818	10.636531	85.0	36.0	0.47657514	0.120235026	0.892413	0.21625756	51.81818	2068.213	0.012926331	22.77648	11.62348	36.400764	1.0366254	0.34804493	0.040824294	0.37534675	0.15813501	7.1525574e-10	-0.005826042	-1.8626451e-11	0.0004424352	12.300934	-0.7484884	0.011180098	-0.0009128237	0.0014057278	0.0	0.0015893077	0.004860477	-0.0004520588	0.0032705867	-0.0002585553	3.9761893e-05	0.5718269	0.0014057278	2.0	0.0	0.0	0.2509147	0.00437428	160000	169.74114179611206
40	52.05263	13.300074	120.0	33.0	0.5290281	0.1278791	0.8610475	0.16664807	52.05263	2108.601	0.0128573235	22.819067	11.985223	37.125603	1.0716562	0.31932276	0.041086886	0.34725624	0.13258126	-1.26361845e-08	0.00085122226	-3.427267e-10	-0.00054282224	18.91236	-1.0879993	0.014494361	-0.0010038614	18.842525	0.0	0.0035116158	-0.001045485	0.00055766857	0.0035746922	-4.214218e-05	2.815578e-05	0.0	18.842525	0.0	0.0	0.0	0.23739791	0.004829212	164000	174.4966585636139
41	52.18421	13.350252	105.0	34.0	0.48177102	0.12003159	0.7900474	0.25964254	52.18421	2145.777	0.012772483	23.516645	12.235707	38.229668	1.1807948	0.34863248	0.04313147	0.3806135	0.16403955	-1.1444092e-08	-0.004942686	9.909272e-10	0.0003306725	16.962975	-0.7353077	0.012533411	-0.0007080082	3.5604396	0.0	0.0011969644	0.006604045	-0.0003493198	0.0033275147	-0.00027668662	3.593226e-05	0.42573133	3.5604396	2.0	0.0	0.0	0.25033736	0.0043793386	168000	179.19366765022278
42	53.226665	11.871056	91.0	35.0	0.48408478	0.12244536	0.74659336	0.23800799	53.226665	2182.0845	0.012686538	23.688604	12.376191	38.426937	1.0123847	0.32286742	0.040184274	0.35073298	0.1506754	5.364418e-10	-0.0039134882	2.2351742e-11	0.00029551785	12.494703	-0.4846697	0.010908206	-1.8679537e-05	2.6252365	0.0	0.00067258504	0.0072745914	-0.0002990083	0.0016283012	-0.00017706468	3.280461e-05	0.30406702	2.6252365	2.0	0.0	0.0	0.20331168	0.0044672345	172000	181.28665804862976
43	51.94737	11.4729595	101.0	38.0	0.5320834	0.13036963	0.85554534	0.25071064	51.94737	2222.7424	0.012629218	23.10675	12.280175	38.543587	0.903814	0.32131347	0.04071792	0.35099706	0.14671543	7.867813e-09	-0.002035396	-5.9604643e-10	-0.0006184566	11.940907	-0.41919327	0.013655426	-0.0012020133	11.946146	0.0	0.0045548063	0.0049758446	0.00061761343	0.0058716633	-0.00031619467	7.5922486e-05	0.9567568	11.946146	1.0	0.0	0.0	0.18321645	0.004936621	176000	185.85968470573425
44	50.76923	10.180326	98.0	36.0	0.51185906	0.10845616	0.7464624	0.21543145	50.76923	2263.0015	0.012572231	22.864452	12.078971	38.663067	1.1326022	0.35350144	0.0460944	0.3875437	0.15260005	-2.9802323e-09	-0.0019926198	7.4505807e-10	-0.00018249509	9.126672	-0.40725803	0.009316431	-0.00013360288	9.575134	0.0	0.00154269	0.007882402	0.00023358753	0.002341607	-0.00014347585	2.576653e-05	0.44239482	9.575134	1.0	0.0	1.0	0.15035689	0.0032481032	180000	190.44249987602234
45	51.844154	10.317134	86.0	37.0	0.49396124	0.11896419	0.82046086	0.25743803	51.844154	2301.0608	0.012505765	22.98692	12.052359	38.27685	1.0563293	0.34584466	0.045375794	0.3772269	0.13009766	2.1457673e-08	-0.0056282813	-3.427267e-10	9.123084e-05	8.545504	-0.44129086	0.010578221	-0.00027437694	2.9229598	0.0	0.0023512265	0.009474344	-0.000116479	0.0030417088	-0.00013349742	2.581031e-05	0.4981644	2.9229598	2.0	0.0	0.0	0.15230489	0.0046167974	184000	194.96105790138245
46	52.84	10.888575	85.0	34.0	0.4866779	0.11314768	0.7614312	0.26301995	52.84	2337.5825	0.01243395	23.29859	12.032618	38.59905	1.0621318	0.33306617	0.041120045	0.3608499	0.13708855	1.6212464e-08	-0.0052976757	-3.5017728e-10	0.00024894107	8.858132	-0.42389202	0.009660608	-0.000107137486	3.277152	0.0	0.0018030591	0.008644009	-0.00025212122	0.0033444464	-0.00026880475	4.687725e-05	0.45671722	3.277152	2.0	0.0	0.0	0.12291992	0.0045346622	188000	199.5078341960907
47	52.986668	11.598268	87.0	36.0	0.49461356	0.115326375	0.8246801	0.24105261	52.986668	2374.6963	0.01236821	23.441082	12.397391	39.16733	0.8050179	0.32336986	0.042341553	0.35225275	0.13062063	4.529953e-09	-0.0076749646	-6.109476e-10	7.42308e-05	9.725513	-0.39212704	0.010522219	-0.00010421872	0.0	0.0	0.006115882	0.0096798055	-0.00010165655	0.0062470688	-6.506882e-05	3.2274307e-05	0.790384	0.0	2.0	0.0	0.0	0.10097861	0.004352577	192000	203.8006558418274
48	53.253334	9.40793	78.0	39.0	0.5005864	0.10661503	0.753193	0.27477616	53.253334	2412.2622	0.01230746	23.502546	12.386744	39.52285	0.8849784	0.33102632	0.04103951	0.3592492	0.13975528	1.3351441e-08	-0.0052657705	2.1234155e-10	-1.1134088e-05	6.426507	-0.45037508	0.008535088	-0.000112600625	7.057363	0.0	0.0026887744	0.009995629	1.1011339e-05	0.0039919047	-0.00019012624	2.773935e-05	0.5186473	7.057363	1.0	0.0	0.0	0.08500385	0.0048460076	196000	208.27954268455505
49	52.733334	9.671033	84.0	38.0	0.51241624	0.10667512	0.7973067	0.29783466	52.733334	2451.0205	0.012255102	23.070894	12.147835	39.318527	0.8353039	0.33769816	0.044906385	0.367602	0.1309403	5.00679e-09	-0.00447109	1.0430813e-09	-0.00026267406	6.9437118	-0.33006907	0.00877117	-0.00017936714	15.712898	0.0	0.0044013485	0.0072263237	0.00023545342	0.005252888	-0.00013046064	1.9987307e-05	0.7804304	15.712898	1.0	0.0	0.0	0.07340777	0.0043678726	200000	213.04714822769165
