Epoch	AverageEpRet	StdEpRet	MaxEpRet	MinEpRet	AverageEpCost	StdEpCost	MaxEpCost	MinEpCost	EpLen	CumulativeCost	CostRate	AverageVVals	StdVVals	MaxVVals	MinVVals	AverageCostVVals	StdCostVVals	MaxCostVVals	MinCostVVals	LossPi	DeltaLossPi	SurrCost	DeltaSurrCost	LossV	DeltaLossV	LossVC	DeltaLossVC	Penalty	DeltaPenalty	StopIter	Entropy	KL	TotalEnvInteracts	Time
0	16.732218	6.3551984	48.0	8.0	0.04129708	0.035474576	0.28425	0.0047751446	16.732218	9.87057	0.002467642545700073	0.012880554	0.23121133	0.5096377	-0.5107668	-0.03254302	0.58122855	1.4018393	-1.3510833	3.6249293e-08	-0.006546242	3.5762787e-10	-4.2463063e-05	126.29214	-21.384743	0.34360957	-0.3421293	0.84999996	-0.020932019	7.0	0.6741254	0.016579866	4000	5.096848249435425
1	21.315508	9.448534	57.0	9.0	0.055681646	0.07571848	0.83717847	0.005017231	21.315508	20.2904	0.0025362999439239504	1.2332522	0.2944869	1.9785342	-0.0007711295	0.03385938	0.021988882	0.10528606	-0.05351859	1.9104004e-08	-0.005951674	-1.2665988e-10	0.00036025923	182.46559	-73.95945	0.006713134	-0.0014469726	0.82906795	-0.021205544	10.0	0.691248	0.014561905	8000	9.937415599822998
2	27.369864	14.794951	82.0	9.0	0.11906249	0.50910056	5.676838	0.0033158215	27.369864	37.67386	0.003139488220214844	5.3930826	0.32014406	6.8601947	3.8818781	0.05013437	0.02442504	0.18776037	-0.09937036	8.5891445e-09	-0.0065020677	2.399087e-09	0.0010804457	234.12675	-91.12854	0.2575537	-0.05781865	0.8078624	-0.021897972	16.0	0.68272483	0.012347204	12000	11.740581035614014
3	34.885963	19.204695	110.0	12.0	0.18470766	0.7299212	7.5404263	0.0042801336	34.885963	58.7375	0.0036710937023162844	11.173516	0.83115506	14.990004	6.7543626	0.12910056	0.26923102	2.02197	-0.92638516	-2.3033863e-08	-0.0058880565	7.4505807e-10	0.00077724474	250.4225	-57.928085	0.48867813	-0.014983356	0.7859644	-0.030843794	79.0	0.6625321	0.0044379155	16000	16.904319047927856
4	41.195877	23.792332	158.0	12.0	0.6833824	4.499336	44.567886	0.0041365772	41.195877	125.026085	0.006251304244995117	15.740666	1.5823243	18.869085	6.3531384	0.26233655	0.3400127	1.9345169	-1.2439333	-4.0363286e-09	-0.0076869447	1.0430813e-08	-0.007936544	282.51102	-38.589035	15.943664	-3.5847301	0.75512064	-0.02007097	22.0	0.6539159	0.012374631	20000	21.602691888809204
5	49.873417	23.697659	142.0	9.0	0.4483156	1.2375385	8.789099	0.004069153	49.873417	160.60788	0.006691994984944661	18.909363	2.0802684	21.375698	1.2216154	0.5851609	1.5752337	8.233873	-5.753724	7.66874e-09	-0.00595792	8.046627e-09	-0.0040252768	287.69153	-30.509674	4.41169	-3.119731	0.73504966	-0.017289579	79.0	0.63212377	0.0064887996	24000	26.620158195495605
6	53.213333	26.909872	114.0	16.0	1.416964	3.417503	17.268732	0.0060223863	53.213333	266.88315	0.009531541006905692	21.355534	2.7219331	23.21408	-2.964235	0.28931716	0.55122066	1.5085375	-2.0690892	3.740931e-09	-0.005365894	2.7388335e-08	0.0034403063	308.79367	-22.973816	8.474581	-3.510738	0.7177601	-0.033230126	79.0	0.6189723	0.005181844	28000	31.68268132209778
7	64.5	35.130974	216.0	15.0	2.0861976	3.6305707	17.65612	0.0045122416	64.5	396.22818	0.012382130622863769	23.516844	2.24237	24.89483	-2.0773692	1.2550696	1.5447237	5.7461557	-3.5345793	1.4831609e-08	-0.0058962377	1.6689301e-09	-0.008499949	425.884	-38.061768	6.3137765	-0.9042287	0.68452996	-0.017701805	79.0	0.6161011	0.006130083	32000	36.76858162879944
8	81.104164	30.326172	149.0	30.0	1.3937103	1.8890911	10.786857	0.010534028	81.104164	463.2032	0.01286675516764323	26.365446	2.1013157	27.215904	-10.005013	1.6886587	0.7174078	4.2097855	-0.75114036	7.1490935e-10	-0.0033810998	-2.861023e-09	0.0064055244	434.6241	-41.31253	1.9926976	-0.67670345	0.66682816	-0.027857363	79.0	0.61866105	0.0025929427	36000	39.24405479431152
9	78.13725	29.63505	181.0	25.0	2.268984	2.165541	7.811262	0.01150283	78.13725	578.9283	0.014473207092285157	28.349989	4.7003884	29.658146	-22.849842	0.9418237	0.3411187	2.0224032	-0.1349581	-1.1989997e-08	-0.0034790738	7.748604e-10	0.0050591086	358.62643	-14.055817	2.1473186	-0.416574	0.6389708	-0.02368033	79.0	0.61429834	0.0023731017	40000	44.37546992301941
10	104.31579	55.668713	334.0	22.0	4.024535	3.6880648	17.971628	0.047754772	104.31579	731.87305	0.01663347833806818	30.122118	4.537102	31.08288	-27.364008	1.5542103	0.25585088	2.2748652	0.591837	2.9639512e-08	-0.0024829889	-1.4305115e-09	-0.0033967057	682.9563	-63.71765	5.521684	-0.6387024	0.61529046	-0.004281938	79.0	0.6039187	0.0034628413	44000	49.52651619911194
11	102.128204	31.178707	206.0	48.0	2.8662446	1.8219671	8.2840395	0.065756716	102.128204	843.6606	0.01757626215616862	33.156586	3.076719	33.912853	-14.168121	2.3738012	0.2686128	3.0390017	1.2658836	3.585033e-08	-0.003881253	3.2871963e-08	0.005526499	431.8057	-23.01059	1.6980151	-0.5739076	0.6110085	-0.015746832	79.0	0.6068313	0.0038216219	48000	54.35007333755493
12	107.361115	37.39887	239.0	59.0	6.3614745	4.5481505	18.52277	0.68317306	107.361115	1072.9324	0.020633314866286057	33.936684	6.521378	35.55572	-27.525251	1.6324698	0.31107426	2.637468	0.56513923	7.264463e-09	-0.00553834	-5.3644182e-09	-0.013781853	491.82675	-25.149384	10.619752	-3.8697596	0.5952617	0.013291359	79.0	0.60804754	0.0062969318	52000	59.16637349128723
13	119.63636	41.59678	256.0	59.0	5.2373757	4.285297	23.30416	0.7828248	119.63636	1246.082	0.02225146484375	35.86839	5.8938956	37.284363	-24.873747	3.6333969	0.38337508	4.5950713	1.9137727	-1.218128e-08	-0.0038245304	1.7166137e-08	-0.013136284	515.35626	-28.970734	7.324225	-1.1379876	0.60855305	0.02042836	79.0	0.59738916	0.007472262	56000	64.34729528427124
14	96.46342	26.626684	153.0	53.0	3.0955095	1.7236153	8.614336	0.66084886	96.46342	1373.1351	0.022885585530598957	38.81083	2.5839198	39.159145	-13.793088	2.9379952	0.30715773	3.9135222	1.6038386	1.5787661e-08	-0.0004987447	3.141165e-08	0.00727165	375.76038	-0.7973938	2.4199786	-1.2018077	0.6289814	-0.00051546097	79.0	0.5943357	0.0046364586	60000	69.40166974067688
15	107.297295	25.18887	183.0	71.0	4.400745	3.0070555	13.484739	0.86729175	107.297295	1535.9832	0.02399973678588867	38.022842	6.1539803	39.101845	-31.394556	1.9388814	0.15974475	2.2974393	1.0809903	4.5976076e-09	-0.00217012	-6.6757204e-09	-0.010165892	392.31912	-4.8553467	3.6932247	-0.3394847	0.62846595	0.017792046	79.0	0.591412	0.0027710171	64000	71.86518001556396
16	103.23684	33.859955	202.0	32.0	3.1128428	1.8153925	6.7754416	0.027495	103.23684	1654.3428	0.024328570197610293	38.292336	4.299312	39.463028	-10.03417	2.6046436	0.330752	3.4915776	1.0351009	2.2095574e-09	-0.0017314105	6.7353247e-09	0.0067454563	393.66055	-21.7753	1.8238816	-0.6811876	0.646258	-0.00015693903	79.0	0.5976183	0.001504904	68000	76.74087977409363
17	108.861115	35.30121	210.0	64.0	3.8989322	2.248006	9.576197	0.3136343	108.861115	1794.9957	0.024930496215820313	38.27324	7.563134	40.19631	-25.351753	1.7694211	0.123400696	2.0642426	1.1618241	7.761635e-11	-0.0011950579	2.965331e-09	0.0025239964	420.982	-8.081512	2.1403246	-0.12281489	0.64610106	0.0041029453	79.0	0.59364676	0.005505023	72000	81.95290350914001
18	114.11429	26.932478	169.0	44.0	5.2281566	2.701917	11.003324	0.24939576	114.11429	1977.9813	0.026026070042660363	37.654984	9.737511	40.995045	-19.777393	2.0880044	0.09756113	2.248965	1.4281954	5.0324935e-09	-0.0009620064	1.5705824e-08	-0.003521332	361.64957	-12.136322	3.483735	-0.6663499	0.650204	0.014599204	79.0	0.5886992	0.0049912552	76000	87.01913118362427
19	112.71429	43.32638	264.0	61.0	3.3012106	1.9770759	7.8112464	0.2946691	112.71429	2093.705	0.0261713134765625	39.941124	6.579455	41.988827	-3.8326159	2.891542	0.11995951	3.1411004	2.090478	-7.01515e-09	-0.0034583432	-1.9669533e-09	0.003272353	441.53094	-7.858124	2.407338	-1.1845082	0.6648032	0.0032810569	79.0	0.58565956	0.0055846977	80000	92.095299243927
20	132.93333	44.589935	264.0	75.0	5.303604	2.529999	10.51545	1.3216925	132.93333	2252.8135	0.026819208054315476	39.363243	9.441306	42.898685	-11.483155	1.8433664	0.34739307	2.876382	0.37684757	9.974664e-09	-0.001766782	-7.7486035e-09	0.0005744401	469.5594	-27.75418	3.152561	-0.81234455	0.66808426	0.006397307	79.0	0.59336656	0.0054264753	84000	97.59864950180054
21	128.90323	36.229874	226.0	79.0	4.6031055	2.1135762	9.953713	0.80561244	128.90323	2395.5112	0.027221718528053978	41.3207	8.704947	44.856106	0.35546246	2.7296965	0.13844796	3.0738072	1.9596872	4.2602073e-09	-0.0015628319	7.7486035e-09	0.0025184632	377.91248	-23.210602	2.0287964	-0.45303917	0.6744816	0.008513987	79.0	0.5917156	0.0038279123	88000	100.65451312065125
22	136.93103	34.580173	237.0	81.0	7.0442924	3.979782	17.823679	1.5469515	136.93103	2599.8257	0.028258974821671196	41.066082	12.145823	46.355	-17.528149	2.380632	0.49621344	3.8176622	0.43774885	1.1922564e-08	-0.004972973	9.6559525e-09	-0.015113756	401.0601	-20.678467	7.223993	-1.6354151	0.68299556	0.03066808	79.0	0.595493	0.0062154853	92000	105.76704430580139
23	123.40625	39.91073	294.0	64.0	3.9817276	2.1794643	8.657792	0.5132875	123.40625	2727.2932	0.02840930430094401	44.105194	9.068856	47.73948	4.593584	3.5619907	0.1367553	3.9257472	2.8245728	-3.3408896e-09	-0.00094551675	5.00679e-09	0.0011919427	373.49435	-5.8766785	3.7370746	-2.0593438	0.71366364	0.014836907	79.0	0.5949325	0.002771099	96000	110.9492666721344
24	114.67647	37.89049	284.0	58.0	3.7821894	2.3543737	13.081958	0.7720238	114.67647	2858.531	0.02858531005859375	44.232197	9.562011	48.191208	-2.296458	2.1225855	0.1694137	2.7084126	1.5092814	6.2151555e-09	-0.002021361	-6.198883e-09	0.0011724669	368.22632	-5.711548	1.8686575	-0.09095156	0.72850055	0.010498524	79.0	0.59082425	0.005995943	100000	116.24342727661133
