Epoch	AverageEpRet	StdEpRet	MaxEpRet	MinEpRet	AverageEpCost	StdEpCost	MaxEpCost	MinEpCost	EpLen	CumulativeCost	CostRate	AverageVVals	StdVVals	MaxVVals	MinVVals	AverageCostVVals	StdCostVVals	MaxCostVVals	MinCostVVals	LossPi	DeltaLossPi	SurrCost	DeltaSurrCost	LossV	DeltaLossV	LossVC	DeltaLossVC	Penalty	DeltaPenalty	StopIter	Entropy	KL	TotalEnvInteracts	Time
0	11.591305	5.894575	40.0	4.0	0.36489186	0.36972156	4.438185	0.022916887	11.591305	125.88788	0.03147197	0.0009841992	0.014306153	0.092560455	-0.09905813	-0.0015669861	0.024731606	0.18686977	-0.21850403	-1.4305114e-08	-0.01470246	-2.2172928e-08	1.0759652e-05	82.7951	-16.87149	0.30133623	-0.11309545	0	0	5.0	0.9189385	0.016508453	4000	2.5958361625671387
1	13.47973	6.9549417	54.0	4.0	0.36224958	0.5755089	8.785176	0.020433959	13.47973	233.17743	0.029147178	1.2385707	0.29690638	2.7049034	-0.1659893	0.31317082	0.09699122	0.9346516	-0.2566878	-4.9591065e-08	-0.018821876	1.4156103e-09	0.002752398	89.6305	-41.01547	0.42383313	-0.003320694	0	0	7.0	0.91721946	0.018427435	8000	4.86365818977356
2	16.822784	9.234534	53.0	5.0	1.065671	7.181763	109.33225	0.0092937695	16.822784	485.808	0.040484	5.0198016	0.5520319	7.5469384	0.61054707	0.28525677	0.25152203	1.8358465	-1.5811294	5.7935715e-08	-0.01732722	9.536743e-09	0.007225991	87.832855	-30.12278	84.78338	-8.076271	0	0	8.0	0.9150134	0.01571026	12000	7.1737120151519775
3	22.353933	12.495999	72.0	6.0	1.0241715	3.5024638	40.308125	0.029520823	22.353933	668.3244	0.041770276	9.507291	0.62358755	10.861745	6.9038386	1.5453346	1.1713338	6.2088017	-5.1624393	-5.698204e-08	-0.012349292	3.2901763e-08	0.023042109	113.227264	-16.353867	19.173254	-3.7475758	0	0	11.0	0.91268647	0.0128305815	16000	9.581555604934692
4	25.303797	12.106965	67.0	7.0	2.7868109	9.661979	80.13497	0.0344036	25.303797	1108.6444	0.05543222	13.164928	0.7196319	14.681262	9.6366	1.3176225	0.3074856	2.354228	-0.64024574	4.529953e-09	-0.016365623	-1.04427336e-07	0.05535099	94.39976	-6.0271454	109.077705	-16.444427	0	0	79.0	0.9096929	0.0082394425	20000	12.171896696090698
5	36.851852	19.461174	135.0	8.0	17.136356	32.208344	116.86887	0.020689277	36.851852	2959.4084	0.12330869	14.024731	1.0808535	16.978373	6.2655854	2.9982007	3.035652	11.329755	-7.917244	-1.3232231e-08	-0.008645607	-2.07901e-07	0.23882428	214.76913	-45.171097	885.4664	-161.02698	0	0	12.0	0.9149552	0.012062269	24000	14.474506616592407
6	36.583332	17.74465	115.0	10.0	14.46801	28.244947	110.29072	0.04106267	36.583332	4522.8667	0.16153096	18.928715	2.9901125	21.810452	0.32545874	13.196235	1.6238797	16.504753	5.20564	1.3828277e-08	-0.013223449	-1.01089476e-07	0.3386653	167.73154	-5.3853455	575.8744	-21.91803	0	0	10.0	0.9141884	0.0136103295	28000	16.742415189743042
7	52.473682	24.378849	142.0	10.0	42.10206	41.541916	126.85831	0.054131724	52.473682	7722.666	0.2413333	19.334183	3.2968543	22.192333	-2.148138	13.831427	1.4641132	17.106806	5.3357944	-3.4332274e-08	-0.01201553	-4.196167e-08	0.32735324	270.23468	-43.88272	1224.211	-236.83337	0	0	12.0	0.91146046	0.013019275	32000	19.01285147666931
8	73.888885	24.18652	153.0	33.0	60.22851	28.395094	118.292854	0.55706006	73.888885	10975.02	0.30486166	23.781523	3.540079	25.505775	-8.188729	22.0999	0.23063742	22.785847	20.843483	-1.7642975e-08	-0.008215604	-2.0647049e-07	0.06836863	348.9885	-47.003418	712.7282	-106.71094	0	0	79.0	0.90798944	0.004872333	36000	21.5578396320343
9	82.354164	40.49151	213.0	18.0	61.6532	30.481024	108.532646	0.20930834	82.354164	13939.164	0.3484791	26.961031	4.1295624	28.642181	-10.816743	26.177374	0.268891	26.692055	24.300013	3.4809112e-08	-0.010638091	-1.7642975e-07	0.01780552	489.65976	-54.924316	603.69586	-31.195679	0	0	79.0	0.91819805	0.005117609	40000	24.071558475494385
10	96.65854	40.827187	265.0	48.0	66.21317	31.957754	158.3304	4.4292626	96.65854	16654.217	0.37850493	30.259214	4.2985244	31.780977	-12.962975	28.281265	0.15988344	28.623184	27.386631	-6.556511e-09	-0.004836124	6.67572e-08	0.027319117	497.37863	-45.023407	567.3714	-21.833252	0	0	79.0	0.9376364	0.002762046	44000	25.801308631896973
11	113.77143	41.11384	193.0	46.0	59.03111	20.621029	98.68723	9.593701	113.77143	18720.371	0.39000773	33.463917	3.9238508	34.466454	-7.9453135	29.965725	0.109103486	30.19532	29.296516	-2.6345253e-08	-0.0097953845	4.863739e-08	-0.032488894	548.23016	-46.13571	260.2069	-0.30090332	0	0	79.0	0.93062055	0.0049637402	48000	28.337109565734863
12	115.35294	53.080894	317.0	51.0	79.30256	34.491543	188.54526	39.582718	115.35294	21423.168	0.411984	36.06374	4.3117604	37.05966	-12.462968	29.984972	0.14631398	30.30449	29.030674	2.0384789e-08	-0.0037418746	9.727478e-08	-8.601761e-05	597.6623	-33.861206	595.0811	-24.788452	0	0	79.0	0.95340943	0.0026268226	52000	30.8715398311615
13	130.68965	63.057777	313.0	50.0	80.06118	33.37556	157.60876	13.693966	130.68965	23750.404	0.42411438	39.009933	0.5358372	39.12673	30.985304	31.70971	0.14242314	31.963604	30.788208	2.7000905e-08	-0.0042940183	1.4066696e-08	-0.01342036	748.73126	-51.34131	525.337	-2.552185	0	0	79.0	0.94932973	0.002839468	56000	33.417015075683594
14	141.2963	80.77761	385.0	45.0	71.99116	35.503944	157.51326	1.0673352	141.2963	25721.29	0.42868814	41.462055	0.38453886	41.528454	33.029354	32.225945	0.24051692	32.526875	29.87166	-4.053116e-09	-0.004717977	-7.43866e-08	-0.032154046	818.82574	-54.95807	524.167	-6.8496094	0	0	79.0	0.9532459	0.0036326915	60000	35.952887535095215
15	291.76923	154.01907	618.0	70.0	50.341263	26.106142	85.57585	4.553348	291.76923	26389.684	0.4123388	43.901314	0.16505803	43.96014	41.028244	31.353933	0.39332455	31.855007	26.556286	1.7881394e-08	-0.0047528786	2.0885467e-07	0.0074924524	1436.6023	-206.46484	488.80713	-187.68362	0	0	79.0	0.9591114	0.003817135	64000	38.48959231376648
16	522.4286	254.01172	1000.0	228.0	67.24862	38.860683	155.78252	37.1125	522.4286	26887.188	0.3953998	47.76203	1.4971743	48.123283	22.051073	24.273493	5.680855	28.555134	-17.535126	6.341934e-08	-0.0045281267	-3.6239624e-07	0.004141262	1742.0354	-272.37073	325.99377	-131.64064	0	0	6.0	0.94782126	0.01542487	68000	40.78573560714722
17	1000.0	0.0	1000.0	1000.0	20.142542	5.9219227	28.425041	12.794477	1000.0	26967.758	0.3745522	52.081005	0.23449299	52.153133	48.49155	17.677029	5.29932	25.633215	-8.636522	-7.1501734e-07	-0.0031452917	2.7275087e-07	0.019238826	1955.0232	-312.896	252.54071	-235.75583	0	0	79.0	0.9489198	0.0058874846	72000	43.43278217315674
18	1000.0	0.0	1000.0	1000.0	39.814217	18.78453	69.547806	17.490412	1000.0	27127.016	0.35693443	55.874928	0.054499906	55.891582	55.00918	4.225941	2.2583253	10.3791685	-2.0505195	-3.8766862e-07	-0.002452247	-2.7418137e-08	-0.019326428	1657.5975	-227.0636	22.094048	-3.057125	0	0	79.0	0.956704	0.0037335649	76000	45.986759185791016
19	1000.0	0.0	1000.0	1000.0	37.42712	27.36372	83.48592	13.282393	1000.0	27276.723	0.34095904	58.848236	0.0044432417	58.851784	58.77094	3.4421067	1.328893	7.7222233	-0.6946957	-4.837513e-07	-0.0024775825	-3.528595e-08	-0.006093816	1441.5947	-179.18127	29.646204	-0.83364487	0	0	79.0	0.94957983	0.004977938	80000	48.52960968017578
20	1000.0	0.0	1000.0	1000.0	21.788559	5.003111	30.320942	17.626944	1000.0	27363.877	0.32576045	61.347393	0.006803836	61.3521	61.27594	2.6656797	1.7378057	7.4094605	-2.7178252	-6.010532e-07	-0.001691231	3.3378602e-09	-0.0021951231	1271.811	-149.11072	5.148485	-1.8274639	0	0	79.0	0.97377944	0.005326687	84000	51.170969009399414
21	1000.0	0.0	1000.0	1000.0	29.259905	5.2434726	36.779686	24.25688	1000.0	27480.918	0.31228316	63.554047	0.020265726	63.56277	63.266773	1.7635635	1.3269368	6.677849	-2.631382	1.6736985e-07	-0.0032893955	-1.1563301e-08	0.015721807	1130.7152	-127.81067	9.075286	-1.4054022	0	0	7.0	0.97649485	0.015906664	88000	53.45064973831177
22	1000.0	0.0	1000.0	1000.0	50.079918	12.762194	69.351006	35.567192	1000.0	27681.236	0.300883	65.567215	0.0021208012	65.56879	65.54595	2.5539632	0.6133407	4.572077	0.6752335	2.9087067e-08	-0.0016108952	3.170967e-08	-0.0010540606	1009.27374	-111.41925	18.597366	-3.6165104	0	0	79.0	0.97619355	0.0036423935	92000	55.9858500957489
23	1000.0	0.0	1000.0	1000.0	70.59006	20.007666	96.31852	45.49291	1000.0	27963.598	0.29128748	67.418465	0.0012362892	67.41961	67.40757	4.4018407	0.8681204	6.7785635	2.191326	3.4856797e-07	-0.0011292478	-4.4703484e-08	0.0043389956	903.662	-98.43536	43.255905	-1.7936821	0	0	79.0	0.9556323	0.0026955968	96000	57.640968561172485
24	1000.0	0.0	1000.0	1000.0	55.99292	20.281004	84.24526	29.0018	1000.0	28187.568	0.28187567	69.14526	0.0022829073	69.146996	69.12412	5.167832	1.2693058	9.035989	1.7780278	-3.4332277e-07	-0.002745705	-1.013279e-08	0.00080467237	810.41473	-87.734924	30.713875	-0.6379528	0	0	8.0	0.95632315	0.012919018	100000	59.89907264709473
25	833.5	195.15698	1000.0	512.0	84.07778	26.272469	126.31815	54.8924	833.5	28539.775	0.27442092	70.77025	0.005468357	70.7725	70.66483	4.8324804	1.668072	10.07456	-1.0695719	5.4061413e-08	-0.0019628757	-2.6464463e-08	-0.033370577	727.1045	-48.970642	45.43341	-9.457859	0	0	5.0	0.9559847	0.012235791	104000	62.13984537124634
26	789.5	364.5967	1000.0	158.0	20.217985	6.2817364	27.299335	10.152379	789.5	28648.164	0.2652608	72.006454	0.010074175	72.01181	71.88025	5.9542356	2.1939073	11.725143	-0.7287334	-3.8266183e-08	-0.006493171	8.404255e-09	-0.005119323	674.8038	-61.578247	19.478325	-13.586706	0	0	79.0	0.95556486	0.0064470517	108000	64.6866250038147
27	1000.0	0.0	1000.0	1000.0	19.945934	10.818148	33.449535	8.742395	1000.0	28727.947	0.25649953	73.367615	0.016923463	73.37545	73.09303	2.273	1.1629127	5.8172774	-1.7465208	1.7070771e-07	-0.0028840196	1.001358e-08	-0.0023370625	603.8119	-66.76477	6.1901793	-1.1676588	0	0	79.0	0.9462637	0.0065670945	112000	67.22935771942139
28	378.7	325.88312	1000.0	108.0	58.972057	22.444784	101.10037	24.49363	378.7	29346.338	0.2529857	74.72795	0.3705165	74.80839	68.16794	1.6706074	1.1902965	5.337489	-1.7451305	7.390976e-09	-0.0021256036	1.3017655e-07	0.0090467185	669.64087	-147.57025	270.2302	-96.67401	0	0	79.0	0.9178488	0.0039768587	116000	69.87849521636963
29	249.66667	201.15553	814.0	61.0	69.976425	30.93591	129.44148	28.608786	249.66667	30403.348	0.25336123	74.81589	6.0288086	75.43331	-43.998333	11.77351	1.0486141	14.834452	7.075197	7.867813e-09	-0.008335335	4.768372e-10	-0.026315305	818.90125	-4.6295166	379.51135	-68.57568	0	0	79.0	0.92054504	0.006979266	120000	72.41728901863098
30	602.0	322.1242	1000.0	71.0	54.841015	21.013119	79.87758	26.914505	602.0	30769.428	0.24814054	75.168015	0.040507037	75.184044	74.57996	17.52438	2.559733	23.767569	8.377121	1.4781952e-08	-0.0023998118	9.536744e-10	-0.025452994	606.945	-17.219604	152.54771	-99.21245	0	0	6.0	0.9674321	0.012906873	124000	74.7799482345581
31	1000.0	0.0	1000.0	1000.0	28.994953	20.160242	62.877003	11.4535475	1000.0	30885.406	0.24129224	75.524414	1.3525522	75.88804	56.62422	6.0626044	2.7709508	12.878758	-2.0314984	-1.9657612e-07	-0.0036169172	3.576279e-08	0.0056242794	513.6614	-75.187256	35.79009	-16.388186	0	0	6.0	0.9694183	0.013665691	128000	77.04366874694824
32	1000.0	0.0	1000.0	1000.0	36.108784	14.005786	56.286076	16.805355	1000.0	31029.842	0.23507456	77.28799	0.003826428	77.29052	77.24758	3.7217395	1.5911953	9.007339	-0.78708845	-7.319451e-08	-0.0028840376	-6.6757204e-09	0.011594032	439.095	-55.10446	13.8233185	-0.62611103	0	0	79.0	0.9701065	0.005358135	132000	79.58959674835205
33	943.5	97.86087	1000.0	774.0	40.210915	17.72223	65.71977	20.65913	943.5	31198.533	0.22940098	78.681656	0.0054287324	78.684235	78.60346	3.3123693	1.3087298	7.159291	-0.6040913	-2.7179718e-08	-0.003480136	-1.5854836e-08	-0.00088697224	406.796	-38.15811	11.727412	-0.5142994	0	0	79.0	0.9631809	0.0030124679	136000	82.12130308151245
34	843.25	165.36531	1000.0	612.0	39.100815	18.869947	63.109474	20.445839	843.25	31390.463	0.2242176	79.84834	0.050208602	79.86197	79.13309	3.678721	1.7023602	8.46182	-1.0844038	1.5854836e-08	-0.0018601103	1.5497207e-08	-0.015859703	407.98953	-26.073242	9.485793	-0.779624	0	0	8.0	0.93634117	0.012556676	140000	84.38278126716614
35	1000.0	0.0	1000.0	1000.0	23.989332	6.6389303	34.87869	17.452335	1000.0	31486.42	0.21865569	80.82752	0.059277955	80.84592	79.90563	3.6859326	1.6748385	8.363781	-1.1367288	7.2097777e-07	-0.0019102664	-2.503395e-08	-0.00019545484	312.86172	-40.42325	6.425401	-2.3907933	0	0	79.0	0.93325317	0.0019501314	144000	86.91461133956909
36	1000.0	0.0	1000.0	1000.0	39.998028	13.620493	61.35215	25.772701	1000.0	31646.412	0.2138271	82.04008	0.0698724	82.05584	81.11972	2.5072534	1.2862405	5.7583566	-1.6841238	5.8817864e-07	-0.0026667381	-3.0457972e-08	0.02752265	274.56912	-37.03473	20.818834	-0.9041748	0	0	9.0	0.9234599	0.015059163	148000	88.31433892250061
37	554.2857	300.97873	996.0	138.0	103.36565	32.692593	152.96808	54.602974	554.2857	32378.076	0.21301366	83.241035	0.0007399173	83.2415	83.2343	5.2912283	1.4340277	10.044755	1.8315831	4.172325e-09	-0.0040459847	-1.5997887e-07	-0.01960532	573.8842	0.030639648	226.29485	-95.09706	0	0	79.0	0.9240668	0.0035886723	152000	90.84427523612976
38	776.8	274.6506	1000.0	400.0	66.28688	17.285896	87.91383	44.49507	776.8	32725.342	0.20977783	83.358574	0.0016980107	83.359474	83.340645	13.654182	2.4303734	21.026142	4.7490606	1.168251e-08	-0.002199263	-1.013279e-09	-0.03440034	323.26074	-14.077515	72.56226	-30.020813	0	0	7.0	0.9439157	0.012686149	156000	93.17491507530212
39	1000.0	0.0	1000.0	1000.0	19.53773	2.397105	22.221403	15.884763	1000.0	32803.492	0.20502183	84.06992	0.0036027809	84.07184	84.02191	6.930209	2.0197802	11.807085	0.7574718	-2.7155878e-07	-0.0014622264	1.1634827e-07	0.0048885914	216.01999	-30.595154	26.008207	-22.306362	0	0	79.0	0.9456638	0.003409235	160000	95.69909262657166
40	893.75	184.0304	1000.0	575.0	32.079617	9.833389	46.948208	19.311567	893.75	32943.36	0.20087415	85.17231	0.038058553	85.180504	84.4805	2.3859975	2.18113	9.885437	-4.398394	1.2755394e-08	-0.0012994731	-3.8146974e-09	-0.007608342	237.32668	-19.127213	9.309914	-1.9878592	0	0	79.0	0.9464158	0.0035933552	164000	98.33641219139099
41	710.4	350.48917	1000.0	216.0	35.21955	24.39887	70.91606	4.9256606	710.4	33146.008	0.19729766	86.093094	0.004426206	86.095795	86.03821	3.1076734	1.6135181	9.072926	-1.1098553	7.2717667e-09	-0.0034627563	-7.1525574e-10	-0.0493407	342.9429	-5.876648	31.080734	-3.9902382	0	0	6.0	0.95290726	0.014433635	168000	100.58607912063599
42	1000.0	0.0	1000.0	1000.0	12.621399	5.1632276	20.107428	6.7446666	1000.0	33196.492	0.19300286	86.61258	0.031217	86.62588	86.14159	2.2565238	1.6184212	8.137283	-2.8858006	1.1968612e-07	-0.0021984389	-3.2246113e-08	0.01456138	152.5813	-22.880768	6.312273	-1.8645072	0	0	79.0	0.95422554	0.0058878167	172000	103.12637257575989
43	1000.0	0.0	1000.0	1000.0	31.585348	21.2708	65.77967	12.734531	1000.0	33322.836	0.18933429	87.61128	0.004625292	87.613464	87.56027	3.2137542	1.6345537	8.00049	-1.704694	8.273125e-08	-0.0024284571	2.0980835e-08	-0.009315398	130.65523	-21.230453	12.799256	-0.14762974	0	0	79.0	0.98475516	0.004823469	176000	105.66461610794067
44	1000.0	0.0	1000.0	1000.0	15.110054	6.8931646	26.703693	9.433173	1000.0	33383.273	0.18546262	88.60024	0.013161817	88.60873	88.49155	1.4867684	1.5212777	6.3501205	-1.9979792	-3.0899048e-07	-0.0033210947	7.7486035e-09	-0.004177165	110.629845	-18.411446	3.3957827	-0.78481436	0	0	79.0	1.0076766	0.0033774374	180000	108.20110440254211
45	1000.0	0.0	1000.0	1000.0	14.965825	6.9657927	24.85941	7.366506	1000.0	33443.137	0.18175618	89.54131	0.0082293805	89.5472	89.46274	1.3798027	1.0585907	4.7142363	-1.7967393	-1.718998e-07	-0.0028146876	6.198883e-09	-0.008358307	93.12518	-15.888969	5.3770685	-0.6940923	0	0	79.0	0.98745203	0.005799883	184000	110.72346830368042
46	1000.0	0.0	1000.0	1000.0	23.883543	7.7830005	37.32098	18.884909	1000.0	33538.67	0.1783972	90.416016	0.029771585	90.43139	90.14012	0.8451278	1.026541	3.798825	-2.576267	-6.3872335e-07	-0.004294292	-2.6583672e-08	-0.00069053064	78.17247	-13.712822	8.05604	-1.9972868	0	0	79.0	0.9800187	0.0059519107	188000	113.26158547401428
47	1000.0	0.0	1000.0	1000.0	14.734547	1.6725645	16.12061	11.960834	1000.0	33597.61	0.17498755	91.25614	0.011388957	91.2638	91.1501	1.8568413	0.55662954	3.5677228	-0.008822873	-6.053448e-07	-0.0016241315	2.3841857e-09	0.0014022659	65.08977	-11.724079	2.4182348	-0.5756513	0	0	79.0	0.9551997	0.0056783543	192000	115.78362607955933
48	1000.0	0.0	1000.0	1000.0	6.723351	1.0825922	8.343839	5.307154	1000.0	33624.504	0.1715536	92.04292	0.004946876	92.04633	91.954475	1.5531706	0.4227734	2.9110534	0.026146084	4.858971e-07	-0.0028378125	-1.0967255e-08	-0.0039943806	53.90134	-9.985901	1.1491046	-0.7520901	0	0	79.0	0.9459472	0.0057907165	196000	118.3364462852478
49	985.0	25.980762	1000.0	940.0	12.312663	1.7256231	14.676359	10.398719	985.0	33673.938	0.16836968	92.77331	0.007935796	92.7802	92.70315	0.32319948	0.39615953	1.5487224	-1.0442936	-7.510185e-09	-0.0049337503	-1.6361476e-08	-0.00058275316	133.03442	-3.625229	1.5611525	-0.47092783	0	0	79.0	0.9579189	0.0095261205	200000	120.05398273468018
