Epoch	AverageEpRet	StdEpRet	MaxEpRet	MinEpRet	AverageEpCost	StdEpCost	MaxEpCost	MinEpCost	EpLen	CumulativeCost	CostRate	AverageVVals	StdVVals	MaxVVals	MinVVals	AverageCostVVals	StdCostVVals	MaxCostVVals	MinCostVVals	LossPi	DeltaLossPi	SurrCost	DeltaSurrCost	LossV	DeltaLossV	LossVC	DeltaLossVC	Penalty	DeltaPenalty	StopIter	Entropy	KL	TotalEnvInteracts	Time
0	-3.5311718	6.4289985	13.837129	-20.964241	16.173115	10.59286	64.445816	1.9095875	50.0	1293.8492	0.3234623	-0.008126291	0.69899017	1.5401667	-1.614536	0.027520124	0.74615204	1.4436477	-1.3715432	-2.336502e-08	-0.014641063	-1.373291e-07	0.07418051	15.845749	-2.8893108	95.78974	-24.6419	0	0	2.0	1.837877	0.03528312	4000	3.995840072631836
1	2.1068218	6.499422	18.782957	-13.835811	24.26498	31.089128	265.20328	4.0406437	49.358025	3259.3267	0.40741584	-1.2829051	0.49367294	0.8902409	-2.416361	2.1315522	1.8438475	4.5196548	-3.1206234	-9.6559525e-09	-0.0066916663	6.866455e-08	-0.008308844	19.17766	-6.4819956	382.23544	-48.990204	0	0	3.0	1.8360857	0.024907975	8000	7.758850812911987
2	4.5108333	5.8022246	17.34904	-7.9328585	24.616468	13.934413	79.82035	3.4831972	49.925	5231.695	0.43597457	0.87691724	0.6111472	2.239986	-1.2058831	6.5572834	2.7659261	9.4004	-5.0222793	-3.361702e-08	-0.008528377	-2.8991698e-07	0.07862372	11.38135	-1.9693985	140.28636	-16.941261	0	0	4.0	1.8336878	0.021481227	12000	11.636547088623047
3	8.661092	5.971285	24.107616	-3.4473307	36.532722	21.064568	141.52203	7.8990664	49.4875	8189.993	0.51187456	2.2147417	0.82298684	3.8787267	-1.5019989	9.711039	2.2934587	12.063301	-6.536619	-5.00679e-08	-0.009279867	2.632141e-07	0.21892636	18.142332	-4.613701	300.5328	-34.00345	0	0	4.0	1.8306049	0.018882167	16000	15.689071893692017
4	11.5887165	5.564677	21.584879	-5.043762	42.67033	17.783682	92.186455	8.713326	50.0	11603.619	0.58018094	3.8827665	1.3109056	6.123215	-2.424425	13.122323	3.2713525	15.6989765	-6.8727756	1.4781952e-08	-0.006040132	3.890991e-07	0.15286274	16.64744	-2.7322521	231.07248	-20.016922	0	0	6.0	1.8275156	0.01369284	20000	19.87584638595581
5	11.184842	5.334026	25.164104	-1.7400769	56.184704	17.467587	108.73218	18.03954	50.0	16098.3955	0.6707665	4.908926	1.8912807	8.132777	-2.7892065	14.616203	5.3868256	18.196795	-12.475795	7.629395e-09	-0.016659591	-1.5258789e-07	0.19278327	12.962115	-1.1193457	377.0265	-51.89331	0	0	79.0	1.8234031	0.0065976875	24000	24.73872661590576
6	15.073865	6.4032927	28.51766	-2.5049267	65.30702	21.530447	128.36543	21.33304	50.0	21322.957	0.76153415	5.5077605	1.8647728	8.728552	-2.8417087	18.802212	4.710292	21.359488	-17.31597	-1.9073487e-09	-0.017330647	1.1138916e-06	0.19273055	22.456478	-3.9200287	519.0024	-51.778168	0	0	79.0	1.7788275	0.0072554285	28000	29.77936625480652
7	16.667608	5.663906	27.725185	6.4316225	71.19524	23.014149	137.84415	22.38474	50.0	27018.576	0.8443305	6.8834686	2.4753168	11.439769	-2.7462664	21.7352	4.759792	24.24509	-11.177986	5.722046e-09	-0.015448643	2.4414064e-07	0.21980317	17.63052	-1.7633848	592.713	-52.93274	0	0	79.0	1.737227	0.007043893	32000	34.927037477493286
8	17.44973	4.8162208	29.685085	5.953768	78.10018	20.844753	124.929405	23.573471	50.0	33266.59	0.92407197	7.6037197	3.0466866	13.044495	-2.5523708	23.473242	6.022672	26.876669	-13.563535	-1.1444092e-08	-0.013780922	3.5095215e-07	0.2065673	15.265286	-1.3631763	656.4635	-59.969727	0	0	79.0	1.6997823	0.006723881	36000	39.98480820655823
9	18.84277	5.0221553	29.91717	5.855009	84.99244	21.74504	169.0956	22.101255	49.9625	40066.562	1.001664	8.239694	3.0768642	13.9321575	-7.738116	25.997528	5.9941754	29.4488	-16.06619	1.4305115e-09	-0.013537422	-1.1062622e-07	0.21524605	15.494066	-1.5580034	760.8445	-69.147705	0	0	79.0	1.6637255	0.005847832	40000	45.25026226043701
10	19.643154	4.6744275	29.038147	7.3413205	92.445206	24.532795	148.62135	37.54702	50.0	47462.18	1.0786859	8.555096	3.9013157	15.378163	-3.909548	27.88323	5.8082776	31.925243	-1.2949383	1.3351441e-08	-0.0131828245	7.019043e-07	0.1356084	17.21551	-1.6518021	901.3502	-72.27283	0	0	79.0	1.6216629	0.005951636	44000	50.7468786239624
11	21.358883	5.294085	31.293995	8.383975	91.04793	22.619919	140.82268	39.884384	50.0	54746.01	1.1405419	9.541513	3.540471	15.983131	-0.122274406	29.97875	6.875222	34.44685	0.71143866	1.9073486e-08	-0.005349598	6.103516e-08	0.18804896	17.054642	-1.4297609	787.1195	-61.8219	0	0	4.0	1.5822875	0.008708739	48000	55.913286209106445
12	20.976212	4.911849	31.56103	10.507764	96.324615	26.464039	169.05333	44.438713	49.95	62453.04	1.20102	9.856817	4.219862	17.273708	-4.6716447	31.448519	8.024072	36.66357	-17.887327	4.7683715e-09	-0.011503661	9.765625e-07	0.085205294	15.794084	-0.7411175	931.874	-73.64148	0	0	79.0	1.5800536	0.0059145587	52000	61.53690481185913
13	21.994274	4.723875	33.461018	11.164679	108.03601	25.4511	165.44304	53.478027	50.0	71095.92	1.26957	9.944717	3.9593854	17.542856	-0.283768	33.53714	7.296488	38.79861	0.596657	-1.2397766e-08	-0.013156918	-4.272461e-07	0.21179526	14.716758	-1.1111994	1120.6632	-86.680786	0	0	79.0	1.5497059	0.0053937463	56000	67.2733645439148
14	23.020947	4.4306536	33.264786	11.5191345	110.74886	24.580933	175.40031	56.31068	50.0	79955.83	1.3325971	10.490862	4.5667734	18.421165	-2.2481132	34.997337	9.6922245	41.23069	-19.665226	-2.6702882e-08	-0.016679356	3.051758e-08	0.17975712	12.573519	-1.1089325	1113.2185	-95.54724	0	0	79.0	1.5131025	0.007538002	60000	73.010568857193
15	23.728033	4.2766547	37.507088	13.800593	110.35732	28.420845	171.08694	41.369778	50.0	88784.414	1.3872565	11.072646	4.862272	19.199402	0.6779732	37.399803	9.348124	43.625576	-15.272051	-9.536743e-09	-0.014341993	3.5095215e-07	0.1270419	12.940675	-0.6289606	1090.0354	-73.579895	0	0	79.0	1.4751772	0.0066644396	64000	78.76208591461182
16	25.556713	4.7931376	35.464546	14.680633	115.06853	26.963493	172.17882	54.381104	50.0	97989.9	1.4410279	11.654986	4.9508233	19.75218	1.4421552	39.353622	9.065318	45.774845	10.264963	-9.536743e-09	-0.012944088	1.0223389e-06	0.046466388	13.454957	-0.93431854	1119.9082	-79.55737	0	0	79.0	1.4453661	0.00610061	68000	84.7388608455658
17	25.279573	4.4963555	34.180733	10.666505	109.68884	28.468443	177.38354	27.933693	50.0	106765.0	1.4828472	11.9848	5.3295813	20.756489	-1.2226772	40.57682	10.19878	47.888546	-0.7946796	9.536743e-09	-0.014241092	-1.2207032e-07	0.08031027	13.510632	-0.78375244	959.9789	-56.980408	0	0	79.0	1.4114978	0.0069125784	72000	92.13526821136475
18	25.656836	4.5957317	34.18685	14.978549	104.85317	33.362595	180.44897	8.5214615	49.8875	115154.79	1.5151945	12.511804	5.1698813	20.94726	1.751891	41.548733	11.154727	49.663475	7.097698	1.6689301e-09	-0.004962757	3.2806398e-07	0.020582046	13.768409	-1.3605566	884.6631	-55.87506	0	0	4.0	1.3747262	0.0078545	76000	100.40577006340027
19	26.48891	5.1134653	34.1075	9.976093	99.23234	33.653854	176.55731	13.368203	50.0	123093.375	1.5386672	12.070758	5.4145293	21.338593	-1.90485	40.700466	13.864828	51.16689	-28.817642	1.7166137e-08	-0.014431153	-1.9836426e-07	0.2777897	15.379379	-1.8386469	749.9626	-40.24121	0	0	79.0	1.3725793	0.006379595	80000	108.25273871421814
20	26.701563	4.278686	35.068665	16.042452	117.222084	35.466427	183.41374	28.404293	50.0	132471.14	1.5770373	12.203278	5.550797	22.184692	-5.27389	42.47373	13.050333	52.356556	-24.27701	1.9073487e-09	-0.013198756	-1.3122559e-06	0.08027142	12.928645	-1.5546703	1128.0155	-85.13098	0	0	79.0	1.3305838	0.0057018367	84000	115.22824025154114
21	27.047644	4.621983	36.628483	15.416548	102.0611	34.032482	171.63617	9.447643	50.0	140636.03	1.5981367	13.366169	5.5996184	22.621727	-0.25137767	46.281998	12.396963	54.177906	-33.948265	7.629395e-09	-0.017808804	3.051758e-08	0.20700784	13.553776	-1.576067	756.41785	-49.58496	0	0	79.0	1.2852771	0.008025434	88000	121.47099328041077
22	27.87757	4.3812084	37.35505	18.861195	109.65177	35.93579	170.6367	15.219006	50.0	149408.17	1.6240019	12.24868	5.5394125	22.731815	-0.17430481	45.831688	13.144652	55.40938	11.89177	1.2397766e-08	-0.014501025	3.051758e-08	0.056452423	12.80317	-2.1794891	903.5455	-43.263184	0	0	79.0	1.2361667	0.0069451416	92000	127.72174668312073
23	28.3493	4.3261657	37.18917	18.977814	93.75936	39.576138	171.44748	4.756295	50.0	156908.92	1.634468	13.95712	6.0251474	23.759634	-1.9225342	47.941536	14.324614	56.792812	-51.373394	2.861023e-09	-0.01563128	2.4414064e-07	0.08609647	13.051942	-1.5107069	740.538	-33.008484	0	0	79.0	1.1923978	0.007744892	96000	133.70295333862305
24	28.047388	5.4639463	38.00358	13.989049	91.00004	44.98641	153.94096	0.36002624	50.0	164188.92	1.6418892	14.042234	5.68922	23.608572	1.5198834	47.942657	13.298613	57.461586	2.9909806	-3.8146974e-09	-0.014452149	2.746582e-07	0.14931971	18.94768	-3.3264742	881.0446	-97.960266	0	0	79.0	1.1446655	0.006467569	100000	139.50406455993652
25	28.366339	5.296626	38.48147	15.162512	86.06279	42.880642	194.08423	0.50425464	50.0	171073.95	1.6449418	13.594367	5.572785	23.320868	1.5972142	45.998135	14.853335	58.127193	-23.905958	8.5830685e-09	-0.015679268	7.6293944e-08	0.23573165	16.959845	-0.860445	715.40515	-28.797424	0	0	79.0	1.1132586	0.008407453	104000	145.28729104995728
26	29.058979	5.09025	36.89261	16.177233	87.756714	44.06727	169.45596	2.3562949	50.0	178094.48	1.649023	13.198168	5.653741	23.455574	1.1025784	43.52755	15.319712	58.624123	-23.482182	-2.861023e-09	-0.015160672	-3.6621094e-07	0.27032128	18.639324	-1.8605804	777.4393	-30.249512	0	0	79.0	1.0732806	0.0068631438	108000	150.96562886238098
27	29.339258	4.174972	37.2129	21.113516	99.79201	37.79041	166.95923	5.9226894	50.0	186077.84	1.6614094	12.87333	6.0194736	24.435291	0.7098278	45.855003	14.624937	59.227146	-1.604053	9.536743e-09	-0.0150666945	4.1198732e-07	0.15060699	16.549913	-3.4536972	777.62524	-73.8551	0	0	79.0	1.0331688	0.006716127	112000	156.87961101531982
28	30.163727	4.012024	39.43607	19.134296	96.450554	38.433933	176.6746	10.854242	50.0	193793.89	1.670637	13.950605	5.9528093	24.02603	-1.3347834	49.41178	14.506541	60.21827	1.8947221	3.8146974e-09	-0.015447977	6.103516e-08	0.04626812	14.237476	-1.4083843	691.4263	-15.385742	0	0	79.0	0.9981892	0.007545947	116000	163.80955123901367
29	29.862946	4.793589	37.67111	15.695118	73.100914	46.575527	173.95811	0.92793757	50.0	199641.97	1.663683	15.158904	5.9967823	23.979374	-5.0220804	48.301323	15.960805	60.942184	-26.469238	2.861023e-09	-0.013276492	-1.5258789e-07	0.18917215	28.352608	-5.0017986	843.54926	-167.97723	0	0	79.0	0.9608602	0.0059032748	120000	169.94552540779114
30	30.406927	4.404933	38.109818	19.380554	80.95509	43.509045	166.08038	0.91466576	50.0	206118.38	1.6622449	13.338372	5.6116185	22.641052	-8.788291	40.97261	19.391804	60.791817	-58.53811	-4.7683715e-09	-0.016990256	-7.6293944e-08	0.20352006	19.116148	-2.245573	657.9637	-41.34131	0	0	79.0	0.9282306	0.008589895	124000	176.00010085105896
31	30.328716	4.4006066	39.052742	17.917488	79.85577	45.117348	166.64218	0.6187865	50.0	212506.83	1.6602095	14.728486	5.761011	23.754757	2.0668185	46.884514	14.824176	61.233166	-1.7050653	9.536743e-09	-0.002156929	-1.373291e-07	0.069249675	20.237446	-1.7110348	781.2764	-33.383545	0	0	2.0	0.8817094	0.014793232	128000	182.09523272514343
32	29.787598	4.6829944	39.076916	18.139898	70.22437	43.942207	144.73254	1.4982778	50.0	218124.78	1.6524605	14.655744	5.208712	23.816431	1.7022355	43.84976	16.208794	61.27293	-16.742245	2.861023e-09	-0.012744872	2.1362305e-07	0.1864188	23.223257	-2.3516903	739.4398	-44.444946	0	0	79.0	0.8802288	0.006276037	132000	187.97325992584229
33	29.990688	4.6846304	38.334373	18.33076	69.2593	45.86281	173.57861	1.1257292	50.0	223665.53	1.6445994	14.055786	5.213267	23.59659	3.1506531	40.952503	14.372419	60.610764	-0.409158	3.8146974e-09	-0.013178942	3.051758e-08	0.2512458	22.018019	-1.4036198	750.24835	-38.301697	0	0	79.0	0.8485888	0.0072063827	136000	194.82305717468262
34	31.513647	4.755335	39.838394	18.976995	75.28188	42.970436	162.35544	1.1886747	50.0	229688.08	1.6406292	14.039872	5.6133895	24.567942	1.7277316	40.53933	13.51876	60.773716	4.3872857	-1.525879e-08	-0.014852078	-3.051758e-08	0.17985567	24.257805	-1.7476864	791.9617	-42.60797	0	0	79.0	0.8089918	0.007385503	140000	201.0921607017517
35	31.277386	4.5071216	38.872845	17.981289	63.662148	43.880913	176.70854	0.6896664	50.0	234781.05	1.6304239	15.099618	5.580364	24.992693	1.9352834	41.71866	12.3720875	60.839996	10.505907	9.536743e-09	-0.014503509	6.103516e-08	0.27227446	26.635057	-2.3116207	758.8442	-71.7818	0	0	79.0	0.77351725	0.008649468	144000	206.59968376159668
36	31.005173	4.618316	39.235104	14.836269	59.4552	44.001286	163.32585	0.48606485	50.0	239537.47	1.6184964	14.455151	5.3668733	24.362057	2.7355156	35.138447	14.36158	59.958374	-9.538712	1.9073487e-09	-0.014071501	1.5258789e-07	0.07657738	24.567421	-1.5575829	664.3712	-16.964783	0	0	79.0	0.7378768	0.00729917	148000	213.4952576160431
37	31.068182	4.0466747	38.417683	21.72823	49.873055	43.43939	184.9417	0.36192882	50.0	243527.31	1.6021534	15.211541	5.3702	24.588491	2.5569882	32.539654	13.865107	60.656223	-6.6746826	3.8146974e-09	-0.013521177	-4.5776368e-08	0.12691376	33.695213	-6.5894012	575.3554	-38.01953	0	0	79.0	0.6974293	0.008013854	152000	218.6343162059784
38	31.417658	4.535285	39.730698	19.506166	44.296333	40.534645	154.14832	0.5138005	50.0	247071.02	1.5837885	14.833916	4.806089	22.246054	2.6776004	31.188929	14.796568	59.991898	-10.8861	1.9073487e-09	-0.004539708	1.8310547e-07	0.20527966	33.462326	-4.6569004	553.8108	-67.21146	0	0	2.0	0.660738	0.00635124	156000	223.28566241264343
39	31.781849	3.9942598	38.67617	21.115107	52.582294	39.446007	158.57549	0.5298632	50.0	251277.6	1.570485	14.134888	5.2074814	23.70765	1.6179636	28.73708	14.881036	60.611122	-20.605265	-8.5830685e-09	-0.011986988	3.051758e-08	0.15142798	25.218544	-2.7546692	563.79926	-37.21051	0	0	79.0	0.65941226	0.0073130443	160000	228.44044160842896
40	31.903	3.740542	38.439953	22.05766	48.77112	42.17479	182.49623	0.26882014	50.0	255179.3	1.5559713	15.380643	5.8323197	24.380655	2.0887623	30.453957	12.635122	60.292202	0.578154	5.722046e-09	-0.012235192	-1.2207032e-07	0.1770564	28.844894	-4.856413	518.66077	-40.122864	0	0	79.0	0.6309048	0.007780772	164000	233.44475173950195
41	32.23137	4.481032	40.229473	20.692272	58.978138	43.248886	154.36304	0.3651533	50.0	259897.55	1.5470092	14.249208	5.409046	22.826288	1.5221171	31.63638	14.199364	61.09128	-4.4536886	-9.536744e-10	-0.0037690392	1.8310547e-07	0.19429228	28.779245	-3.2336674	648.67865	-30.315552	0	0	2.0	0.5996311	0.012249011	168000	238.33122372627258
42	33.20386	3.5258021	40.877083	23.511885	66.83506	41.80069	151.98062	0.27189937	50.0	265244.34	1.5421183	14.60794	5.59718	24.735735	2.0895689	34.720387	14.26941	61.66618	0.91992515	1.7166137e-08	-0.016246246	-1.0681153e-07	0.21102303	22.258917	-2.372425	594.34143	-41.972534	0	0	79.0	0.5987046	0.008642433	172000	243.58823132514954
43	33.010124	3.8414352	40.735374	24.53071	53.746155	41.459816	146.36874	0.45452946	50.0	269544.03	1.5315002	15.824808	5.8318596	24.837582	2.1595702	36.18012	14.702122	62.330555	-1.6814713	-3.8146974e-09	-0.014715553	1.6784668e-07	0.12958303	23.874662	-2.275444	533.1689	-71.687256	0	0	79.0	0.5484824	0.0078885425	176000	248.57081079483032
44	33.399155	3.5341115	40.849636	23.950584	67.19849	46.877068	183.0777	0.32736707	50.0	274919.9	1.5273328	14.639846	6.090082	25.942604	2.3694582	32.597874	15.373893	62.41478	-12.032812	-5.722046e-09	-0.0046696835	-5.1879886e-07	-0.16348372	22.890062	-2.3302307	656.4717	-44.89044	0	0	2.0	0.5233356	0.0114634065	180000	253.55058073997498
45	32.915924	3.6312969	39.755817	21.500076	47.964474	43.133713	151.96785	0.12295729	50.0	278757.06	1.514984	16.605112	5.8203416	26.3087	3.0825741	31.786055	18.391378	63.287155	-15.425106	2.861023e-09	-0.011357666	-8.392334e-08	0.107912764	34.041107	-6.174179	442.29587	-45.35611	0	0	79.0	0.5225787	0.007820319	184000	258.62440061569214
46	32.32616	3.6522741	39.558174	22.191967	43.24484	39.405075	139.13014	0.1973063	50.0	282216.66	1.5011524	15.072646	5.0180697	25.73172	1.8597697	29.018333	18.787462	63.43348	-20.315714	2.861023e-09	-0.013254768	-1.525879e-08	0.17551817	26.423912	-1.8170261	355.00192	-40.291992	0	0	79.0	0.49887133	0.007213027	188000	263.575834274292
47	32.83272	3.4470987	39.49965	23.262165	40.140163	37.286736	129.53787	0.14307238	50.0	285427.88	1.4866035	15.738939	5.1447806	26.202961	0.028408982	26.491032	18.83076	63.228855	-15.452772	-9.536744e-10	-0.016012654	-5.3405763e-08	0.15263748	30.90577	-2.3996372	344.31052	-26.895966	0	0	79.0	0.47761822	0.008672968	192000	268.509804725647
48	33.27205	3.7542818	40.072098	23.193724	40.71894	42.282295	162.57674	0.29258958	50.0	288685.38	1.4728845	15.067642	5.422415	26.065992	0.86627406	21.91411	17.376667	62.91639	-15.199207	6.6757204e-09	-0.013806582	2.3651123e-07	0.07433776	30.494562	-2.1203861	353.93192	-34.75238	0	0	79.0	0.43944335	0.007378185	196000	273.606308221817
49	32.423862	3.1908	39.68869	24.424856	31.81901	35.449535	142.6293	0.15647088	50.0	291230.9	1.4561546	16.19991	5.350375	27.586935	1.3236561	24.786177	17.646093	63.516872	-13.346547	9.536743e-09	-0.013391975	2.670288e-07	0.12169821	34.015965	-4.530834	321.25745	-49.956573	0	0	79.0	0.40458274	0.007903775	200000	278.238689661026
