Epoch	AverageEpRet	StdEpRet	MaxEpRet	MinEpRet	AverageEpCost	StdEpCost	MaxEpCost	MinEpCost	EpLen	CumulativeCost	CostRate	AverageVVals	StdVVals	MaxVVals	MinVVals	AverageCostVVals	StdCostVVals	MaxCostVVals	MinCostVVals	LossPi	DeltaLossPi	SurrCost	DeltaSurrCost	LossV	DeltaLossV	LossVC	DeltaLossVC	Penalty	DeltaPenalty	StopIter	Entropy	KL	TotalEnvInteracts	Time
0	8.148979	3.71432	32.0	4.0	0.3409413	0.15717553	1.3986937	0.024738794	8.148979	167.26051	0.04181513	0.0005181272	0.07393534	0.1615335	-0.15519346	0.0017340822	0.06519045	0.24597703	-0.2608288	3.627507e-08	-0.009730258	3.218651e-09	-0.0019500293	40.932068	-11.278896	0.09854381	-0.07289553	0.84999996	-0.020463526	4.0	0.9189385	0.021953328	4000	4.8130505084991455
1	9.25	4.4997425	34.0	4.0	0.35166705	0.23859192	2.520684	0.03270128	9.25	319.1905	0.039898813	1.2028005	0.164113	1.7962385	0.3880893	0.26712123	0.04753757	0.6261026	-0.08170081	5.0028492e-09	-0.00940378	-2.9057263e-09	0.00024073714	40.762905	-20.974407	0.07409715	-0.0020967647	0.82953644	-0.020442665	5.0	0.917485	0.020362992	8000	9.49959135055542
2	10.840109	5.84385	44.0	4.0	0.4777848	1.2887212	20.23689	0.043360792	10.840109	495.4931	0.04129109	4.508159	0.2090482	5.309413	2.6602588	0.27811682	0.021063354	0.35351512	0.18171705	1.9636246e-08	-0.008819955	-5.3048135e-09	0.0033610559	36.064304	-8.052406	2.991354	-0.36937833	0.8090938	-0.02023393	6.0	0.915769	0.020952815	12000	14.125534534454346
3	13.419463	7.103872	45.0	4.0	0.43983254	0.8094917	9.515594	0.021090297	13.419463	626.56635	0.039160397	7.0144424	0.46408308	8.617527	4.348217	0.51833993	0.45875338	3.413907	-3.5356493	3.0672875e-09	-0.011122466	-2.9802322e-10	0.0063094087	38.854603	-5.117977	1.3082932	-0.32975352	0.78885984	-0.019949913	6.0	0.9138993	0.017776536	16000	18.750600814819336
4	16.686192	9.499937	78.0	5.0	0.93395483	7.8448873	121.371956	0.010889517	16.686192	849.85596	0.0424928	8.573708	0.8056326	9.759529	4.3595085	0.47327238	0.11655663	0.8882491	-0.39746034	3.4329872e-09	-0.014250609	-6.6757204e-09	-0.015727341	64.50363	-6.45903	94.39626	-8.409126	0.76890993	-0.019215107	7.0	0.9121017	0.016244432	20000	23.131956100463867
5	20.683937	10.566768	79.0	6.0	0.732474	1.6372299	14.371217	0.024235643	20.683937	991.31555	0.041304816	10.719009	1.2883142	13.086175	5.1664515	0.6562866	2.228232	10.068547	-9.927553	3.950877e-09	-0.008285918	4.2915342e-09	-0.015598525	74.91337	-5.6936264	9.443711	-6.62712	0.7496948	-0.018381596	10.0	0.9108487	0.014525686	24000	25.024542570114136
6	22.98276	10.48506	62.0	6.0	0.5598074	0.87526786	5.842259	0.022460239	22.98276	1088.722	0.03888293	12.164961	1.7848355	14.713702	3.7837183	0.72617316	0.35019302	2.0886512	-0.96058846	2.3658244e-09	-0.0043168897	-5.4836273e-09	0.0047750054	68.42115	-5.2981644	0.9698478	-0.21331072	0.7313132	-0.018025339	11.0	0.90866464	0.013023155	28000	29.63792610168457
7	25.71613	10.551107	65.0	9.0	0.5060535	0.94731236	7.459815	0.011944071	25.71613	1167.2018	0.036475055	13.206271	2.366584	16.70918	1.3573714	0.587517	0.25483763	1.3909953	-0.46813083	1.6582266e-09	-0.007526556	2.9802323e-09	0.003137116	76.473785	-6.777916	0.73845196	-0.046621203	0.7132879	-0.030556917	79.0	0.9050522	0.0054356414	32000	34.67825245857239
8	28.755396	11.5689	63.0	10.0	0.7170555	1.0012858	7.2527122	0.018726306	28.755396	1266.8729	0.035190914	13.946867	2.4447265	17.554047	2.832387	0.457402	0.20285678	1.3284172	-0.3267677	-2.8886205e-09	-0.0071250177	-3.2782554e-09	0.006427754	80.539986	-16.102974	0.7798866	-0.03421712	0.682731	-0.030342162	79.0	0.8844882	0.0065635694	36000	39.76147437095642
9	34.042736	13.034729	80.0	13.0	0.91353565	0.9654781	6.22607	0.040588617	34.042736	1373.7964	0.034344908	15.06408	3.5789664	18.939854	1.1239488	0.59259665	0.19049731	1.316448	-0.35723394	7.688227e-09	-0.005376107	7.778406e-09	0.007549673	89.17181	-24.646759	0.6245844	-0.032764077	0.6523888	-0.028270602	79.0	0.87361205	0.0051923827	40000	44.502222537994385
10	39.465347	14.353779	93.0	14.0	1.4325526	1.3519496	8.229602	0.05532141	39.465347	1518.6744	0.03451533	16.925222	5.6330347	21.960793	-0.80297375	0.70601624	0.14920235	1.3230643	0.055815622	-5.2753872e-09	-0.004679732	-3.5762787e-10	0.014015333	86.30866	-18.912964	1.2176961	-0.11661744	0.6241182	-0.016294062	12.0	0.8691114	0.012646759	44000	49.16411900520325
11	46.75294	15.162574	88.0	17.0	3.0693843	2.2263098	10.071068	0.08215197	46.75294	1779.8837	0.03708091	17.96203	7.920032	25.187458	-0.7049448	1.0351074	0.17577656	1.6954902	0.17758459	-1.0353662e-08	-0.0048660873	-1.8954276e-08	-0.0067107677	82.90322	-22.229988	3.8103738	-1.1596618	0.60782415	-0.011638701	79.0	0.8667593	0.00593026	48000	54.01991105079651
12	46.57647	11.536517	95.0	28.0	2.3874762	1.3820692	7.837898	0.16687983	46.57647	1983.0325	0.038135238	21.33525	9.012948	28.927061	-0.2323889	2.0609276	0.18356343	2.5615065	1.3507711	-4.061809e-10	-0.0031937258	1.37090685e-08	0.0061414517	45.273182	-6.653225	1.3344864	-0.21349418	0.59618545	-0.017168283	79.0	0.85236084	0.0034338313	52000	56.72500276565552
13	51.141026	14.7888775	106.0	30.0	2.7809381	1.3584384	7.2637844	0.8020308	51.141026	2199.9673	0.03928513	20.733973	9.824882	29.727829	0.2696615	1.6347826	0.07897023	1.8647152	1.2528467	1.8346576e-08	-0.0043214746	1.9073487e-09	0.00082262687	59.783783	-9.709061	1.1921753	-0.036221385	0.57901716	-0.014059901	79.0	0.8375723	0.0048119077	56000	61.6956000328064
14	49.037037	10.814307	83.0	32.0	2.7243478	1.1931154	5.741508	0.42540708	49.037037	2420.9841	0.040349737	22.065447	10.59986	32.075092	1.115879	1.8249719	0.07319078	2.023116	1.3678013	-2.78703e-09	-0.003837006	2.9802322e-10	0.0074419854	29.998476	-3.8079338	0.9029372	-0.010127366	0.56495726	-0.015287757	79.0	0.8323376	0.0047494816	60000	66.69425177574158
15	55.26389	14.149002	97.0	31.0	3.0063264	1.3136779	7.0035033	0.86718637	55.26389	2637.5662	0.04121197	22.137405	10.857037	32.479877	1.3678021	1.8314549	0.1168312	2.1620736	1.1465541	6.442902e-09	-0.0061952537	-1.7881393e-09	0.0021654677	44.53253	-7.8195	1.0652739	-0.012513399	0.5496695	-0.011800349	79.0	0.8192462	0.0074490937	64000	71.64000272750854
16	59.328358	14.893039	107.0	39.0	2.9008245	1.0048494	6.1470747	1.0992008	59.328358	2831.9443	0.04164624	24.51	11.273768	34.732903	1.4117543	1.9451816	0.13059932	2.3496213	1.1743671	1.698951e-08	-0.0033653674	-4.172325e-09	0.004938043	46.605087	-7.543659	0.7261858	-0.012546003	0.53786916	-0.009068251	79.0	0.7894222	0.004640093	68000	76.64944648742676
17	63.444443	13.634432	107.0	40.0	3.1286807	0.8444216	5.3348823	1.6189036	63.444443	3029.0557	0.042070217	25.206495	11.948126	36.506252	1.4848695	1.8588394	0.081060894	2.0472996	1.4054139	-7.5118045e-09	-0.0035200336	-3.4570693e-09	0.0025979641	40.12672	-6.409382	0.5848074	-0.027400672	0.5288009	-0.0051776767	79.0	0.7781603	0.004442814	72000	81.61634254455566
18	65.2623	15.353646	117.0	38.0	3.1628368	1.0145684	5.2928247	1.168658	65.2623	3222.0464	0.042395346	26.575914	12.502205	38.314003	1.1705041	2.003106	0.06279709	2.1245735	1.574512	-6.0926e-09	-0.004361978	8.225441e-09	0.0030839248	40.980064	-5.465626	0.73683304	-0.014911294	0.5236232	-0.0054574013	79.0	0.7748966	0.0048208092	76000	83.91139578819275
19	71.545456	16.22996	124.0	47.0	3.1238778	0.96207196	6.5772743	1.1753585	71.545456	3394.007	0.04242509	27.891087	12.762062	39.72394	0.14773588	2.0127506	0.1143659	2.3530881	1.2718989	8.869632e-09	-0.0018443285	-4.3809414e-09	0.0070710746	48.41401	-8.349987	0.6468267	-0.013860285	0.5181658	0.0029838085	5.0	0.758797	0.013526625	80000	88.39708614349365
20	66.94915	14.34375	117.0	37.0	3.6609387	1.1660482	8.624441	1.5697953	66.94915	3612.0256	0.043000307	27.731224	13.843538	41.928978	0.25170475	1.9371463	0.06384791	2.0622065	1.5073634	-1.2466657e-08	-0.0029383556	-6.0796737e-09	0.0125140725	29.209919	-4.5058804	1.0339229	-0.16121596	0.52114964	0.0048905015	3.0	0.7579103	0.020645496	84000	93.02498650550842
21	77.37255	16.76827	121.0	52.0	3.910725	1.219179	7.563732	1.6022874	77.37255	3812.2795	0.04332136	29.287949	13.714191	42.638992	0.3599294	2.3561985	0.08990654	2.5473716	1.5626326	-2.1241076e-09	-0.0066982117	3.1292438e-09	0.0015866106	46.2409	-8.902359	0.9569885	-0.0038977265	0.52604014	-0.0014315844	79.0	0.7571098	0.0074992348	88000	98.06680727005005
22	76.53846	16.905235	128.0	50.0	4.324901	1.3077635	7.865554	2.1461146	76.53846	4037.2021	0.04388263	30.04686	14.350832	44.747906	0.41732413	2.3901966	0.112693496	2.6689267	1.7017274	-2.384098e-09	-0.008602779	4.887581e-09	-0.0009526602	34.0851	-4.4847355	1.2081889	-0.067490935	0.52460855	-0.00013279915	79.0	0.76686794	0.00866918	92000	103.11546015739441
23	84.78261	21.525429	154.0	48.0	3.9811876	1.1971495	7.8030276	1.9175547	84.78261	4221.1562	0.043970376	31.89477	14.346297	46.122513	0.52171636	2.6300082	0.08693382	2.775986	1.8654101	-3.2194698e-09	-0.009200238	7.688999e-09	-0.0017773979	53.169205	-9.798283	1.0553623	-0.13023305	0.52447575	0.0010620952	79.0	0.7709676	0.008718137	96000	108.09416151046753
24	99.075	23.800617	164.0	63.0	3.4990547	1.0721538	5.9965525	1.407374	99.075	4361.2974	0.043612972	35.162987	15.271827	48.643158	0.80524445	2.266228	0.09728492	2.455153	1.7088283	1.2451646e-08	-0.0029207848	1.5616417e-08	0.004055878	68.537636	-14.177212	0.86931765	-0.12408084	0.52553785	0.009879887	5.0	0.77507776	0.017803716	100000	112.63080501556396
25	92.88372	21.547363	157.0	57.0	4.5328403	1.0373089	6.735456	2.2994013	92.88372	4556.2285	0.04380989	34.43988	16.645386	51.345203	0.019881815	1.9010687	0.092030786	2.0702343	1.3587388	1.30832465e-08	-0.0037190055	-5.00679e-09	0.0026364215	41.070873	-7.1075935	1.3293995	-0.45913577	0.53541774	0.011480331	3.0	0.7744232	0.02522192	104000	114.62403130531311
26	103.789474	27.79924	191.0	68.0	4.475484	1.298231	7.7806115	1.9368463	103.789474	4729.7617	0.04379409	36.6578	16.525373	52.8364	0.71808636	2.5982778	0.09946552	2.7358832	1.7762346	-1.1186321e-08	-0.0009733013	-5.4836273e-09	0.0057852073	62.561848	-11.500412	1.1873618	-0.029281378	0.54689807	0.012614071	4.0	0.77374136	0.019069362	108000	119.1542420387268
27	113.22857	33.85607	248.0	71.0	5.109599	1.1971004	7.45285	1.8743638	113.22857	4908.6323	0.043827076	38.312218	17.62538	55.0789	0.34323916	2.433462	0.09855535	2.59518	1.6291387	-4.0239567e-09	-0.0026021476	-9.298325e-09	0.003455201	78.14301	-16.276535	1.3006988	-0.059270978	0.55951214	0.013978481	4.0	0.7734734	0.022846775	112000	123.69470882415771
28	117.878784	24.033762	191.0	84.0	5.9954205	1.9094322	9.711474	2.2837029	117.878784	5106.843	0.04402451	40.237846	18.243412	57.779343	0.14235252	2.6650834	0.1294133	2.850418	1.7431566	5.4754254e-09	-0.002075959	-7.748604e-10	0.0094859265	48.29117	-9.250679	2.36268	-0.24795055	0.5734906	0.015283287	5.0	0.7734724	0.016401641	116000	128.23409056663513
29	137.06897	35.680508	236.0	100.0	6.6275516	2.2714007	13.082976	2.8069801	137.06897	5299.0884	0.04415907	42.457306	18.517704	59.554108	0.34302175	3.1324813	0.16689178	3.4544637	1.8726312	2.8206198e-08	-0.0091435565	-4.4703485e-09	-0.0067306417	81.40365	-20.443493	2.8845873	-0.017497301	0.5887739	0.012086034	79.0	0.77282506	0.011539442	120000	133.21049308776855
30	181.04546	45.956974	262.0	109.0	4.668498	1.2960978	7.0203547	2.4865975	181.04546	5401.8145	0.04356302	48.734867	18.089474	62.55752	0.79024744	3.181176	0.20510995	3.669156	1.6915584	9.112347e-09	-0.0026468888	3.737211e-08	0.0029558784	139.20125	-42.040955	2.723152	-1.5661225	0.60085994	0.017297208	6.0	0.76766837	0.014555545	124000	137.93500661849976
31	169.56522	38.493168	250.0	109.0	5.768421	1.3770989	8.475289	3.1381586	169.56522	5534.7407	0.043240163	49.64757	20.28097	66.519	-0.07823557	1.9418833	0.0896624	2.1023517	1.3177354	4.0351926e-09	-0.0028872516	-6.4074994e-09	0.004483626	74.6534	-16.228374	1.6853509	-0.29282868	0.61815715	0.01826495	5.0	0.76893455	0.019394685	128000	142.4671971797943
32	178.72728	41.941715	272.0	116.0	7.399245	1.6626949	10.973848	4.5753665	178.72728	5697.6533	0.04316404	50.35437	21.312342	68.80229	0.33529985	2.4157622	0.15528746	2.747811	1.3553786	2.4494872e-08	-0.0028781951	-2.95043e-09	0.0058840257	72.5993	-18.268623	2.8182085	-0.73498297	0.6364221	0.019325376	6.0	0.7702055	0.01180765	132000	144.48057675361633
33	196.65	58.95191	347.0	116.0	7.729037	3.100141	17.304365	3.0810678	196.65	5852.3765	0.04303218	53.47075	21.021286	70.92979	0.26525685	3.0309482	0.3996142	4.108084	0.9834799	4.1073602e-09	-0.005711985	-4.172325e-09	0.0027700642	84.46299	-18.856346	4.0231533	-0.0571115	0.6557475	0.020487964	5.0	0.7698818	0.016934976	136000	148.96458053588867
34	248.0	63.279144	362.0	140.0	7.6328278	3.0655162	16.043522	4.265143	248.0	5974.533	0.042675238	56.821423	21.148315	73.21498	0.13692361	2.9437778	0.21154313	3.4877272	1.9000571	3.7112377e-10	-0.0058425786	4.798174e-09	0.00074376655	114.67694	-39.001495	3.8105216	-0.24830866	0.67623544	0.021605492	4.0	0.76906353	0.022399824	140000	153.60232377052307
35	347.36365	105.400764	539.0	196.0	12.744579	7.3523912	27.157274	5.366151	347.36365	6115.2896	0.04246729	62.88587	20.597689	76.364136	0.23701355	2.5326478	0.15134549	3.0406961	1.2370659	-8.3108125e-09	-0.012833909	3.695488e-09	-0.01406746	168.46794	-66.23	15.15889	-1.3219671	0.6978409	0.021668196	16.0	0.76886314	0.012972368	144000	158.06862115859985
36	555.2857	239.76518	937.0	264.0	5.6540713	2.4223144	9.9079895	2.9882026	555.2857	6155.254	0.041589554	70.59907	17.732344	80.06882	1.8886636	3.1714063	0.5981828	6.200452	-0.48190266	7.899913e-08	-0.009578283	-6.377697e-09	-0.0056819357	208.27794	-86.15939	6.318596	-5.0525007	0.7195091	0.015970051	79.0	0.7686746	0.010175512	148000	163.07177567481995
37	1000.0	0.0	1000.0	1000.0	0.56371945	0.16954954	0.71414256	0.29499668	1000.0	6157.509	0.040509928	83.83575	0.25742194	83.959595	80.79588	0.98634636	0.07954857	1.235043	0.750225	-8.392468e-08	-0.0020852517	2.95043e-09	-0.00061408075	222.60619	-102.300865	0.7539699	-0.71609426	0.7354792	0.01985538	7.0	0.7882292	0.01641561	152000	167.6319077014923
38	414.0	46.394444	486.0	344.0	5.8343034	1.1310152	8.285954	4.120853	414.0	6210.844	0.039813105	75.51717	21.167763	87.96404	1.0517511	-0.084366724	0.2723712	0.297126	-1.6452222	-6.3422916e-09	-0.005498179	-5.90086e-09	0.0011242699	52.2416	-11.96228	2.7596214	-2.0978837	0.75533456	0.02054149	4.0	0.7873772	0.030339237	156000	172.17300963401794
39	1000.0	0.0	1000.0	1000.0	1.3916512	0.5069155	1.9788179	0.595003	1000.0	6216.411	0.03885257	87.99497	2.6456082	89.11699	62.584858	1.2252059	0.07582766	1.4304881	0.8812104	-1.0676398e-08	-0.0035700614	6.906688e-09	-0.00065952074	128.81425	-69.04236	1.0351145	-0.9877534	0.77587605	0.018602133	3.0	0.78712	0.022179822	160000	174.27510476112366
40	993.5	11.25833	1000.0	974.0	3.6131983	2.206178	7.193792	1.5829009	993.5	6230.9336	0.0379935	85.34661	11.830845	91.525635	6.363292	0.16441256	0.030919893	0.26872218	0.027045242	3.6484928e-09	-0.004434195	-4.61936e-10	-0.0004177217	142.51064	-87.50336	0.11194804	-0.039261766	0.7944782	0.017997622	5.0	0.787096	0.019558128	164000	178.99210619926453
41	1000.0	0.0	1000.0	1000.0	1.3100404	0.56248695	2.0909276	0.7383312	1000.0	6236.1733	0.037120078	93.117004	0.10807875	93.150154	91.18733	0.34482077	0.017203422	0.3809406	0.2296004	-6.7791575e-07	-0.0009873044	4.209578e-10	-0.00034588593	40.362236	-16.71523	0.05657955	-0.044913504	0.8124758	0.016045809	7.0	0.7861874	0.015083933	168000	183.61396551132202
42	659.8	323.689	1000.0	232.0	1.0533903	0.539691	1.9558951	0.44295445	659.8	6242.463	0.036293387	94.65211	0.109861456	94.68246	92.52325	0.12869895	0.014887789	0.17983292	0.074880734	-9.48597e-10	-0.004952152	-3.669411e-10	-0.00010490897	415.587	-7.357849	0.011465005	-0.00024716277	0.8285216	0.013584197	16.0	0.7851356	0.013962545	172000	188.0636625289917
43	1000.0	0.0	1000.0	1000.0	0.4591724	0.04925071	0.5244222	0.38628742	1000.0	6244.3	0.035478976	93.7688	0.006996315	93.77417	93.67931	0.11975862	0.011944918	0.15546688	0.0675892	2.6678347e-07	-0.0010688482	-2.0861626e-10	2.1032387e-05	33.051907	-12.119652	0.0067625022	-0.00583669	0.8421058	0.0101184845	79.0	0.78238827	0.0025230614	176000	193.05209827423096
44	1000.0	0.0	1000.0	1000.0	0.5114034	0.053208522	0.5913894	0.4582595	1000.0	6246.345	0.034701917	94.97814	0.011123187	94.98404	94.743935	0.04293826	0.009726218	0.07688617	0.0052957013	-4.017733e-07	-0.0007211595	-8.1956386e-11	3.3347846e-05	21.470467	-9.311464	0.0010621176	-3.9984705e-05	0.8522243	0.00864619	79.0	0.76022434	0.0023023305	180000	197.97888493537903
45	874.0	146.97108	1000.0	641.0	0.5934485	0.1897866	0.7661759	0.27234986	874.0	6249.145	0.033962745	96.16016	0.015327223	96.167786	95.91432	0.03797667	0.010888743	0.0854419	-0.006459374	3.9253747e-09	-0.0015987179	2.4586916e-10	-6.886622e-05	221.36084	-0.6303406	0.0017171683	-0.00021000323	0.8608705	0.008159518	4.0	0.76368314	0.01454387	184000	202.3140230178833
46	1000.0	0.0	1000.0	1000.0	0.5089528	0.13021901	0.72338504	0.38083103	1000.0	6251.181	0.033250965	95.91864	0.0051562833	95.92329	95.82616	0.05087193	0.00853561	0.07976438	0.01285227	-1.525518e-07	-0.00046372644	-2.4586916e-10	-3.9089533e-05	14.17809	-5.6992044	0.0018959191	-0.00020666816	0.86903	0.005517721	79.0	0.7632598	0.0025963348	188000	204.85432600975037
47	1000.0	0.0	1000.0	1000.0	0.5149366	0.10254013	0.6008041	0.3402271	1000.0	6253.2407	0.03256896	96.79825	0.007091133	96.80345	96.721725	0.037266757	0.006747375	0.061925024	0.009167198	4.2896957e-07	-0.0009158439	-7.078051e-11	-0.00013131829	8.725617	-4.0351954	0.0018632032	-6.8938825e-06	0.8745477	0.0046597123	10.0	0.76442856	0.012857496	192000	209.44563031196594
48	1000.0	0.0	1000.0	1000.0	1.0264525	0.14850084	1.2591202	0.8566763	1000.0	6257.3467	0.03192524	97.557236	0.16454805	97.61769	94.26474	0.034830756	0.006170322	0.054085597	0.013216738	-1.0970343e-07	-0.0046753604	-7.264316e-10	5.7123696e-05	5.059532	-2.4348114	0.0044559427	-0.0027917163	0.87920743	0.0034676194	5.0	0.7635525	0.02294905	196000	213.92843008041382
49	1000.0	0.0	1000.0	1000.0	0.42877564	0.05364096	0.48391044	0.34967968	1000.0	6259.0615	0.031295307	98.25052	0.002942452	98.25373	98.22023	0.088759825	0.0050499067	0.106365606	0.06606092	-4.1710868e-07	-0.00042543357	3.5017728e-10	-5.9101953e-06	2.6056187	-1.2685378	0.003941242	-0.0030729086	0.88267505	0.0012346506	79.0	0.76296985	0.0021988621	200000	218.7401294708252
