Epoch	AverageEpRet	StdEpRet	MaxEpRet	MinEpRet	AverageEpCost	StdEpCost	MaxEpCost	MinEpCost	EpLen	CumulativeCost	CostRate	AverageVVals	StdVVals	MaxVVals	MinVVals	AverageCostVVals	StdCostVVals	MaxCostVVals	MinCostVVals	LossPi	DeltaLossPi	SurrCost	DeltaSurrCost	LossV	DeltaLossV	LossVC	DeltaLossVC	Penalty	DeltaPenalty	StopIter	Entropy	KL	TotalEnvInteracts	Time
0	18.97619	7.9098735	52.0	9.0	0.39224264	0.2679125	2.0631568	0.055636335	18.97619	82.60592	0.02065148	0.006649456	0.18529543	0.4636608	-0.47746566	-0.0065565943	0.15272975	0.34909406	-0.36287418	3.096542e-08	-0.006589436	1.4662743e-08	-0.00053667696	167.17976	-23.029358	0.11746811	-0.07908638	0.84999996	-0.021101952	8.0	0.6854214	0.015393162	4000	2.7047901153564453
1	22.65909	12.542552	87.0	8.0	0.42249134	0.41251194	4.0735817	0.025211487	22.65909	157.05394	0.019631742	1.1322385	0.19420661	1.5389146	0.45550597	0.23579822	0.013679281	0.30293894	0.17150083	-2.9377892e-08	-0.006155061	-2.115965e-09	0.0007515458	256.77115	-85.12839	0.14563917	-0.0037002265	0.828898	-0.021550417	12.0	0.6912987	0.013194252	8000	4.956212282180786
2	29.338236	17.00442	108.0	10.0	0.47700074	0.46109986	3.2148538	0.022819368	29.338236	222.05376	0.01850448	5.158395	0.6429835	7.1421094	0.948511	0.28217718	0.025865823	0.35758427	0.16602255	3.5782e-08	-0.00783883	1.5497208e-09	0.0017151689	295.09943	-105.727646	0.13991605	-0.004368648	0.8073476	-0.033965528	79.0	0.6770249	0.005005202	12000	7.529872179031372
3	34.991226	19.598377	112.0	10.0	1.0034974	2.8969598	24.610874	0.014734921	34.991226	336.46298	0.021028936	10.778578	1.4122138	15.270859	1.5501996	0.2966311	0.0876723	0.79066634	-0.07044677	3.0156855e-08	-0.007721567	-9.834766e-10	-0.004640522	266.3814	-59.938873	7.4070983	-1.1691031	0.77338207	-0.023586333	79.0	0.663979	0.006423071	16000	9.96708083152771
4	45.170456	26.691938	120.0	13.0	0.7952614	1.0190644	5.573639	0.059739403	45.170456	406.6116	0.02033058	14.942583	1.100841	17.30845	8.438653	0.9905322	0.81530726	4.227266	-3.0820296	-1.2994091e-08	-0.0053597237	-1.0609627e-08	0.00505895	364.09445	-59.707947	1.3543369	-0.7683744	0.74979573	-0.0326671	79.0	0.6495724	0.0042093485	20000	12.401993751525879
5	53.783783	30.527466	168.0	14.0	1.1005564	1.5604382	10.797565	0.05593051	53.783783	488.26385	0.020344328	18.444653	1.4700865	20.398548	0.25293425	0.58171743	0.14156786	1.0387398	-0.13524091	9.551694e-09	-0.0052901674	5.9604643e-10	0.0027734793	398.06375	-50.419342	1.3551416	-0.1686045	0.71712863	-0.027882338	79.0	0.6368741	0.0031048148	24000	14.829250812530518
6	69.5614	32.605034	151.0	18.0	1.7376482	1.7326165	7.935819	0.089706354	69.5614	587.4724	0.020981157	21.212955	2.3851254	22.900005	-6.079261	0.71798086	0.28086793	1.5458279	-0.4226683	4.817848e-09	-0.004187127	1.4305115e-09	0.004456245	448.23044	-56.99283	1.515329	-0.3671527	0.6892463	-0.027356803	79.0	0.62520677	0.0028831377	28000	17.25183081626892
7	87.35555	37.578453	213.0	22.0	2.635486	1.9821523	8.094372	0.1278258	87.35555	707.20087	0.022100028	23.071669	5.245726	25.336388	-20.56658	1.0676872	0.22153832	1.6114686	0.41871262	-3.113133e-08	-0.0015679956	0.0	-0.0011495398	568.1804	-72.867035	1.8826743	-0.3023759	0.6618895	-0.011847436	79.0	0.62427527	0.0021399397	32000	19.689626216888428
8	88.888885	28.750437	156.0	32.0	2.579795	2.0416222	9.547619	0.30325037	88.888885	823.29144	0.022869207	25.787683	5.3624353	27.902126	-20.759386	1.4592707	0.18849549	1.9752084	0.5461975	1.7844876e-08	-0.0038799753	2.3841857e-09	-0.0046099694	424.1914	-36.95465	1.7535102	-0.007820249	0.65004206	-0.0063000917	79.0	0.6121734	0.0039570453	36000	22.155604600906372
9	81.875	26.562525	164.0	19.0	2.1757753	1.4818978	6.372178	0.13903028	81.875	928.28784	0.023207197	28.388523	4.1852927	29.80784	-19.017746	1.4162673	0.14393015	1.7550105	0.4652236	-1.2676381e-08	-0.002240045	4.1127204e-09	0.0017450077	336.909	-17.350372	0.97825533	-0.1062817	0.64374197	-0.012285888	79.0	0.59977543	0.0028387834	40000	23.73515224456787
10	88.09091	22.401115	161.0	58.0	2.3806376	0.995377	4.7524843	0.49182817	88.09091	1034.0387	0.02350088	28.879835	6.6133566	31.037077	-22.458128	1.2006782	0.11389485	1.4964445	0.69076943	2.3143574e-08	-0.0010220304	2.026558e-09	-0.0019150764	351.37427	-16.357819	0.4982854	-0.02973938	0.6314561	-0.0033234358	79.0	0.5892039	0.0023840433	44000	26.274754285812378
11	89.63636	26.602367	152.0	36.0	1.8256164	0.9863388	3.5193448	0.47320232	89.63636	1115.8252	0.02324636	30.536236	5.8834553	32.29818	-20.16425	1.2937167	0.073372565	1.3999575	0.6714447	-1.0553751e-08	-0.0021235314	-5.9604643e-10	0.0028112475	346.21487	-10.505951	0.45757774	-0.116820216	0.62813264	-0.012724221	79.0	0.59352416	0.0043290625	48000	28.758744716644287
12	92.06977	23.170145	152.0	52.0	2.085008	1.055736	5.1703987	0.63723433	92.06977	1205.7598	0.023187688	31.511593	6.3311715	33.3464	-24.794054	0.9860054	0.18537135	1.505939	0.24999338	1.06151505e-08	-0.003956363	1.6391277e-10	0.0033225003	330.08148	-9.499695	0.49149737	-0.015801579	0.6154084	-0.016644657	79.0	0.596374	0.0041678133	52000	31.20603847503662
13	98.61539	30.186274	177.0	39.0	2.748311	1.491606	6.173331	0.1404108	98.61539	1315.569	0.023492303	33.000103	5.3119407	34.302612	-22.47787	1.0714769	0.121628605	1.3307518	0.41020858	-4.7100897e-09	-0.0020308571	-5.4091216e-09	0.003462896	414.89313	-14.910858	0.91580945	-0.11159527	0.59876376	-0.01162231	79.0	0.5966542	0.0029954843	56000	33.675028800964355
14	105.23684	31.901522	218.0	67.0	3.5770576	1.9048519	8.617017	0.8522651	105.23684	1451.528	0.024192132	32.29631	8.950172	35.50317	-25.53014	1.4085522	0.099037625	1.5235792	0.655855	-1.4593367e-08	-0.0023776644	9.685754e-09	0.0049553774	400.83838	-27.873077	1.5747998	-0.14117241	0.58714145	-0.010306537	79.0	0.59381765	0.003055592	60000	36.135316610336304
15	114.25714	39.294743	226.0	46.0	3.582442	1.8309665	8.9266405	0.6494605	114.25714	1577.0046	0.024640698	35.29693	5.94854	37.019234	-14.198341	1.7661711	0.11311555	1.9449879	0.9681914	4.8280633e-09	-0.0026078997	3.2782554e-09	0.0043655336	481.67972	-24.75003	1.2909439	-0.004963398	0.5768349	-0.0072996616	79.0	0.5913799	0.0047089425	64000	38.60636234283447
16	117.47059	33.78325	252.0	68.0	4.670665	2.609971	13.810203	0.4171368	117.47059	1735.8477	0.025527172	35.5466	8.579613	38.616463	-19.478018	1.7423714	0.11139849	1.9013757	0.88126713	-3.768937e-09	-0.0022822623	1.2218952e-08	-0.0019232034	416.72095	-24.182251	2.7809913	-0.31254387	0.56953526	0.005992353	79.0	0.59738636	0.003060752	68000	41.05990433692932
17	128.2258	34.608135	207.0	78.0	4.4086185	1.5039997	7.929315	1.2214447	128.2258	1872.5724	0.02600795	37.563774	7.5988336	40.149868	-10.504041	2.2845829	0.21258326	2.87886	1.2766168	-1.1147854e-08	-0.00084011164	8.940697e-09	-0.0011452853	457.16458	-24.47931	1.0877159	-0.047879696	0.5755276	0.010357738	79.0	0.5930445	0.0023433967	72000	43.52272129058838
18	123.46875	35.400375	249.0	75.0	4.0872526	1.4696007	8.209989	0.73777115	123.46875	2003.5521	0.026362527	39.60926	7.1094375	41.782482	-6.7225337	2.113291	0.15494806	2.4280815	1.2622874	-3.0552016e-08	-0.001704365	-1.3113022e-09	0.0050435415	430.86377	-10.409332	1.0321709	-0.05136317	0.58588535	0.0008292198	79.0	0.59336716	0.005270026	76000	45.96896696090698
19	130.43333	35.86334	221.0	77.0	6.145379	3.5328982	17.27382	2.3378115	130.43333	2189.9282	0.027374104	40.913055	7.1339755	42.872272	-10.335106	1.929517	0.16722104	2.1575112	0.78240633	-9.190067e-09	-0.0022899192	-6.9737434e-09	-0.004720283	466.6507	-11.769196	4.948309	-0.81605387	0.58671457	0.018106103	79.0	0.5889993	0.0033441416	80000	48.420220136642456
20	159.2	43.776707	241.0	91.0	4.8463697	1.7964061	8.66141	2.5182574	159.2	2311.0935	0.027513018	41.33056	7.3638167	43.978397	1.020993	2.876334	0.37784258	3.8499143	0.8616146	2.1966144e-08	-0.0019516582	1.886487e-08	-0.0021917666	549.5938	-44.67975	2.1123378	-0.88153636	0.60482067	0.015818834	79.0	0.5939741	0.005509617	84000	51.01708912849426
21	123.9375	32.73085	208.0	88.0	4.38267	2.1384985	11.079514	1.0935637	123.9375	2451.5776	0.027858837	45.411694	4.5553713	46.16193	-5.7425346	2.0355906	0.09181972	2.1656857	1.3326675	-1.0779085e-09	-0.002523705	-2.6226044e-09	0.0067379996	458.47345	-0.6382141	1.6581032	-0.048764348	0.6206395	-0.00079506636	79.0	0.588246	0.0046282494	88000	53.502676486968994
22	153.57692	47.51289	263.0	78.0	5.003571	2.1388931	10.338835	1.8862355	153.57692	2581.8616	0.028063713	45.048954	4.7928743	46.126953	3.156432	2.0686932	0.2254125	2.6001146	0.8661086	7.0420807e-09	-0.0040383134	-7.2717667e-09	0.0061637103	558.9161	-15.986389	1.846573	-0.18029737	0.61984444	-0.0028436184	79.0	0.5896319	0.00543034	92000	55.112492084503174
23	150.57692	68.739296	412.0	85.0	10.29457	4.1314034	17.682438	3.211952	150.57692	2850.0457	0.029687976	45.94705	6.5158286	47.311504	-14.598747	2.09388	0.37874556	3.1269138	0.7401183	6.2908376e-09	-0.004753219	5.2809714e-08	-0.016487204	619.2371	-14.722412	12.134274	-4.931043	0.6170008	0.030400515	79.0	0.58902097	0.0062228153	96000	57.618199586868286
24	132.46666	49.47439	240.0	84.0	6.5223794	2.5898802	13.608482	2.9737792	132.46666	3046.6384	0.030466385	47.529907	4.9417863	48.496754	-0.4588868	4.1257906	0.8673924	6.6100836	0.47908127	-4.5190607e-09	-0.0029061795	6.9141386e-09	-0.011913169	522.141	-2.2939453	4.696497	-1.8710237	0.64740133	0.03196901	79.0	0.6057195	0.0048504933	100000	60.230536460876465
