Epoch	AverageEpRet	StdEpRet	MaxEpRet	MinEpRet	AverageEpCost	StdEpCost	MaxEpCost	MinEpCost	EpLen	CumulativeCost	CostRate	AverageVVals	StdVVals	MaxVVals	MinVVals	AverageCostVVals	StdCostVVals	MaxCostVVals	MinCostVVals	LossPi	DeltaLossPi	SurrCost	DeltaSurrCost	LossV	DeltaLossV	LossVC	DeltaLossVC	Penalty	DeltaPenalty	Optim_A	Optim_B	Optim_c	Optim_q	Optim_r	Optim_s	Optim_Lam	Optim_Nu	OptimCase	Margin	BacktrackIters	Entropy	KL	TotalEnvInteracts	Time
0	17.264069	10.676853	67.0	4.0	3.3900332	15.493	116.96043	0.011353954	17.264069	783.2784	0.1958196	-0.008533127	0.118098155	0.4714407	-0.46477968	0.005529898	0.1468089	0.48761547	-0.47897562	8.3684924e-08	8.471393e-05	1.1539459e-07	-0.15469457	200.10344	-22.099152	376.54413	-12.805237	0.63973415	0.0	0.05333531	0.00046752673	0.16740163	0.05625766	-0.09268793	2.9397726	10.68081	0.63973415	1.0	0.0	0.0	0.9189385	0.004489212	4000	2.6930952072143555
1	15.6784315	9.399964	53.0	5.0	1.2070504	6.0890336	92.48968	0.020902587	15.6784315	1091.0785	0.13638481	0.92502236	0.45291823	3.3654914	-1.4866245	0.70337194	0.70185435	3.9778929	-2.2810707	2.7179718e-08	0.008687027	3.385544e-08	-0.04152085	145.72469	-50.51156	70.3289	-3.1147919	1.7438205	0.0	0.03367638	0.0006949315	0.045097012	0.054337475	-0.06719929	0.21856266	6.961322	1.7438205	1.0	0.0	0.0	0.91103894	0.0038326753	8000	5.050143718719482
2	14.817843	8.019047	48.0	5.0	0.4381598	1.3315293	20.07967	0.02446263	14.817843	1208.989	0.10074908	4.1975536	0.15524141	5.068584	3.3175666	1.168052	0.31123942	2.2336733	-0.09155463	1.6689301e-09	-0.016695905	-1.704693e-08	0.0033432408	73.22246	-24.20602	2.9906857	-0.37066078	0.5161989	0.0	0.029950336	0.008742359	-0.0041733608	0.045923874	-0.014873325	0.0138488915	1.8509153	0.5161989	2.0	0.0	1.0	0.8909598	0.003053031	12000	7.396514177322388
3	17.198277	8.675391	54.0	4.0	0.46709213	1.4922128	21.801573	0.025141677	17.198277	1317.3954	0.08233721	7.7252607	0.21811604	8.526116	5.967535	0.9033523	0.14858352	1.5183684	0.26171455	3.409386e-08	-0.020441929	1.7642975e-08	0.0016628641	59.33719	-7.656498	3.376673	-0.21318579	0.5555709	0.0	0.03772393	0.009848047	-0.0019134402	0.049904242	-0.01713128	0.024094684	1.9571918	0.5555709	2.0	0.0	0.0	0.8755652	0.004571997	16000	9.699681520462036
4	18.41014	10.274683	58.0	5.0	0.44836003	0.5755426	4.4725327	0.021086248	18.41014	1414.7037	0.07073519	9.94307	0.49492148	10.806605	7.423325	0.69203144	0.08335048	0.9853941	0.3623311	-4.529953e-09	-0.016112782	1.1384487e-08	0.002290352	71.813866	-2.9820633	0.40240803	-0.06273639	1.6507388	0.0	0.020798609	0.008534284	-0.0028049748	0.053454813	-0.013239968	0.005367946	1.5611103	1.6507388	2.0	0.0	1.0	0.8558702	0.0029110054	20000	12.02546501159668
5	20.19192	8.171986	42.0	5.0	0.49184194	1.0810847	13.052419	0.021560576	20.19192	1512.0895	0.06300373	11.259334	0.35919467	12.091402	8.728901	0.5508544	0.05127173	0.70210296	0.20271322	-8.106232e-09	-0.014013922	6.3180923e-09	0.00033401942	50.5886	-1.237896	1.0924209	-0.015969753	0.9078819	0.0	0.028105147	0.009988555	-0.00040402586	0.04112421	-0.01362684	0.014262989	1.6774192	0.9078819	2.0	0.0	1.0	0.8301712	0.002700312	24000	14.371144533157349
6	21.721312	10.949159	83.0	6.0	0.39703903	0.49481586	4.409343	0.024583898	21.721312	1585.513	0.056625463	11.29052	0.9818965	12.731261	6.0041094	0.50838643	0.07752856	0.7560138	0.22772871	2.1457671e-09	-0.017621292	-5.8114527e-09	0.0032171342	80.937614	-3.5840378	0.23884763	-0.03404972	0.0	0.0	0.018190574	0.0011916952	-0.00474009	0.028933814	-0.005234896	0.0025508262	1.7009943	0.0	2.0	0.0	0.0	0.8120039	0.004434326	28000	16.671992778778076
7	26.993196	12.277127	66.0	7.0	0.87244916	1.6868323	14.854059	0.023823075	26.993196	1716.0867	0.053627707	12.882852	0.932712	14.467911	6.22703	0.40389147	0.06563134	0.58339566	0.14029962	1.4305115e-09	-0.0037010445	4.9769877e-09	-0.013833152	99.660576	-12.491951	2.2202091	-0.110304356	1.2955909	0.0	0.01931828	0.0040011406	0.01379789	0.022992883	-0.010799	0.03173633	2.1973152	1.2955909	1.0	0.0	0.0	0.7999533	0.0043283044	32000	18.9919593334198
8	25.798702	10.122227	61.0	6.0	0.518187	0.58423537	2.84577	0.012623939	25.798702	1796.1545	0.04989318	14.829819	1.5313704	17.635717	4.327444	0.5957724	0.08852372	0.8996526	0.2811231	9.536743e-09	-0.009861746	-4.4703483e-10	-0.0008202057	74.77387	-4.4314957	0.30557978	-0.060944617	1.3093333	0.0	0.0109196585	0.009928626	0.0007049574	0.02099898	-0.0083773965	0.0069628465	1.048721	1.3093333	1.0	0.0	0.0	0.77984077	0.0044390364	36000	21.322853565216064
9	29.444445	9.622249	64.0	9.0	0.53720254	0.5560697	3.1550882	0.038771402	29.444445	1868.8123	0.046720307	13.969195	2.1027944	17.637697	2.6663606	0.4713296	0.039666552	0.6203419	0.25167832	-2.7418137e-09	-0.0058835265	4.917383e-10	-0.0012233375	77.03951	-7.046234	0.2086124	-0.004306704	1.5177402	0.0	0.005783693	0.00964341	0.0012634824	0.013339938	-0.0058161835	0.0044768257	0.7744391	1.5177402	1.0	0.0	0.0	0.7486915	0.003865759	40000	23.646273612976074
10	31.480314	10.154593	68.0	11.0	0.56306636	0.5071552	2.9866865	0.032389477	31.480314	1940.3387	0.04409861	15.01114	2.3381803	18.230616	0.26299006	0.42947516	0.042789664	0.5701056	0.2075028	7.629395e-09	-0.0071572694	2.6226044e-09	-0.0020283663	80.02916	-10.054085	0.1687604	-0.0012177527	1.180694	0.0	0.008594118	0.009124553	0.0020033587	0.01121845	-0.0034685922	0.004584454	0.9704985	1.180694	1.0	0.0	0.0	0.7194382	0.0043471875	44000	26.118605852127075
11	32.540985	10.153855	72.0	14.0	0.35108685	0.26060578	1.916093	0.04462571	32.540985	1983.989	0.041333105	15.766395	2.7483327	18.616392	0.53223544	0.41432172	0.025054315	0.52263594	0.30550036	-4.053116e-09	-0.015350139	1.6391277e-10	0.0036232136	74.055595	-11.465984	0.076016255	-0.025049549	0.0	0.0	0.0039692614	-0.0034095095	-0.004576172	0.023991993	-0.0055918763	0.0015616792	1.5489348	0.0	3.0	0.0	0.0	0.69429463	0.0049178204	48000	28.442272186279297
12	37.622643	13.079908	88.0	19.0	0.7101554	0.49990597	2.3752744	0.037114106	37.622643	2059.3264	0.039602432	15.912634	4.009318	19.386967	-1.4689168	0.29950744	0.040151395	0.4564785	0.14477812	1.4305115e-09	0.00548868	-1.8775463e-09	-0.005501371	94.77947	-24.203583	0.17899619	-0.035547942	5.556685	0.0	0.0041029593	0.00061112456	0.0055858763	0.008900658	-0.0039930157	0.0033232963	2.5910974	5.556685	1.0	0.0	0.0	0.68330514	0.004862441	52000	30.75523042678833
13	34.439655	10.099751	67.0	17.0	0.4546456	0.2777585	1.6753688	0.03079535	34.439655	2112.0698	0.037715532	18.096125	5.0914893	22.22923	-1.3353251	0.43624073	0.014788594	0.49391264	0.37003124	1.5497207e-08	-0.0074905045	3.5762786e-09	0.001075311	50.568905	-11.038818	0.062223975	-0.012228228	1.506732	0.0	0.004575022	0.008572324	-0.0013169236	0.010994015	-0.002792411	0.0012147636	0.7305456	1.506732	2.0	0.0	1.0	0.6658973	0.0024001868	56000	33.088130235672
14	37.339622	12.144482	81.0	21.0	0.5168426	0.32068595	1.6834223	0.026314128	37.339622	2167.0645	0.03611774	16.828617	6.055092	21.907755	-2.4770546	0.35548255	0.011548197	0.40958086	0.29606262	3.6358834e-09	-0.0052623115	-3.5762787e-10	-0.0005558118	57.44417	-9.669636	0.060984787	1.6018748e-07	2.3770154	0.0	0.0039665448	0.009871964	0.0004510652	0.011637507	-0.0034913972	0.0015890907	0.63387614	2.3770154	1.0	0.0	0.0	0.6492982	0.0038954574	60000	35.41757774353027
15	37.38679	10.504779	73.0	22.0	0.5202273	0.2766465	1.2607822	0.09214044	37.38679	2222.502	0.034726594	17.88749	7.240023	24.005894	-2.1025853	0.35312518	0.011511768	0.39884788	0.292702	8.106232e-09	-0.0054278136	4.768372e-10	-0.00057852303	38.520218	-5.0536957	0.051107787	-0.00017891452	2.7867467	0.0	0.0043572043	0.009717641	0.00054102833	0.010515488	-0.0025266744	0.0010366661	0.66961247	2.7867467	1.0	0.0	0.0	0.6204711	0.0039792224	64000	37.763917207717896
16	38.25	10.364279	86.0	20.0	0.454935	0.20585509	1.1033851	0.08415347	38.25	2269.965	0.03338184	17.905472	7.643194	24.486513	-1.2212057	0.3584617	0.007868043	0.37979832	0.28794214	-9.477138e-09	-0.007234112	-5.960465e-11	0.0009916266	35.492664	-3.6105328	0.030003835	-0.0019234363	1.8397508	0.0	0.003302745	0.0077387914	-0.0011781695	0.00917767	-0.0018990599	0.000613868	0.6532824	1.8397508	2.0	0.0	1.0	0.5894747	0.0023670266	68000	40.09565854072571
17	38.475727	8.470216	71.0	23.0	0.52619725	0.2063694	1.1193341	0.117535576	38.475727	2324.9224	0.03229059	17.639025	8.142007	25.199797	-0.6526317	0.32301512	0.00939956	0.35492018	0.26390827	-2.0921231e-08	-0.0022627534	2.0712614e-09	-0.00078301446	23.626797	-2.0265846	0.032850277	-0.0020488258	4.4474387	0.0	0.0028162226	0.009237615	0.0006808774	0.011732751	-0.0023285192	0.00060808443	0.55214554	4.4474387	1.0	0.0	0.0	0.5778586	0.0032459013	72000	42.419944524765015
18	43.945053	11.409811	87.0	27.0	0.44133332	0.16721441	1.0195284	0.13429976	43.945053	2365.0928	0.03111964	18.861668	8.291697	25.821314	0.2083093	0.36029705	0.0075109196	0.38158223	0.26516113	1.2040139e-08	-0.007838563	-8.493662e-10	0.0011023477	42.81411	-5.763752	0.024813792	-0.004630059	0.9952923	0.0	0.0033890493	0.0050083357	-0.0013350007	0.009306607	-0.0014535503	0.00035704064	0.8226067	0.9952923	2.0	0.0	1.0	0.5636665	0.002757365	76000	44.759763956069946
19	43.922222	13.414111	109.0	26.0	0.49993235	0.16546948	1.0560495	0.21908437	43.922222	2410.3242	0.030129053	19.655094	9.178821	27.711779	0.48223138	0.30012277	0.018730335	0.36585847	0.21181923	-1.4781952e-08	-0.0041811788	-1.6689301e-09	1.4625043e-06	44.534718	-4.5761147	0.021740142	-0.0009675212	3.8606505	0.0	0.004517778	0.009999988	-1.5402516e-06	0.007381257	-0.00074063364	0.00019156351	0.6721446	3.8606505	2.0	0.0	2.0	0.556411	0.0018003397	80000	47.13752555847168
20	42.287235	10.802505	84.0	27.0	0.52974063	0.20224838	1.2712	0.20785855	42.287235	2460.1445	0.029287435	19.955793	9.635341	29.040813	1.0277002	0.32915276	0.015924415	0.37829766	0.23533508	-4.1723253e-10	-0.0035722489	-7.5250867e-10	-0.00076575583	27.837378	-2.277382	0.029628977	-0.0007663034	4.1304936	0.0	0.0040220954	0.008994114	0.00070330047	0.008976442	-0.0015608447	0.00049173716	0.6687241	4.1304936	1.0	0.0	0.0	0.52218384	0.003914133	84000	49.593613147735596
21	42.935482	10.202052	84.0	28.0	0.5000558	0.16884461	0.9479289	0.17904957	42.935482	2506.6736	0.028484927	19.783733	9.546523	29.005533	1.5677854	0.35413232	0.013851659	0.3941582	0.26192343	-7.152557e-09	-0.0030628094	8.791685e-10	-4.581064e-07	24.397614	-1.5532646	0.022167308	-0.0002861973	3.920517	0.0	0.00090699363	0.009999995	1.2993903e-06	0.0065911217	-0.0014501933	0.0003699883	0.3011634	3.920517	1.0	0.0	0.0	0.4792143	0.003296989	88000	51.97126221656799
22	43.402172	9.129575	70.0	32.0	0.5021217	0.15236181	0.84472626	0.16295199	43.402172	2552.8862	0.027748764	19.664513	9.680974	29.350367	1.3337296	0.33962068	0.015184897	0.38454115	0.26601768	3.3378602e-09	-0.005285916	-5.960465e-11	-5.4900916e-05	18.633009	-1.2637196	0.018862344	-2.7606264e-05	4.078944	0.0	0.0032235123	0.009992719	4.888435e-05	0.008460494	-0.0013110559	0.00032821723	0.56796664	4.078944	1.0	0.0	0.0	0.4370697	0.004002783	92000	54.356147050857544
23	45.261364	11.96538	88.0	31.0	0.47468174	0.14264712	0.87128663	0.19801952	45.261364	2594.6738	0.027027853	20.134483	9.876007	29.784061	1.4606668	0.33873022	0.011446493	0.3755113	0.28488228	-1.34706495e-08	-0.0058098924	-1.6987324e-09	0.00054538914	29.692896	-2.3771534	0.016922183	-0.0005393587	3.3462741	0.0	0.0012638755	0.00812588	-0.0005593792	0.004901674	-0.00077933987	0.00016696104	0.39438188	3.3462741	2.0	0.0	0.0	0.3887514	0.0040232977	96000	56.76666808128357
24	45.31818	10.529769	88.0	33.0	0.5028296	0.122145884	0.81672806	0.26082942	45.31818	2638.9355	0.026389355	20.53962	10.292327	30.902506	1.5386591	0.3195842	0.008289504	0.3468088	0.26858968	4.768372e-10	-0.0031666567	6.705522e-11	-8.160482e-05	22.411882	-1.3386478	0.014503788	-0.0004038019	4.8502064	0.0	0.0012897737	0.0099687055	6.243877e-05	0.004007096	-0.0005818282	0.00012458001	0.35969746	4.8502064	1.0	0.0	0.0	0.35646832	0.0036681127	100000	59.17460036277771
25	47.309525	10.891211	73.0	31.0	0.4852508	0.13641007	0.85898316	0.27140862	47.309525	2679.7576	0.0257669	20.977337	10.362341	31.274015	1.3344593	0.33773714	0.009175983	0.36059114	0.2597767	1.3113022e-09	-0.0060394676	-5.2154064e-10	0.00025879452	21.59589	-1.5810852	0.014972837	-0.00017832126	2.6430914	0.0	0.004274821	0.009526398	-0.00031175962	0.007025178	-0.00075128995	0.000205223	0.6698763	2.6430914	2.0	0.0	1.0	0.298818	0.0026584931	104000	61.55704855918884
26	47.559525	12.077479	104.0	32.0	0.5198134	0.1423391	0.9100641	0.15825623	47.559525	2723.4265	0.025216913	21.293886	10.694253	32.13759	1.2021661	0.32657042	0.009347758	0.3558721	0.26731488	1.8000602e-08	-0.0038291474	-8.1956386e-10	-0.00046037027	26.915968	-1.5422459	0.017413864	-0.00045792758	9.55376	0.0	0.0044715763	0.0067444835	0.00041660253	0.005014991	-0.00017020707	5.331187e-05	0.81424665	9.55376	1.0	0.0	0.0	0.27480912	0.003952512	108000	63.91601896286011
27	46.67059	10.291502	78.0	31.0	0.48436433	0.11868837	0.80159366	0.23267403	46.67059	2764.7024	0.024684843	21.519548	10.875184	32.776176	0.9820212	0.34588492	0.00780183	0.3641416	0.28422955	-6.8545343e-09	-0.006956877	-4.4703484e-11	0.00033472563	18.224918	-1.3754025	0.012838835	-0.00028555654	1.3465834	0.0	0.003132075	0.007981205	-0.0003350219	0.004590486	-0.00028475226	5.5597393e-05	0.6264434	1.3465834	2.0	0.0	0.0	0.2628039	0.004271699	112000	66.24651837348938
28	51.26923	14.302298	117.0	34.0	0.486193	0.13469264	0.8297578	0.19868164	51.26923	2802.6377	0.02416067	21.926285	10.639533	32.537556	0.9428854	0.33148953	0.0056345547	0.34810758	0.2872472	-7.987023e-09	-0.0060465843	-4.4330956e-10	0.00021962749	36.996037	-4.3158073	0.015764555	-0.0002567107	2.2804608	0.0	0.0023559555	0.009249148	-0.0002693038	0.0036696054	-0.00035620914	9.658965e-05	0.5046993	2.2804608	2.0	0.0	0.0	0.23125684	0.0048178323	116000	68.66458296775818
29	49.65	12.66205	105.0	30.0	0.52452886	0.13822392	0.88414615	0.15669577	49.65	2844.8047	0.023706706	22.557814	11.50046	34.54796	0.56599224	0.31801605	0.005429458	0.32751653	0.28572822	2.1457671e-09	-0.0013317885	8.9406965e-10	-0.00070001296	24.283413	-1.9427452	0.018170174	-0.0010871962	2.9670496	0.0	0.0006907214	0.008352477	0.0004940354	0.0012881993	-0.00029751123	0.00014814427	0.28757015	2.9670496	1.0	0.0	0.0	0.2807337	0.0041671577	120000	71.03286075592041
30	47.95181	9.591541	77.0	32.0	0.5356946	0.1396351	0.86018854	0.28035805	47.95181	2889.297	0.023300784	22.108446	11.264643	34.675484	0.83236146	0.34898022	0.0072898436	0.36185685	0.2845224	1.66893e-08	-0.00020686293	-2.8312205e-10	-0.00067154516	13.626519	-1.3582668	0.016456997	-0.00020619668	11.288696	0.0	0.0036535354	0.004449552	0.00074438483	0.0057050735	-0.00045255703	9.983137e-05	0.9061467	11.288696	1.0	0.0	1.0	0.26767552	0.0031746402	124000	73.55002975463867
31	49.925	11.33333	103.0	32.0	0.49342093	0.11251343	0.78360224	0.20961958	49.925	2928.7983	0.022881238	22.134098	11.199447	34.30176	0.5884608	0.360841	0.008361226	0.38351882	0.29506803	1.5735626e-08	-0.0066460664	3.874302e-10	7.991325e-05	19.623505	-0.95181847	0.013184537	-0.00082795136	0.0	0.0	0.0042125327	0.009666192	-0.0001317791	0.0042925677	-6.452668e-05	5.2023246e-05	0.65517694	0.0	2.0	0.0	0.0	0.24320447	0.0044832	128000	75.89224934577942
32	50.253166	14.393624	131.0	32.0	0.530896	0.15093143	0.9693142	0.19079205	50.253166	2970.812	0.022506151	22.295004	11.344302	34.911583	0.7639896	0.33405873	0.0049423086	0.3442885	0.28804222	-3.695488e-09	0.0010904255	1.3411044e-10	-0.00045995333	27.811468	-1.6352615	0.01881298	-0.00018104538	50.191536	0.0	0.0024983978	0.00028596446	0.0006148072	0.0029757265	-0.00013628493	3.891152e-05	2.9557981	50.191536	1.0	0.0	1.0	0.22509778	0.003167603	132000	78.23537516593933
33	50.55696	10.720554	84.0	33.0	0.47882646	0.13207792	0.8733935	0.2611467	50.55696	3008.645	0.02212239	23.171984	11.777064	36.00665	0.72764856	0.3466162	0.006231099	0.3564526	0.287946	-8.106232e-09	-0.0044435947	-1.2367963e-09	0.00015813265	15.729585	-1.3514872	0.014542345	-0.00087362435	0.0	0.0	0.0016516335	0.0012271507	-0.00041880558	0.0018412686	-6.157459e-05	1.999329e-05	0.42910007	0.0	2.0	0.0	0.0	0.2211343	0.004486145	136000	80.59188055992126
34	49.012344	10.345266	100.0	35.0	0.502875	0.118486464	0.79438573	0.20166971	49.012344	3049.4253	0.021781608	22.058258	11.354615	35.413536	0.8971756	0.31857303	0.0053894934	0.3274344	0.28779674	1.7881394e-10	-0.0065650167	-5.2154064e-10	-7.076239e-05	13.766843	-0.5250864	0.013739493	-0.00042350497	3.8726642	0.0	0.003946035	0.009965414	5.865809e-05	0.005166146	-0.000348401	9.948544e-05	0.6292639	3.8726642	1.0	0.0	0.0	0.20087206	0.0043213284	140000	82.92170858383179
35	51.26923	11.951476	97.0	37.0	0.4958573	0.13821195	0.9538998	0.23837426	51.26923	3088.1028	0.021445159	22.518625	11.406143	35.487507	0.69934535	0.33765137	0.0055892454	0.34973705	0.29466394	9.536744e-10	-0.00508463	7.4505804e-11	7.436201e-05	19.035738	-1.0001564	0.015494167	-0.00020714104	2.2290645	0.0	0.003650654	0.009936395	-8.0802885e-05	0.0044025397	-0.0002778169	0.000102651575	0.60613716	2.2290645	2.0	0.0	1.0	0.21397197	0.0028776505	144000	85.24190878868103
36	51.623375	10.67591	83.0	34.0	0.5027717	0.13672233	0.99356896	0.25475198	51.623375	3126.8508	0.021127371	22.942766	11.788471	36.442104	0.6683537	0.32526082	0.0125578735	0.3602298	0.2557753	4.053116e-09	-0.0041175275	-1.1920929e-09	-8.7548135e-05	12.642189	-0.6089096	0.014724417	-0.0004577823	8.136896	0.0	0.0017036464	0.009866542	5.369032e-05	0.0027948706	-0.00015352556	2.1599682e-05	0.41553465	8.136896	1.0	0.0	0.0	0.18532896	0.0038925086	148000	87.57320737838745
37	52.63158	14.155009	121.0	35.0	0.51361424	0.13389686	0.8367182	0.1786093	52.63158	3165.8855	0.020828195	22.993591	11.776291	36.644196	1.1442922	0.3355399	0.0068516643	0.34768406	0.29147357	-4.2915342e-09	-0.005203154	-7.1525574e-10	-0.00024104031	24.30518	-1.7388744	0.01613242	-2.6078895e-05	5.3214154	0.0	0.004107194	0.009123247	0.0002586705	0.0048161554	-0.00023260538	7.631621e-05	0.670962	5.3214154	1.0	0.0	0.0	0.20496678	0.004070199	152000	89.91529393196106
38	51.153847	10.54183	82.0	36.0	0.50708103	0.12658614	0.825699	0.25289035	51.153847	3205.4453	0.020547727	23.272367	12.225019	37.947983	0.95693105	0.33560202	0.007481234	0.358694	0.293283	-2.503395e-09	-0.0050628376	-5.5134297e-10	-0.0001441393	11.505703	-0.857955	0.014031305	-2.6844442e-05	4.1265163	0.0	0.0026187124	0.009795905	0.00013842619	0.0036815868	-0.00031589545	9.388686e-05	0.517037	4.1265163	1.0	0.0	0.0	0.15847528	0.004545677	156000	92.2264654636383
39	51.44156	10.7733345	87.0	34.0	0.5000656	0.12639505	0.8296012	0.2698399	51.44156	3244.0796	0.020275498	22.922997	11.806152	37.31953	1.3651316	0.33542255	0.0047576744	0.34892607	0.28745812	1.9073487e-09	-0.007442541	-2.8312205e-10	-4.1660784e-05	11.034081	-0.5397043	0.01305484	-5.4392032e-05	3.739359	0.0	0.0054255496	0.009999972	1.275714e-06	0.0062347683	-0.00021730427	5.8354002e-05	0.7365843	3.739359	1.0	0.0	0.0	0.14504826	0.004293482	160000	94.57779908180237
40	51.467533	9.161728	73.0	36.0	0.51549995	0.11314561	0.78830326	0.2871948	51.467533	3283.7773	0.020023033	22.774843	11.899562	37.664986	0.9358607	0.32858282	0.00529033	0.34080136	0.2797984	4.768372e-10	-0.0048637856	-9.23872e-10	-0.0002966195	7.6733	-0.34364367	0.011989263	-0.0002119802	13.135724	0.0	0.0054591433	0.0072003063	0.00030115974	0.0062837005	-0.00016343761	3.2395397e-05	0.87073654	13.135724	1.0	0.0	0.0	0.119989514	0.0041135144	164000	96.99530816078186
41	54.805557	12.514035	109.0	40.0	0.5011508	0.12079019	0.8730181	0.29044443	54.805557	3320.1204	0.01976262	23.563597	12.055678	37.91348	1.0173969	0.3417059	0.0045107966	0.35134432	0.30356723	1.7523766e-08	-0.007859286	2.9802322e-10	-5.674523e-05	16.390379	-1.3193359	0.013194252	-0.000220472	5.106136	0.0	0.0053293924	0.009972346	2.0997632e-05	0.0056035304	-6.6111956e-05	1.5943751e-05	0.7310384	5.106136	1.0	0.0	0.0	0.083447695	0.004529585	168000	99.31356954574585
42	56.21127	15.588833	142.0	38.0	0.5120557	0.1234203	0.78317165	0.17539757	56.21127	3356.4866	0.019514456	24.309113	12.385916	39.21087	1.1621938	0.3271527	0.0054635955	0.33914158	0.27389175	2.18153e-08	-0.004022405	-5.2154066e-11	-0.00018668878	24.722942	-1.9096146	0.014231304	-1.4199875e-05	13.725271	0.0	0.0035032935	0.008084989	0.00021447115	0.0049847174	-0.0001886353	2.4019646e-05	0.6582616	13.725271	1.0	0.0	0.0	0.06954992	0.004643567	172000	101.6576600074768
43	57.492752	18.030266	121.0	38.0	0.49610984	0.13155188	0.81764853	0.20495392	57.492752	3390.8052	0.019265939	25.437445	13.14055	40.797073	0.9658197	0.32464838	0.006381445	0.33882424	0.27061433	-2.6226044e-09	-0.0048882	-1.0579825e-09	6.064095e-05	30.265089	-1.6135387	0.016511982	-0.000634104	1.1014612	0.0	0.005430007	0.009908903	-6.766343e-05	0.005651289	-0.00010545735	5.0258193e-05	0.7402653	1.1014612	2.0	0.0	2.0	0.07485807	0.0017922104	176000	103.99426460266113
44	60.454544	16.162228	113.0	39.0	0.46891883	0.10808723	0.73689276	0.2603961	60.454544	3421.779	0.019009884	26.277546	13.5114975	41.684803	1.0858989	0.3099155	0.01167912	0.3497705	0.2503232	-1.4483929e-08	-0.008778695	1.013279e-09	-0.000108388085	23.083242	-0.99703026	0.011719218	-0.00031535234	0.0	0.0	0.0072946562	0.0018226579	-0.00051412464	0.007544612	8.9886424e-05	3.232397e-05	0.86859727	0.0	2.0	0.0	0.0	0.06915903	0.0043237056	180000	106.33519458770752
45	60.18182	16.941887	126.0	38.0	0.4902695	0.12484809	0.8197031	0.22229539	60.18182	3454.1426	0.018772515	26.184326	13.511837	42.3361	0.74845433	0.29448286	0.005054485	0.31336507	0.26290557	-5.00679e-09	-0.008113705	2.9802322e-10	7.5273616e-05	26.36409	-1.303009	0.0139947375	-0.00019931793	0.0	0.0	0.0063763666	0.009252613	-0.00016168485	0.0064597377	-5.4001295e-05	3.4977875e-05	0.80372494	0.0	2.0	0.0	0.0	0.06854105	0.0045141247	184000	108.69412589073181
46	58.794117	11.255795	109.0	41.0	0.5220354	0.11004263	0.79856473	0.26411346	58.794117	3489.644	0.018561937	25.678352	13.687558	43.16623	0.6962242	0.30657378	0.011289535	0.3484327	0.24606486	-1.3828277e-08	-0.0062533286	9.983778e-10	-0.00035600745	10.635308	-0.8928938	0.012819999	-0.0010388047	31.020912	0.0	0.012019447	0.0038078194	0.00037478952	0.012083554	-3.8134385e-05	2.268461e-05	1.7766589	31.020912	1.0	0.0	0.0	0.051473975	0.004371851	188000	111.03099322319031
47	60.590908	13.83559	98.0	40.0	0.51895213	0.12976179	0.921139	0.26585975	60.590908	3523.895	0.01835362	25.789211	13.22469	42.500977	0.85584927	0.3359115	0.007155549	0.359358	0.2839065	-2.861023e-09	-0.005657973	6.556511e-10	-0.00025668056	13.079675	-1.0819654	0.014306264	-0.00037326943	13.229432	0.0	0.0067347214	0.0071212323	0.00031278838	0.007358159	-0.00014556061	3.3985572e-05	0.97248346	13.229432	1.0	0.0	0.0	0.037858248	0.004536701	192000	113.39316511154175
48	63.253967	16.846617	115.0	43.0	0.5043949	0.12599644	0.7758118	0.24573559	63.253967	3555.6855	0.018141253	26.71977	13.612653	43.547157	0.7087494	0.32389143	0.01000236	0.3453103	0.24353574	7.629395e-09	-0.008704501	-7.2270634e-10	-7.690906e-05	20.019747	-1.800003	0.013826649	-0.00023663603	4.269858	0.0	0.007859964	0.009933378	6.9480055e-05	0.008706259	-0.00024763503	7.2460745e-05	0.88953245	4.269858	1.0	0.0	0.0	0.010560036	0.0045196917	196000	115.75297904014587
49	64.540985	17.514	139.0	40.0	0.5045893	0.132059	0.76468706	0.21424298	64.540985	3586.4868	0.017932434	27.86428	14.3340645	45.157524	0.8812636	0.3101782	0.0076232026	0.32864842	0.25665691	1.07288365e-08	-0.0071200705	1.5050173e-09	-9.200935e-05	21.643316	-1.0829945	0.014348478	-3.8506463e-05	5.714358	0.0	0.0053046383	0.009879956	7.110705e-05	0.006149505	-0.00018864134	4.2119733e-05	0.7327408	5.714358	1.0	0.0	0.0	-0.011951566	0.004380763	200000	118.20366430282593
50	65.03278	16.608282	121.0	47.0	0.49750918	0.12725179	0.7536439	0.21663792	65.03278	3616.885	0.017729828	27.67762	14.100794	45.739483	0.57419693	0.30544722	0.008449598	0.32493412	0.2552732	1.6689301e-09	-0.008384535	1.7881394e-10	-4.212558e-07	18.117184	-0.8250351	0.013398016	-5.760044e-05	4.495664	0.0	0.0063822665	0.00997659	-3.830097e-05	0.0079396665	-0.00031240264	6.266561e-05	0.79982764	4.495664	2.0	0.0	0.0	-0.013563395	0.0042305314	204000	120.6732850074768
51	67.15254	15.902045	107.0	42.0	0.50293756	0.13405272	0.8185541	0.25995365	67.15254	3646.639	0.017531918	28.206411	14.630119	46.66225	0.37839434	0.30058876	0.0071304045	0.32142633	0.26509157	-5.2452087e-09	-0.010621207	5.960465e-11	-0.00018140198	13.317521	-0.58940506	0.012828527	-8.586142e-05	0.0	0.0	0.008999106	0.009873462	4.3744512e-05	0.010622589	0.00015668845	1.5122583e-05	1.0306594	0.0	1.0	0.0	0.0	-0.012992501	0.004207114	208000	123.0365002155304
52	65.96667	18.937588	143.0	42.0	0.5352739	0.13330257	0.8136468	0.22099964	65.96667	3678.8313	0.017352978	27.778446	14.303996	47.218487	0.77467114	0.30324268	0.0061988938	0.32529283	0.2608258	6.496906e-09	-0.0059833135	6.631017e-10	-0.00049120747	20.881105	-1.7313671	0.015770335	-0.00022410788	22.407917	0.0	0.013183909	0.0041165054	0.0005347232	0.0135439085	-0.00013227046	4.859849e-05	1.7896073	22.407917	1.0	0.0	0.0	-0.0036062002	0.004770895	212000	125.56978178024292
53	72.27273	18.585873	141.0	48.0	0.47559187	0.11613952	0.7829	0.23769565	72.27273	3705.0264	0.0171529	29.962059	15.1706295	48.85731	0.62884355	0.31778947	0.008606354	0.3447138	0.26037654	3.3378602e-09	-0.012011718	-7.8231094e-10	-4.142429e-05	20.827887	-1.4042645	0.012165881	-0.0013501551	0.0	0.0	0.013263994	0.007178288	-0.00033772257	0.013330755	5.194751e-05	4.042104e-05	1.1545889	0.0	2.0	0.0	0.0	-0.015886545	0.004451647	216000	128.0065016746521
54	68.8421	18.56689	173.0	44.0	0.5223759	0.13146104	0.8574888	0.1854659	68.8421	3734.834	0.016976519	29.274752	15.150676	49.570564	0.7484789	0.28198493	0.007089809	0.30714437	0.23915672	8.106232e-09	-0.0110999765	-2.2947788e-09	-0.00030822385	20.893784	-0.76107216	0.013547756	-0.00059232675	6.5738673	0.0	0.015289827	0.008523025	0.00032503193	0.0153068965	-3.4942404e-05	7.152845e-05	1.3393818	6.5738673	1.0	0.0	0.0	-0.012414336	0.004549445	220000	130.44093346595764
55	78.17647	23.159891	173.0	50.0	0.46603325	0.13422115	0.7788634	0.21815199	78.17647	3758.6614	0.016779738	31.103592	15.530819	50.21073	0.65618396	0.30529353	0.007726655	0.3283011	0.2527749	7.688999e-09	-0.010820761	4.0233136e-10	2.0992413e-05	30.679285	-5.371292	0.014318756	-0.0019515036	0.0	0.0	0.0111522805	0.005876439	-0.00043448817	0.011209424	-5.114727e-05	4.578082e-05	1.0587456	0.0	2.0	0.0	0.0	-0.012034774	0.004355001	224000	132.8368797302246
56	83.78723	27.802446	192.0	51.0	0.47313824	0.14890683	0.74368805	0.17496315	83.78723	3781.267	0.016584504	33.35374	16.69602	52.765743	0.5463735	0.26517525	0.009912683	0.28647688	0.19709818	-2.5272369e-08	-0.0107919015	6.1839817e-10	5.767581e-05	36.402195	-3.654335	0.0150537025	-0.00011254568	0.0	0.0	0.010948777	0.0048974585	-0.00032059487	0.01102558	-3.9332317e-05	2.0143114e-05	1.0500276	0.0	2.0	0.0	0.0	-0.013356209	0.004298351	228000	135.2296953201294
57	84.6383	20.768661	142.0	53.0	0.44693652	0.11460039	0.7073679	0.25499243	84.6383	3802.2754	0.016389119	34.055225	17.156118	54.753277	0.7137276	0.2558366	0.007709169	0.27589244	0.20330998	5.3644182e-09	-0.012632759	2.9057265e-10	-0.00013301698	19.467707	-0.8915272	0.0092983665	-4.8900023e-05	0.0	0.0	0.01470653	-0.0030363146	-0.0006269441	0.01563257	0.00016709614	3.0151079e-05	1.2503028	0.0	3.0	0.0	0.0	-0.013257027	0.0044905357	232000	137.63095712661743
58	83.333336	22.479002	144.0	47.0	0.4831446	0.13804097	0.76842093	0.24793752	83.333336	3825.4663	0.016209602	32.948967	16.73787	54.85649	0.9147679	0.24927323	0.00720917	0.26672998	0.2103943	1.1920929e-09	-0.013433081	1.192093e-10	-1.6678156e-05	18.512379	-1.9995499	0.012619791	-0.000270091	0.0	0.0	0.016807297	0.006337095	-0.00020226467	0.0173233	7.591598e-05	1.1169002e-05	1.3161801	0.0	2.0	0.0	0.0	-0.025841117	0.004230045	236000	140.0672161579132
59	86.0	18.086748	149.0	60.0	0.4720689	0.107353486	0.644224	0.25302544	86.0	3847.1958	0.016029982	33.782764	17.04061	56.2374	0.6529821	0.26306975	0.0070514875	0.2865155	0.1961253	1.7881393e-09	-0.015445795	4.4703483e-10	-9.779528e-06	14.025642	-1.0986443	0.008984966	-7.226132e-05	0.0	0.0	0.022579266	0.0011102185	-0.00032478015	0.022629298	2.4365261e-05	1.186555e-05	1.5043038	0.0	2.0	0.0	0.0	-0.025828838	0.004631254	240000	142.59999442100525
