Epoch	AverageEpRet	StdEpRet	MaxEpRet	MinEpRet	AverageEpCost	StdEpCost	MaxEpCost	MinEpCost	EpLen	CumulativeCost	CostRate	AverageVVals	StdVVals	MaxVVals	MinVVals	AverageCostVVals	StdCostVVals	MaxCostVVals	MinCostVVals	LossPi	DeltaLossPi	SurrCost	DeltaSurrCost	LossV	DeltaLossV	LossVC	DeltaLossVC	Penalty	DeltaPenalty	StopIter	Entropy	KL	TotalEnvInteracts	Time
0	15.635294	9.905253	58.0	5.0	1.9058123	9.582405	96.12336	0.018642826	15.635294	486.2113	0.121552825	-0.0038583633	0.10813039	0.3635789	-0.46245006	0.0041408227	0.1482227	0.5101486	-0.5214753	-2.2888184e-08	-0.021579346	-1.244545e-07	0.06303176	177.68463	-21.872025	169.31995	-6.4062805	0	0	5.0	0.9189385	0.016901487	4000	4.349665641784668
1	20.476923	12.37629	71.0	5.0	4.3441415	15.916551	108.59217	0.033424426	20.476923	1333.5134	0.16668917	1.0825838	0.1517008	1.6103456	0.32795367	0.92462057	0.460342	2.9915648	-0.9267481	4.649162e-08	-0.014295226	-2.3841858e-08	0.09808898	231.15382	-78.68733	328.65576	-26.346039	0	0	7.0	0.91720104	0.014559764	8000	8.275381803512573
2	27.618055	15.120349	90.0	5.0	6.822308	18.374338	104.98694	0.06214202	27.618055	2315.9756	0.19299796	5.0216703	0.27486417	6.195671	3.1600068	4.555849	0.07659668	4.69297	4.060963	6.6637995e-08	-0.0151276225	-1.9073486e-08	0.1714951	244.97473	-93.75935	338.60675	-15.917206	0	0	10.0	0.9148601	0.014238487	12000	12.282764673233032
3	38.25	21.769665	128.0	7.0	24.002815	35.29189	104.6679	0.06975571	38.25	4812.4536	0.30077836	10.628203	0.6360989	12.11252	7.1123962	8.135458	0.5680822	9.4358	5.3822584	2.5272369e-08	-0.017553851	2.8610229e-08	0.19946228	326.0453	-85.7794	1052.0715	-204.54291	0	0	79.0	0.91170573	0.0063794213	16000	16.635546922683716
4	50.49367	25.06037	123.0	8.0	37.32146	39.292458	140.0661	0.036474038	50.49367	7760.9214	0.38804606	15.287669	1.3122671	17.482216	5.5426464	16.395573	0.69580543	17.806404	11.901731	2.5391579e-08	-0.016013855	7.05719e-08	0.15214683	355.0706	-62.772247	956.63715	-109.59326	0	0	79.0	0.898114	0.0073181773	20000	20.641704320907593
5	74.830185	31.905365	161.0	25.0	50.870853	35.765903	112.30166	0.17387699	74.830185	10457.555	0.43573144	18.983137	1.0683233	20.380335	11.908378	20.908064	0.07400426	21.045647	20.53275	1.001358e-08	-0.014174551	2.9563904e-07	0.0458073	550.95154	-95.70291	676.586	-43.15912	0	0	79.0	0.892087	0.008362806	24000	25.031530380249023
6	90.02273	39.331627	199.0	41.0	66.53791	34.670544	141.16005	1.3777779	90.02273	13390.246	0.4782231	21.929739	2.565248	23.764456	1.9596907	23.36208	0.110491	23.59505	22.558952	-1.1920929e-09	-0.007661972	-3.013611e-07	0.00028441238	655.1815	-93.986755	781.3325	-56.4245	0	0	79.0	0.90304387	0.0042258715	28000	28.972617149353027
7	121.09091	61.883743	275.0	42.0	70.358475	29.887972	128.64702	0.88804376	121.09091	15712.086	0.49100268	25.223537	2.6551597	26.506647	0.61981237	25.880846	0.054016177	25.999714	25.557909	-6.198883e-09	-0.0077365492	-7.9154965e-08	0.004523525	1057.0618	-136.83789	467.78046	-12.859955	0	0	79.0	0.90490955	0.005014747	32000	33.095475912094116
8	184.38095	90.88008	388.0	68.0	63.529575	31.150656	136.98007	17.791088	184.38095	17088.354	0.4746765	29.102074	0.4815104	29.380304	20.314114	27.10925	0.1092047	27.289454	26.639214	1.13248824e-07	-0.004530878	-5.25713e-08	-0.0011448796	1547.7573	-178.15454	300.15018	-5.640167	0	0	79.0	0.9246477	0.002274929	36000	37.32294178009033
9	298.46155	163.4887	684.0	84.0	73.773224	42.50225	183.22647	36.156574	298.46155	18047.996	0.4511999	32.41267	0.10439292	32.519833	31.575981	26.427408	0.15018693	26.695875	25.448256	-6.306171e-08	-0.0033666599	-1.821518e-07	-0.0021370403	2184.816	-238.02087	410.29092	-30.003723	0	0	79.0	0.9080087	0.003972864	40000	41.4198112487793
10	361.0	276.67377	967.0	90.0	60.282536	46.777164	187.04097	4.049126	361.0	18712.664	0.4252878	35.639923	0.079194464	35.72119	34.997223	24.42984	0.6114544	25.183558	17.912169	4.9352646e-08	-0.0053232703	-7.96318e-08	0.034167513	2404.0217	-225.89014	442.1343	-73.39389	0	0	79.0	0.9049307	0.0037286116	44000	45.463385820388794
11	584.1667	302.81534	1000.0	64.0	78.69768	61.53452	209.28432	29.518417	584.1667	19238.293	0.40079778	38.539574	0.034588434	38.58364	38.37753	20.369986	4.0042367	23.121769	-14.345481	6.556511e-08	-0.001729117	-1.373291e-07	-9.5343596e-05	2724.719	-261.05054	319.73062	-59.311676	0	0	79.0	0.89367956	0.0026571231	48000	49.51992154121399
12	684.2	271.32004	1000.0	298.0	79.38797	33.10833	120.60093	33.875206	684.2	19665.23	0.37817752	41.372173	0.03813765	41.408394	41.1485	16.784073	4.515858	21.358425	-11.210878	7.268786e-08	-0.0011625828	1.2779236e-07	-0.0051236753	2532.0496	-222.63257	148.37346	-67.413216	0	0	79.0	0.88421214	0.002379783	52000	53.79414749145508
13	377.8889	273.1558	814.0	77.0	57.844944	13.872681	75.100555	30.192312	377.8889	20282.969	0.36219588	43.86213	0.021139808	43.89021	43.72657	12.895937	2.728114	18.350988	0.34300002	-3.5762786e-09	-0.0034297851	-4.196167e-08	-0.052674882	1929.4536	-129.02136	104.708176	-9.665184	0	0	5.0	0.8777054	0.012154264	56000	57.521122217178345
14	1000.0	0.0	1000.0	1000.0	62.05207	19.997583	86.750885	31.025156	1000.0	20531.176	0.34218627	45.721073	0.015617113	45.746727	45.660477	12.874799	1.2291881	15.668943	7.827172	-9.758472e-07	-0.0027284594	-3.9577483e-08	-0.00097532844	2507.9956	-220.43506	90.37587	-48.039143	0	0	79.0	0.8780061	0.0035279936	60000	61.760862827301025
15	755.8	352.67343	1000.0	94.0	46.119114	26.875278	92.039795	8.900631	755.8	20770.164	0.32453382	48.029766	0.0076096216	48.04524	47.983585	7.361344	0.3830028	8.338968	5.8537507	7.086992e-08	-0.005197854	-4.2915346e-08	-0.01123935	2126.7083	-168.81152	46.083767	-5.127865	0	0	16.0	0.8669896	0.012854328	64000	65.74688458442688
16	430.55554	239.10997	952.0	133.0	60.975037	21.498049	112.699875	33.348957	430.55554	21358.693	0.31409842	50.041775	0.008375459	50.05434	49.967484	5.494965	0.36395025	6.372243	4.3483853	3.409386e-08	-0.004284691	6.151199e-08	-0.014392804	1446.7877	-75.00598	120.76105	-36.70072	0	0	79.0	0.8658744	0.0032810406	68000	69.77626347541809
17	669.2	405.42984	1000.0	149.0	65.334366	9.692049	79.40688	51.636375	669.2	21878.207	0.30386397	51.405087	0.005820798	51.414577	51.381905	10.169706	0.7008758	11.583861	8.264745	-3.4928323e-08	-0.00290176	-1.4588237e-07	0.0019945854	1854.0695	-136.60876	145.90715	-25.001091	0	0	79.0	0.87362117	0.006790227	72000	73.91774773597717
18	407.375	161.98761	755.0	220.0	57.16588	30.43419	111.265625	25.776705	407.375	22345.93	0.2940254	53.16094	0.0070032943	53.171795	53.116627	10.721727	2.382136	15.6069355	4.057652	-2.3126603e-08	-0.0045318827	-1.579523e-08	-0.0012783231	1305.5084	-66.39905	102.79312	-10.78495	0	0	79.0	0.8474646	0.0036634458	76000	77.9165940284729
19	790.5	209.6193	1000.0	571.0	57.60807	21.038944	91.54417	36.854504	790.5	22633.508	0.28291884	54.443428	0.003945729	54.450157	54.42733	10.821377	0.4065549	11.668206	9.572453	-4.3034554e-08	-0.0036049522	3.0815603e-08	-0.008259597	1640.4575	-120.75171	58.01724	-14.768681	0	0	79.0	0.8539943	0.0029462255	80000	81.50980138778687
20	1000.0	0.0	1000.0	1000.0	27.064735	5.0564566	34.334393	20.154188	1000.0	22741.766	0.2707353	56.101173	0.0033181151	56.10882	56.08844	7.590163	0.75745034	9.271948	5.2701445	-2.6965142e-07	-0.0017912505	5.4597855e-08	0.0015148045	1640.457	-137.8352	24.178879	-19.53835	0	0	79.0	0.87739295	0.0030772048	84000	85.58523297309875
21	937.75	107.82016	1000.0	751.0	51.7678	21.776997	78.44834	28.91948	937.75	22966.404	0.26098186	57.88328	0.0036122918	57.890366	57.867744	4.028236	0.6231098	5.667251	2.2529085	4.4465065e-08	-0.0010770122	-2.2888184e-08	-0.0021218662	1431.7922	-112.45386	30.099583	-1.2711391	0	0	79.0	0.87079984	0.0025639671	88000	89.89174461364746
22	1000.0	0.0	1000.0	1000.0	25.131847	8.332847	39.189365	17.39104	1000.0	23066.932	0.2507275	59.501488	0.0024156943	59.506855	59.491547	4.8309197	0.48818666	6.0616255	3.6090684	1.1506081e-06	-0.0029726159	-1.2814999e-09	0.0040954375	1396.182	-116.312256	11.170656	-5.591903	0	0	79.0	0.88060963	0.005532809	92000	94.38256621360779
23	327.54544	167.14467	725.0	113.0	70.74273	23.052437	108.523476	37.18049	327.54544	23854.938	0.24848893	61.13324	0.001926001	61.1372	61.124664	3.368363	0.34665248	4.3721848	2.2528448	1.7166137e-08	-0.0034042187	-3.0612946e-07	-0.036070913	862.1095	-18.303589	279.2274	-159.68811	0	0	79.0	0.8872705	0.0056609027	96000	98.77742552757263
24	649.0	243.2831	1000.0	331.0	42.362347	17.203173	61.765285	13.423979	649.0	24110.42	0.2411042	61.84495	0.0026499096	61.850704	61.830894	10.308563	3.7514396	17.80024	-2.528355	-1.9311905e-08	-0.0055944375	8.1181526e-08	0.0008892194	1053.6399	-51.954834	50.04408	-26.288107	0	0	79.0	0.8724158	0.0039658835	100000	103.35044384002686
