Epoch	AverageEpRet	StdEpRet	MaxEpRet	MinEpRet	AverageEpCost	StdEpCost	MaxEpCost	MinEpCost	EpLen	CumulativeCost	CostRate	AverageVVals	StdVVals	MaxVVals	MinVVals	AverageCostVVals	StdCostVVals	MaxCostVVals	MinCostVVals	LossPi	DeltaLossPi	SurrCost	DeltaSurrCost	LossV	DeltaLossV	LossVC	DeltaLossVC	Penalty	DeltaPenalty	StopIter	Entropy	KL	TotalEnvInteracts	Time
0	17.606195	7.4968877	54.0	8.0	0.0	0.0	0.0	0.0	17.606195	0.0	0.0	0.008067411	0.22783181	0.511641	-0.5143186	-0.022502748	0.5722315	1.3534983	-1.4798414	7.891655e-08	-0.020089999	2.115965e-09	-0.0013921494	148.7738	-23.46524	0.3290153	-0.32717925	0	0	7.0	0.67504686	0.017408019	4000	3.645195722579956
1	21.35829	10.6753235	84.0	8.0	0.0	0.0	0.0	0.0	21.35829	0.0	0.0	1.2277681	0.22099112	2.2767792	0.48594406	0.0024895833	0.016539281	0.06746738	-0.053909928	-9.894371e-09	-0.010400912	9.685755e-11	-2.4685445e-05	206.66872	-76.70311	0.0002798839	-0.00018649438	0	0	9.0	0.69171786	0.013988415	8000	6.94465446472168
2	26.357616	12.66028	77.0	9.0	0.0	0.0	0.0	0.0	26.357616	0.0	0.0	5.3904357	0.45363358	7.44245	3.7063448	5.3482316e-05	0.008489693	0.035150856	-0.03790564	4.351139e-09	-0.01239733	-1.899898e-10	7.856971e-06	189.85034	-73.54237	7.2035924e-05	-2.6867925e-05	0	0	15.0	0.6833928	0.012877472	12000	10.26875615119934
3	32.471546	15.762632	92.0	9.0	0.0	0.0	0.0	0.0	32.471546	0.0	0.0	10.687293	0.8902562	13.911812	5.3792477	-6.249889e-05	0.006018797	0.034757335	-0.027710216	1.2874604e-08	-0.017506761	-4.0978193e-11	-4.7360754e-06	189.50746	-43.46631	3.6221987e-05	-1.1486323e-05	0	0	79.0	0.66326565	0.0051455344	16000	13.96608853340149
4	41.13402	25.715986	179.0	11.0	0.0	0.0	0.0	0.0	41.13402	0.0	0.0	14.917501	1.1936272	17.690624	7.967802	-0.00017574515	0.0056957933	0.030392298	-0.032753903	-6.1631205e-08	-0.01573674	1.6763806e-11	-6.2636843e-07	339.62137	-52.993744	3.2533982e-05	-1.31939705e-05	0	0	79.0	0.65447754	0.0049049794	20000	17.657223224639893
5	57.405796	33.317677	159.0	13.0	0.81544286	5.057636	38.80921	0.0	57.405796	56.26556	0.002344398339589437	18.773582	2.2775269	21.395742	-1.5964864	0.0004470718	0.007051523	0.07748907	-0.02687534	-4.1842462e-08	-0.013978673	-3.886223e-08	0.010461179	452.6194	-74.632935	17.97425	-4.0421124	0	0	79.0	0.64084256	0.004867187	24000	21.434895992279053
6	94.21429	50.49825	261.0	21.0	3.4039989	11.756941	55.022736	0.0	94.21429	199.2335	0.007115482330322265	21.801231	3.8387191	24.28719	-13.839873	0.23029947	2.3873155	8.237864	-7.924012	-3.9458275e-08	-0.010507194	1.9311905e-08	0.012036587	820.448	-143.31378	67.84794	-9.585148	0	0	79.0	0.63317984	0.00433891	28000	22.068583488464355
7	106.75676	48.160995	217.0	11.0	33.00239	66.575745	249.56316	0.0	106.75676	1420.322	0.04438506317138672	25.62282	4.9750524	27.741726	-15.833545	2.2502377	0.3077992	3.11089	0.7329604	-4.9114227e-08	-0.013428678	1.11103056e-07	0.14991364	740.5371	-97.18109	2023.2727	-328.1355	0	0	79.0	0.6202637	0.004241864	32000	25.78417658805847
8	178.45454	76.548096	387.0	55.0	116.52102	142.32964	440.37955	0.0	178.45454	3983.7842	0.11066067165798611	29.468988	3.3446693	30.431877	-11.371321	8.422006	6.4206953	17.849848	-13.231161	-7.361174e-08	-0.0070818006	-3.490448e-07	0.27387205	1338.5491	-170.95679	7350.1753	-1124.5952	0	0	79.0	0.6203755	0.003717903	36000	29.405033111572266
9	174.59091	93.83914	500.0	17.0	96.24763	152.57831	447.3113	0.0	174.59091	6101.232	0.15253079833984376	33.359875	0.9481855	33.695168	15.35809	21.27097	0.4610929	22.2166	18.176723	4.2915346e-08	-0.0077216146	2.040863e-07	0.16929807	1236.021	-122.34094	6020.429	-140.85596	0	0	79.0	0.61031884	0.0019875662	40000	33.146790742874146
10	214.83333	80.822334	361.0	100.0	273.9121	182.41826	562.421	0.0	214.83333	11038.069	0.2508652121803977	33.78129	8.265149	36.27598	-29.175793	24.686666	0.8575337	25.779177	19.218496	-3.194809e-08	-0.006143964	9.651184e-07	0.26604518	1289.2305	-145.19653	16032.418	-1023.1963	0	0	79.0	0.6095578	0.0037888386	44000	37.00368785858154
11	233.47058	98.94391	484.0	92.0	251.68854	188.10336	584.2295	0.0	233.47058	15316.775	0.3190994873046875	38.41469	2.6250854	38.731293	-6.4204884	30.794844	0.09103541	30.962788	30.288908	-1.7881393e-09	-0.005585311	2.1743774e-07	0.048283294	1321.0828	-106.72351	12917.242	-428.03223	0	0	79.0	0.60806936	0.0033001709	48000	40.70253348350525
12	250.8	46.100178	317.0	151.0	433.44452	118.80385	656.7599	286.223	250.8	21822.508	0.41966361177884615	39.966015	3.929607	40.94832	3.548877	34.020527	0.20435482	34.209667	32.292255	-6.300211e-08	-0.0049960013	-8.8214875e-08	-0.018598216	1189.2815	-105.18872	22785.031	-836.35547	0	0	79.0	0.5958139	0.00391399	52000	44.39596891403198
13	303.33334	83.833496	472.0	186.0	347.83582	253.04846	671.3075	0.0	303.33334	25996.537	0.464223876953125	42.761505	2.4415252	43.05698	1.1435673	37.845306	0.042740405	37.900196	37.46104	-2.8967857e-08	-0.005949891	-6.9284437e-07	0.17245953	1426.1827	-119.24719	16395.719	-241.01562	0	0	79.0	0.6040391	0.003169391	56000	48.0937442779541
14	284.35715	108.848915	500.0	117.0	477.59024	325.95166	1239.3197	0.0	284.35715	32682.8	0.5447133463541667	44.114834	4.2417803	45.252388	3.503482	39.82686	0.10995869	39.91781	39.210087	-2.9206275e-09	-0.0062061367	4.982948e-07	0.0902022	1209.7664	-90.9176	33938.97	-655.59375	0	0	79.0	0.5962324	0.00391692	60000	51.778807640075684
15	368.6	114.26216	500.0	170.0	431.61163	558.7024	1890.9033	0.0	368.6	37380.68	0.5840731201171875	46.800415	2.7279987	47.126163	1.9308887	42.770702	0.012385342	42.797672	42.710094	-1.1920929e-08	-0.0068997513	2.4318695e-07	-0.02741888	1419.2648	-112.81055	33544.164	-239.91797	0	0	79.0	0.59935427	0.008655525	64000	52.460192918777466
16	220.82353	61.915726	311.0	115.0	333.5061	218.11824	748.7836	0.0	220.82353	43332.457	0.6372420151654412	49.172375	0.0104012145	49.18092	49.12066	44.587173	0.008779705	44.60841	44.551224	9.536744e-10	-0.006397559	1.2121201e-06	-0.041676473	825.53186	-27.071716	18598.164	-334.85742	0	0	79.0	0.6005835	0.007839048	68000	56.247639656066895
17	396.6	118.332756	500.0	192.0	525.09717	648.8755	1839.9677	0.0	396.6	48583.426	0.6747698025173611	49.829678	1.6874212	50.25663	36.003754	46.585968	0.070205264	46.63263	46.132965	2.6106834e-08	-0.0032819656	-1.5311241e-06	0.03653992	1345.849	-118.19458	44704.51	-264.28906	0	0	79.0	0.591947	0.0014217565	72000	59.984025955200195
18	411.1111	83.15373	500.0	294.0	466.3515	374.32877	1208.7053	71.548615	411.1111	52780.59	0.6944814453125	52.02418	0.030704137	52.045795	51.752396	48.38092	0.013510364	48.39753	48.299553	-1.6450882e-08	-0.005078703	-7.781982e-07	0.011805924	1239.2683	-87.8313	19442.643	-123.72266	0	0	79.0	0.5835487	0.004855054	76000	63.665772676467896
19	426.22223	114.81655	500.0	171.0	538.2542	457.4386	1227.7806	0.0	426.22223	57901.293	0.723766162109375	53.80604	0.17232141	53.855648	50.147484	49.638134	0.01549426	49.65732	49.57077	-4.2438508e-08	-0.003076785	-6.837845e-07	-0.028516049	1184.7717	-85.32263	30785.576	-198.1914	0	0	79.0	0.58202666	0.0040343483	80000	67.34704947471619
20	405.66666	119.58725	500.0	163.0	114.10924	208.74109	539.8744	0.0	405.66666	58928.277	0.701527111235119	55.537296	0.033159405	55.558044	55.165092	51.184414	0.006279347	51.195004	51.14619	-1.5497207e-08	-0.0028159586	-5.784035e-07	0.00051778747	1104.8159	-66.88684	5385.7524	-20.252441	0	0	79.0	0.57784593	0.0021014553	84000	71.22555208206177
21	439.625	143.78972	500.0	60.0	354.0022	457.3503	1030.3455	0.0	439.625	61761.395	0.7018340287642045	56.87525	1.1453558	57.129917	39.802895	50.786655	0.007301581	50.796814	50.725483	5.8650972e-08	-0.0033261466	8.4209444e-07	-0.0018127719	1138.266	-111.25134	17680.559	-16.11914	0	0	79.0	0.57404506	0.0025240106	88000	74.97597742080688
22	474.875	45.042862	500.0	371.0	746.4516	474.37433	1694.2987	0.0	474.875	67733.01	0.7362283457880435	56.229477	9.102452	58.84193	-24.539272	51.17999	0.0082183825	51.18985	51.12558	1.1920929e-09	-0.005949325	1.4591217e-06	0.04241979	997.945	-87.27588	39432.535	-421.8789	0	0	79.0	0.58016616	0.0040016733	92000	78.64689064025879
23	444.1111	116.19184	500.0	141.0	230.62445	223.49396	700.1072	0.0	444.1111	69808.63	0.7271732584635416	60.223934	0.43139645	60.415386	54.252968	53.409122	0.004240712	53.418125	53.387684	3.838539e-08	-0.0036568583	1.4305115e-07	0.0014527378	963.8377	-57.729004	4878.256	1.4819336	0	0	79.0	0.5708836	0.0049875374	96000	79.54080080986023
24	337.54544	98.89697	500.0	188.0	899.4677	394.50626	1601.4973	195.45213	337.54544	79709.77	0.797097734375	50.99033	23.680634	61.74436	-56.806458	53.554672	0.0043447777	53.563107	53.528103	-2.2500753e-08	-0.00966264	-2.3822784e-06	-0.17305277	815.93677	-240.34094	67132.06	-1243.4844	0	0	79.0	0.5886753	0.007313207	100000	83.51765561103821
