Epoch	AverageEpRet	StdEpRet	MaxEpRet	MinEpRet	AverageEpCost	StdEpCost	MaxEpCost	MinEpCost	EpLen	CumulativeCost	CostRate	AverageVVals	StdVVals	MaxVVals	MinVVals	AverageCostVVals	StdCostVVals	MaxCostVVals	MinCostVVals	LossPi	DeltaLossPi	SurrCost	DeltaSurrCost	LossV	DeltaLossV	LossVC	DeltaLossVC	Penalty	DeltaPenalty	StopIter	Entropy	KL	TotalEnvInteracts	Time
0	18.448149	8.3796	68.0	8.0	0.0017460489	0.028637333	0.47143322	0.0	18.448149	0.47143322	9.4286646e-05	0.011895177	0.18115273	0.50577164	-0.46230668	-0.009517146	0.15061261	0.35916942	-0.34910575	3.7384034e-08	-0.015144565	-2.8371812e-09	-0.000388689	170.72763	-22.93306	0.024519732	-0.023088451	0	0	8.0	0.6852827	0.015375211	5000	4.258352756500244
1	23.682465	12.041344	74.0	8.0	0.0	0.0	0.0	0.0	23.682465	0.47143322	4.7143323e-05	1.1352139	0.27524287	1.9879686	-0.01429794	0.005025615	0.019832473	0.10674864	-0.1676997	3.8909914e-08	-0.012968523	-3.2782554e-11	-2.81192e-05	251.33305	-86.79613	0.0004185686	-0.00040096664	0	0	11.0	0.6913167	0.01324003	10000	8.30457353591919
2	29.382353	15.49348	78.0	9.0	0.022865906	0.29725674	3.887204	0.0	29.382353	4.3586373	0.00029057582	5.1937823	0.14688776	5.552642	4.241388	0.00011975191	0.003251091	0.03170665	-0.022358438	-4.53949e-08	-0.013513302	-2.8908254e-10	0.00044965945	263.7396	-97.90161	0.1059939	-0.017645128	0	0	79.0	0.67776066	0.0051845917	15000	12.97441577911377
3	34.69014	23.383266	161.0	11.0	0.061846975	0.56812876	6.390607	0.0	34.69014	13.140907	0.00065704534	10.739977	0.38657564	11.830016	6.536773	0.021906111	0.16833428	1.0410308	-0.98607594	-3.7002565e-08	-0.015843758	-5.4836274e-10	0.0005649486	351.2739	-74.84918	0.3221157	-0.011072218	0	0	79.0	0.66253585	0.0052373	20000	17.3943932056427
4	51.677082	29.572824	142.0	13.0	0.9415706	3.4247065	23.887594	0.0	51.677082	103.531654	0.004141266	15.265855	1.081614	17.725758	6.8844495	0.08079598	0.16130774	0.6807579	-0.65398073	5.836487e-08	-0.01504777	-3.259182e-08	0.009746266	440.35214	-83.55011	9.135032	-1.3159456	0	0	79.0	0.65216994	0.004383487	25000	21.847798109054565
5	76.61539	40.19862	218.0	16.0	2.42066	5.3918595	28.642895	0.0	76.61539	260.87454	0.0086958185	19.239847	1.0235766	20.668491	6.9661546	0.99613965	0.57418656	2.7764354	-0.65065694	3.2043456e-08	-0.012169202	1.4352798e-08	0.018374734	669.7274	-106.86865	15.432938	-2.819477	0	0	79.0	0.63595206	0.0047276467	30000	26.265278816223145
6	90.87273	43.13027	196.0	14.0	3.7519145	7.956299	40.27031	0.0	90.87273	467.2295	0.013349414	22.94026	1.6091732	23.992252	0.55096525	1.728293	0.7925706	4.386876	-1.3941238	5.0735473e-08	-0.010419286	3.8814544e-08	0.016439121	699.1917	-85.207886	28.251507	-4.825901	0	0	79.0	0.627958	0.0031526512	35000	30.83113741874695
7	96.68627	40.54796	200.0	16.0	9.672074	15.885702	66.109764	0.0	96.68627	960.5056	0.02401264	25.252441	3.9599085	26.561144	-18.033812	2.4704788	1.3521329	6.591613	-2.1672275	1.1825562e-08	-0.010438883	-1.04904174e-07	0.03489989	625.36084	-60.516235	110.744	-16.143944	0	0	79.0	0.61593634	0.0033777207	40000	35.34625864028931
8	138.36111	51.247845	253.0	47.0	15.928406	18.270727	66.97804	0.0	138.36111	1533.9285	0.0340873	27.19539	4.368075	28.666668	-12.770995	6.2407265	1.0161341	8.941637	2.751114	3.7288665e-08	-0.008698061	-7.5149536e-08	0.025438387	965.5347	-111.856445	113.216324	-8.736649	0	0	79.0	0.6090651	0.002611591	45000	39.62437176704407
9	161.93333	44.641487	280.0	70.0	24.354332	17.439405	62.198795	0.0	161.93333	2264.5605	0.04529121	29.745203	4.732418	31.340649	-8.330611	8.47175	0.81473905	10.279794	4.1104784	-4.4870376e-08	-0.005686676	-4.005432e-08	0.030014073	997.4798	-113.0755	106.07665	-8.846428	0	0	79.0	0.6075456	0.003451262	50000	44.10947346687317
10	186.15384	55.71748	304.0	72.0	28.83842	19.998531	68.9303	0.0	186.15384	3021.1367	0.05492976	31.682106	6.1779466	33.90397	-17.09597	11.405925	0.52622175	12.760399	7.7691517	-4.634857e-08	-0.0044834116	-6.17981e-08	0.026233979	1104.8715	-121.77008	117.7052	-3.2561722	0	0	79.0	0.6040419	0.0034289474	55000	48.595600843429565
11	213.65218	92.107506	500.0	104.0	33.56994	18.89577	67.707275	0.0	213.65218	3793.2476	0.06322079	34.903286	5.2586637	36.397038	-10.934045	11.435508	1.7051643	15.401962	4.7074594	2.861023e-10	-0.0042679575	1.1634826e-08	0.013161299	1258.713	-119.333374	136.79878	-16.027184	0	0	79.0	0.5915523	0.0041680937	60000	53.217609167099
12	205.29167	66.385544	391.0	70.0	30.92882	16.705875	57.143307	1.4041121	205.29167	4535.539	0.069777526	37.243458	5.225363	38.775	-9.147311	12.615839	0.8681316	14.724761	8.923895	-3.8051606e-08	-0.0028098784	-4.5824052e-08	0.008420713	1041.1722	-86.30066	91.34166	-1.1318817	0	0	79.0	0.59659123	0.0021834753	65000	57.62429189682007
13	304.125	121.42172	500.0	109.0	28.169863	17.443527	55.74623	0.0	304.125	4986.3394	0.07123342	40.033276	3.8266916	40.744118	-12.456812	12.302216	0.31005737	13.147623	9.947146	9.1934204e-08	-0.0028057843	7.400513e-08	0.0025817025	1555.6534	-140.19604	90.94659	-20.05133	0	0	79.0	0.5919583	0.004337232	70000	62.09948706626892
14	224.18182	101.14015	500.0	32.0	29.519726	17.995663	59.990334	0.0	224.18182	5635.7715	0.07514362	42.977627	1.6035392	43.147552	11.293466	8.656362	1.1947836	12.46322	3.09355	1.1348725e-08	-0.0057992022	7.343292e-09	0.0036373397	1083.0911	-63.34839	91.350006	-18.139107	0	0	79.0	0.5997248	0.005478765	75000	66.53101539611816
15	300.6875	159.14958	500.0	34.0	27.388891	24.327435	94.59704	0.0	300.6875	6073.9995	0.07592499	43.81018	4.4584866	44.791462	-16.698427	7.1296377	4.8613977	17.11527	-11.229014	-2.4795533e-08	-0.0068369	-2.0980835e-08	0.005914685	1430.7738	-112.736084	141.0347	-40.296288	0	0	79.0	0.58495325	0.0035548767	80000	71.4373869895935
16	342.2143	98.13634	500.0	187.0	33.817894	21.798368	86.23656	0.40552035	342.2143	6547.452	0.07702885	44.844143	7.223638	46.85316	-21.358912	7.2950892	0.7662578	9.705028	4.884056	-1.1825562e-08	-0.0066869175	4.5204164e-08	0.01409349	1272.558	-116.46997	91.51623	-3.9537506	0	0	79.0	0.5873886	0.006179426	85000	75.84482455253601
17	433.9091	94.33736	500.0	229.0	30.718538	31.088797	78.412094	0.0	433.9091	6887.1943	0.076524384	48.037395	4.387262	48.9244	2.4199095	7.9678717	1.4200841	11.758264	3.3636148	3.089905e-08	-0.0018972196	-2.0980835e-08	-0.0012825798	1427.3208	-121.90723	83.997116	-5.0160065	0	0	79.0	0.5839594	0.0027448426	90000	80.24127244949341
18	346.14285	137.86476	500.0	127.0	21.846487	12.55429	44.547684	1.2186142	346.14285	7193.2905	0.07571885	48.952545	8.113791	51.022324	-18.015503	6.3307633	0.5460831	7.847431	4.088373	-2.7656555e-09	-0.008339476	-1.7499923e-08	-1.3497973e-05	1135.634	-89.39307	31.128382	-1.4396839	0	0	79.0	0.5833468	0.005809557	95000	84.6152024269104
19	290.64706	103.755905	500.0	155.0	43.545567	20.525063	72.77275	0.0	290.64706	7933.5645	0.079335645	52.756668	0.0335091	52.77066	52.21517	4.488077	1.3461412	7.444956	0.7833374	4.577637e-09	-0.00442131	-1.0356903e-07	-0.010900054	940.5586	-35.776794	205.23007	-123.55162	0	0	79.0	0.5908682	0.007207163	100000	89.00085616111755
