Epoch	AverageEpRet	StdEpRet	MaxEpRet	MinEpRet	AverageEpCost	StdEpCost	MaxEpCost	MinEpCost	EpLen	CumulativeCost	CostRate	AverageVVals	StdVVals	MaxVVals	MinVVals	AverageCostVVals	StdCostVVals	MaxCostVVals	MinCostVVals	LossPi	DeltaLossPi	SurrCost	DeltaSurrCost	LossV	DeltaLossV	LossVC	DeltaLossVC	Penalty	DeltaPenalty	StopIter	Entropy	KL	TotalEnvInteracts	Time
0	16.512396	10.367715	66.0	5.0	2.2367685	11.018687	106.2318	0.011868276	16.512396	541.3271	0.13533176	-0.0073895636	0.11188988	0.44660494	-0.45551682	-0.0018993123	0.14777574	0.49472168	-0.5277644	7.629395e-08	-0.027829314	1.2397766e-07	-0.058553614	190.90158	-22.035614	206.86241	-6.9839783	0.84999996	0.021439195	8.0	0.9189385	0.014882914	4000	2.5746994018554688
1	16.256098	9.473726	85.0	5.0	0.5199051	1.3231088	13.17612	0.035867743	16.256098	669.24	0.083655	0.9672286	0.44726816	2.7286365	-0.63407147	0.8493683	0.4308136	2.1539896	-0.6844848	3.4870333e-09	-0.0036034945	-8.106232e-09	0.0046946043	154.86044	-53.165146	2.5606005	-0.2760384	0.87143916	-0.012021661	10.0	0.91625416	0.014673695	8000	4.740056276321411
2	19.330097	8.975033	52.0	5.0	0.4550169	0.8555943	7.360421	0.021784052	19.330097	763.023	0.06358525	4.4228544	0.47204486	7.16856	1.3167443	0.85183394	0.14649832	1.3017168	0.3273842	-4.1571205e-08	-0.0055032847	-7.2717667e-09	0.0034543816	103.314575	-40.93441	0.9538828	-0.15618521	0.8594175	-0.01650858	10.0	0.9140994	0.0142320255	12000	6.883965730667114
3	22.867817	10.808139	64.0	8.0	0.4652827	0.91499937	8.377429	0.022509558	22.867817	844.1138	0.05275711	8.858177	0.2956902	10.247495	7.096085	0.62614256	0.11263167	1.0301048	0.13364677	-1.9083364e-10	-0.0056896107	-4.1723253e-10	0.004958865	97.736	-17.235123	0.7968679	-0.039222658	0.8429089	-0.029247105	79.0	0.9127548	0.00542667	16000	9.30144476890564
4	24.127274	12.231189	76.0	7.0	0.64096117	1.1360925	6.71307	0.016775731	24.127274	949.9431	0.047497157	12.011179	0.89842963	14.745613	5.9209146	0.5190679	0.13373858	1.1646017	-0.14659809	8.085431e-09	-0.0075882203	-5.1259996e-09	0.009451796	103.0602	-4.689049	1.1383344	-0.022960901	0.8136618	-0.034124732	79.0	0.90994966	0.005630149	20000	11.593074083328247
5	29.791044	13.005208	76.0	8.0	0.9755045	1.4668195	10.390493	0.037426826	29.791044	1080.6852	0.04502855	13.553037	0.17047918	13.906771	12.193802	0.56989264	0.06641019	0.82067215	0.22201464	1.3043177e-08	-0.004744143	-2.95043e-09	0.007876681	116.05458	-9.324051	1.502294	-0.108311415	0.7795371	-0.029046535	79.0	0.9126885	0.0045698173	24000	13.924583911895752
6	33.74576	11.804327	77.0	11.0	1.8605732	2.3519554	15.412191	0.055347085	33.74576	1300.6173	0.04645062	15.217677	1.8371644	18.189236	1.8098509	0.75459987	0.17613529	1.3391384	0.19232033	9.498339e-09	-0.0042684358	2.43783e-08	-0.032383304	105.448425	-9.279358	4.0886574	-0.58435965	0.75049055	-0.015229404	14.0	0.9118615	0.014106265	28000	16.03967547416687
7	34.232758	13.48777	93.0	9.0	1.102837	1.0693073	5.9511123	0.027662436	34.232758	1428.6963	0.04464676	16.54691	3.3719704	20.0083	-7.0471234	1.4594717	0.07974275	1.6896535	1.0984403	1.5456552e-08	-0.0020674777	2.8371812e-08	0.0024451702	110.61036	-4.728325	1.0185356	-0.37000453	0.73526114	-0.016901135	79.0	0.9109512	0.0027857	32000	18.40347933769226
8	34.66087	12.417299	82.0	13.0	0.96642643	0.80415124	4.137421	0.039880093	34.66087	1539.863	0.042773973	17.09306	4.4528847	20.939734	-9.040509	0.89915574	0.04799961	1.0440671	0.6513514	-3.988565e-09	-0.0030513208	-1.9073487e-09	0.0075754724	92.49654	-2.2700195	0.40250075	-0.03715107	0.71836	-0.025078356	79.0	0.9107284	0.0042455276	36000	20.822436809539795
9	36.59633	10.088707	58.0	14.0	1.4259435	1.1674681	5.115751	0.035555344	36.59633	1695.3112	0.04238278	17.744812	5.5675716	21.429161	-15.730106	0.75152683	0.05385766	0.92076033	0.53893113	7.1306188e-09	-0.00363882	-1.2159347e-08	0.0036662116	89.757744	-1.8605118	0.9138532	-0.09169948	0.69328165	-0.021423817	79.0	0.9142807	0.0052483035	40000	23.26588201522827
10	42.351063	15.373165	103.0	21.0	1.4835868	1.1506938	7.315818	0.075148255	42.351063	1834.7964	0.041699916	18.12584	4.3983645	20.94833	-9.988445	1.0280495	0.061978847	1.2224976	0.79125977	-5.577218e-09	-0.0033893015	-5.00679e-09	0.0045519443	149.54163	-7.849533	0.7635868	-0.024368167	0.67185783	-0.021902144	79.0	0.8952381	0.003244911	44000	25.7967848777771
11	44.344444	11.847326	82.0	23.0	1.6995742	1.052214	5.398605	0.07394513	44.344444	1987.8257	0.041413035	20.398273	4.351401	22.599674	-12.793733	1.023117	0.108247675	1.3456129	0.5383711	1.632837e-09	-0.0043064	4.768372e-10	-0.00011444271	124.41863	-1.1739578	0.691452	-0.022286832	0.6499557	-0.01827389	79.0	0.9024763	0.00459459	48000	28.267539739608765
12	50.58228	17.081789	89.0	25.0	1.6166904	0.8872256	4.535939	0.18308413	50.58228	2115.5493	0.040683642	20.45058	5.0570283	22.803476	-13.949182	1.1759179	0.06963661	1.3791776	0.8167537	-8.159335e-09	-0.0018218118	3.4570693e-09	0.0023032804	173.18687	-10.404831	0.4411098	-0.017807364	0.6316818	-0.016731381	79.0	0.877655	0.0026462919	52000	30.73509669303894
13	50.265823	17.156546	108.0	23.0	1.6558635	0.7940322	4.144056	0.14910284	50.265823	2246.609	0.040118016	22.994267	5.510851	25.076815	-17.096018	1.0447487	0.036148217	1.1312648	0.8528651	-4.14484e-09	-0.0034158018	-8.046627e-10	0.005552697	175.56137	-1.2444	0.36286744	-0.010651022	0.6149504	-0.020547569	79.0	0.8670176	0.0037475394	56000	33.20162844657898
14	49.625	12.448268	93.0	29.0	2.1438382	0.9186613	4.382146	0.90431184	49.625	2418.1726	0.040302876	23.489807	5.2857103	25.393143	-16.824684	1.1040442	0.11790322	1.4852873	0.6236477	1.1727601e-09	-0.0014619121	-6.0796737e-09	0.00077704975	145.03554	-2.0140991	0.65752846	-0.11752796	0.59440285	-0.013275087	79.0	0.87322253	0.0023067484	60000	35.697582483291626
15	48.69512	13.011898	94.0	27.0	2.383073	1.1318152	7.3610487	0.2611353	48.69512	2613.6152	0.04083774	22.275026	5.752958	24.624352	-14.990889	1.4685056	0.12901996	1.8627024	0.91974956	4.0456544e-10	-0.0016575678	2.7418137e-09	0.004610504	137.64365	-1.5817719	0.77220917	-0.045735955	0.58112776	-0.013865888	79.0	0.8680855	0.002732637	64000	38.09903931617737
16	56.942856	17.861279	124.0	34.0	2.4609475	0.99445814	5.1442075	0.6967006	56.942856	2785.9102	0.040969267	23.020462	4.4811344	24.51983	-9.91459	1.5914273	0.19929788	2.1855624	0.8677019	-3.3685785e-10	-0.0023037333	-4.082918e-09	-0.0017359194	205.74078	-8.07016	0.6572616	-0.034519672	0.5672619	-0.00749141	79.0	0.8828455	0.0037009106	68000	40.510191679000854
17	52.236843	11.65837	83.0	32.0	2.4030643	1.0088667	5.236302	0.7087608	52.236843	2968.6086	0.041230675	24.851868	4.811538	26.520199	-9.044521	1.5725176	0.040185727	1.6502846	1.2574351	1.1640386e-08	-0.0011928444	7.092953e-09	-0.0012965783	145.97519	-3.23938	0.64765257	-0.0032654405	0.55977046	-0.004462719	79.0	0.8586566	0.0033602382	72000	42.88052749633789
18	57.085712	15.154201	96.0	36.0	2.2337418	0.6923808	3.8961914	0.80748457	57.085712	3125.1333	0.041120175	23.513552	5.530915	25.585054	-8.259585	1.5876973	0.056246527	1.6866897	1.2501956	9.023378e-09	-0.001731754	-2.2053719e-09	-0.0013868039	171.89055	-4.7692413	0.37951246	-0.017626375	0.55530775	-0.003847897	79.0	0.85956824	0.0028456768	76000	45.32474446296692
19	56.028168	14.611372	102.0	35.0	2.208542	0.8099249	4.1826277	0.7578967	56.028168	3281.9897	0.04102487	25.392708	4.8996987	26.999758	-4.9931636	1.4531972	0.055759497	1.5476934	1.0952295	-7.841846e-10	-0.0017546812	-4.768372e-10	0.0011247165	172.90572	-0.9628906	0.4474762	-0.0026644468	0.55145985	-0.006319165	79.0	0.8473251	0.0022277741	80000	47.78986859321594
20	54.36986	10.779873	80.0	36.0	2.2218883	0.66836846	3.9657702	0.61347246	54.36986	3444.2427	0.04100289	24.735226	5.3772507	26.73739	-4.535012	1.4282259	0.058278233	1.5456868	1.0937117	3.8394754e-09	-0.0013743471	2.6822091e-09	0.0024092095	142.71779	-1.1204224	0.32754534	-0.0068582594	0.5451407	-0.006761849	79.0	0.83226866	0.0020172463	84000	50.35174751281738
21	59.19403	18.573162	154.0	40.0	2.4022772	0.824998	4.6266227	0.99899024	59.19403	3605.363	0.040970035	23.87241	5.8828177	26.209522	-5.390466	1.5060636	0.06215586	1.6321306	1.0825846	-1.4246136e-08	-0.0027980243	-2.6226044e-09	-0.00023186923	199.0727	-7.7006683	0.48977295	-0.0035137832	0.53837883	-0.00538671	79.0	0.8321356	0.0034166102	88000	52.840282917022705
22	60.242424	15.49297	127.0	40.0	2.326352	0.589042	3.8618443	0.89524394	60.242424	3758.931	0.040857945	25.822378	6.112529	28.286774	-4.505492	1.5427173	0.04026597	1.5930152	1.2376173	-2.954776e-09	-0.0019358111	-8.9406965e-10	0.0026149044	172.55872	-1.294754	0.2977528	-0.002373457	0.5329921	-0.005482435	79.0	0.8115028	0.003932115	92000	55.30212640762329
23	61.8125	21.93661	155.0	38.0	2.6413345	0.85988075	4.3617845	0.41616392	61.8125	3929.1545	0.04092869	26.451723	6.3911314	28.938963	-3.5554783	1.5087882	0.050446212	1.5792061	1.1808078	1.8852733e-08	-0.0013183991	4.6491624e-09	0.001402639	226.5041	-2.3912048	0.59619874	-0.023360312	0.5275097	-0.004145324	79.0	0.8433482	0.0014077825	96000	57.79253649711609
24	64.27419	20.310629	146.0	37.0	2.585355	0.8767629	5.4075813	0.9023581	64.27419	4089.4807	0.040894806	27.136946	6.866745	30.043438	-1.857837	1.655773	0.05413418	1.7231631	1.2315097	8.022862e-10	-0.0012900982	-3.8146974e-09	0.0025245112	205.06816	-2.0719147	0.5418097	-0.0052464604	0.52336437	-0.0034721494	79.0	0.84012145	0.0018577863	100000	60.20819592475891
25	65.48333	18.449472	127.0	33.0	2.8874595	1.1310921	5.2207255	0.9116797	65.48333	4265.1665	0.041011218	29.14062	5.9300723	31.081398	-5.083178	1.5927175	0.08093785	1.7128848	1.0167823	3.2363414e-09	-0.0035032853	-2.9206275e-09	-0.0037408916	219.58128	-1.1415863	0.87679446	-0.05758512	0.5198922	0.0041044354	79.0	0.85586625	0.0072021447	104000	62.61448073387146
26	60.196968	12.837233	96.0	42.0	2.7478716	0.7363821	4.39767	1.3981167	60.196968	4446.57	0.041171942	27.21795	7.1706886	30.370872	-1.0023642	1.8298445	0.08178576	1.9375901	1.2995926	-9.612012e-09	-0.0018189125	-6.556511e-10	-0.0014485731	151.49812	-1.5502167	0.42573202	-0.008374095	0.52399665	0.0035914183	79.0	0.83165854	0.0028996514	108000	65.0222954750061
27	62.825397	16.299322	135.0	40.0	2.4889195	0.67539775	4.589022	1.1424946	62.825397	4603.525	0.0411029	27.101183	6.382425	29.591557	-0.44875735	1.7918631	0.07837243	1.8966477	1.2676096	8.942706e-09	-0.004396276	1.4901161e-09	0.0031215658	187.0809	-0.35740662	0.40185773	-0.047188193	0.52758807	-0.0050632358	79.0	0.83918107	0.005792809	112000	67.48451685905457
28	64.590164	17.27158	152.0	42.0	2.6856177	0.88967896	6.123336	1.0148976	64.590164	4767.677	0.041100662	27.849508	5.906003	29.855736	-3.9718165	1.6009294	0.09874742	1.7686156	0.9245244	1.3597601e-08	-0.0025645674	2.2053719e-09	0.0025067122	207.80298	-3.0559845	0.555916	-0.019014895	0.52252483	-0.0033447742	79.0	0.86576873	0.0030429622	116000	69.96782636642456
29	68.413795	16.848242	125.0	42.0	2.7573514	0.8262322	5.6728787	1.054206	68.413795	4927.6523	0.04106377	27.668034	5.9601297	29.88618	1.2295784	1.6903551	0.10402546	1.8171564	1.0183848	3.7748653e-09	-0.0022441319	-8.9406965e-10	0.0027997857	203.82663	-7.5423126	0.4736201	-0.0060198605	0.51918006	-0.0010191202	79.0	0.88564056	0.0032266632	120000	72.45528960227966
30	67.0339	15.749056	117.0	46.0	3.1605754	0.97306335	5.8989553	1.2369044	67.0339	5114.429	0.041245397	29.18284	5.8068614	31.338594	-0.24076153	1.7114497	0.10990701	1.8629322	1.1118722	-1.6002999e-09	-0.0017170671	-9.059906e-09	-0.0027486472	198.99341	-4.864395	0.71501815	-0.08730614	0.51816094	0.00886482	79.0	0.90818304	0.0025619902	124000	74.92561268806458
31	67.47458	13.908119	119.0	44.0	2.9056194	0.8212138	5.559081	1.4340171	67.47458	5285.932	0.041296344	29.480848	4.445192	30.98567	1.2740875	2.0037284	0.14096294	2.239743	1.2211777	-3.6648977e-09	-0.0019030136	2.384186e-10	-0.002788255	199.76186	-69.99213	0.4875694	-0.033817083	0.52702576	0.011466086	79.0	0.91501087	0.0022836456	128000	77.35913753509521
32	64.90164	14.930116	110.0	43.0	2.8686318	0.74934936	4.8035407	1.0722065	64.90164	5461.1816	0.04137259	26.660162	6.2016397	31.121239	5.0503025	1.8383799	0.16263586	2.0700867	0.9266799	-1.963044e-08	-0.0026767226	-1.847744e-09	-0.001148664	121.08353	-59.370804	0.41439408	-0.009535551	0.53849185	0.010226667	79.0	0.9301639	0.0033698417	132000	79.81594681739807
33	73.666664	18.013369	128.0	46.0	2.6176295	0.7698837	5.0152307	1.1298102	73.666664	5602.566	0.041195337	26.497177	10.402603	34.431946	1.8365334	1.8049351	0.1879956	2.0855677	0.93477774	-3.2647936e-08	-0.0049989414	4.529953e-09	-0.00077040656	100.972626	-29.538452	0.44537166	-0.04549703	0.5487185	0.004448831	79.0	0.9161403	0.004702366	136000	82.26799821853638
34	75.37736	18.302723	134.0	45.0	2.4567044	0.6472589	4.353076	0.99529874	75.37736	5732.7773	0.04094841	28.52012	11.855742	38.03441	2.1856062	1.6078951	0.14676218	1.8133988	0.7232007	-2.0323057e-08	-0.004062646	4.768372e-10	-0.00045723945	78.065315	-16.282707	0.3154051	-0.016066462	0.55316734	0.0020935535	79.0	0.9444246	0.004659419	140000	84.73057460784912
35	73.59259	15.472219	114.0	44.0	2.5600758	0.75666195	4.595527	1.3478893	73.59259	5871.1157	0.040771637	28.959524	12.786531	40.376793	2.0173922	1.4749424	0.1433147	1.6719155	0.62561506	-2.09849e-08	-0.008152555	4.768372e-10	-0.0006812567	47.692673	-7.6310616	0.38705626	-0.021590143	0.5552609	-0.0033497214	79.0	0.92828697	0.010689172	144000	87.20325469970703
36	90.36364	21.249697	152.0	50.0	2.3815954	0.54014546	3.5012069	1.2342458	90.36364	5976.0034	0.040378403	30.71537	12.890529	41.758205	1.1353877	1.5696104	0.14796276	1.7360836	0.4755529	9.8692485e-09	-0.0070334785	-7.599592e-10	-0.0008434046	98.43538	-24.798119	0.2831288	-0.048768625	0.5519112	-0.00036144257	79.0	0.9523833	0.008182764	148000	89.72466993331909
37	97.04878	24.37707	165.0	62.0	2.2871583	0.5850626	4.06709	1.3338294	97.04878	6069.801	0.0399329	33.567326	13.608427	44.929638	1.5601223	1.3653784	0.10271213	1.5038457	0.6910582	5.3166707e-09	-0.006352162	-5.90086e-09	-0.00024243914	99.21247	-21.402328	0.23871951	-0.013486654	0.55154973	-0.0010928512	79.0	0.96454716	0.0073313517	152000	92.21632695198059
38	99.52631	29.812342	209.0	65.0	2.3481946	0.7242554	4.28928	0.7510631	99.52631	6159.2134	0.039482135	35.432743	14.329441	47.620415	1.2605019	1.2604771	0.0940847	1.411724	0.61823696	2.8910316e-08	-0.0030687426	4.3585896e-10	0.0028765125	155.003	-28.869461	0.32565853	-0.009137332	0.5504569	0.00856626	8.0	0.98768365	0.01239835	156000	94.43140935897827
39	105.189186	23.859766	201.0	65.0	2.6083453	0.67146033	4.5518517	1.4224579	105.189186	6256.0493	0.039100308	36.518127	16.07101	50.602688	0.49353206	1.1933627	0.1314731	1.429707	0.35902762	1.1157118e-08	-0.006807591	8.3446505e-10	0.002925128	71.45533	-10.010872	0.30549446	-0.029416442	0.55902314	0.009461284	5.0	0.9896586	0.02155403	160000	96.57860827445984
40	131.33333	33.96305	234.0	76.0	2.8190734	0.7595015	5.0537605	1.2476257	131.33333	6340.7476	0.038663097	38.799717	16.1418	52.483166	1.0410086	1.359967	0.13191967	1.6136152	0.56731844	1.6276585e-08	-0.003619994	-5.9604643e-10	0.0028311254	138.80928	-36.43931	0.3539887	-0.0013994575	0.5684844	0.010474503	3.0	0.9905265	0.019714814	164000	98.79361248016357
41	146.62962	44.705746	292.0	82.0	3.3550532	0.92769325	5.5456967	1.7083298	146.62962	6431.548	0.038283024	41.710945	16.995901	55.619995	0.74499303	1.3399096	0.12929514	1.5717175	0.50057983	-9.185989e-09	-0.0047615413	1.8179417e-09	0.0022382753	164.36206	-40.812622	0.5715834	-0.04321778	0.5789589	0.01204437	3.0	0.99077797	0.025473831	168000	100.9689884185791
42	175.09091	61.304688	327.0	111.0	4.1746287	1.5157834	7.6287436	1.4598314	175.09091	6523.7505	0.037928782	46.0772	17.735249	58.826454	1.1585696	1.4779236	0.14644706	1.6403731	0.68219787	-3.950375e-08	-0.002345334	-2.2649764e-09	0.0049099135	216.77315	-56.98413	1.1484653	-0.07811391	0.5910033	0.014282465	3.0	0.99101746	0.028807277	172000	103.10799098014832
43	232.0	78.13563	392.0	141.0	3.5601134	1.2645187	6.510082	1.841125	232.0	6584.4033	0.037411384	51.899666	17.096117	62.38566	1.7551982	1.5269929	0.19996426	2.0522017	0.57505494	4.811104e-08	-0.0016608455	1.5497208e-09	0.0032737753	289.31433	-73.94524	0.8733606	-0.19038123	0.60528576	0.015363514	5.0	0.9913555	0.015843872	176000	105.19846701622009
44	246.625	68.00724	444.0	159.0	4.8991346	1.013863	6.6152787	3.225737	246.625	6663.021	0.037016783	52.817753	18.954828	66.103676	0.7077075	1.1878378	0.10379236	1.4097201	0.3694278	2.6864612e-08	-0.0046648975	-1.4901161e-10	0.00024105277	228.36147	-60.712402	0.96507215	-0.21638876	0.6206493	0.017736018	4.0	0.99209094	0.015309931	180000	107.23835444450378
45	349.27274	84.47279	477.0	215.0	4.8029475	1.6415784	8.422747	2.5871744	349.27274	6716.424	0.0365023	59.681507	17.486286	69.08206	1.5016906	1.555675	0.18376505	1.9885978	0.68244624	-8.666918e-09	-0.003900893	1.1920929e-09	0.0011211897	313.7065	-84.45586	1.1704926	-0.23882782	0.6383853	0.019684315	3.0	0.992262	0.017043374	184000	109.3082492351532
46	436.66666	181.60274	763.0	194.0	6.1726475	4.243968	17.03786	2.0688195	436.66666	6772.158	0.03602212	63.73029	17.393507	72.513145	0.88553077	1.0905541	0.16405734	1.2430222	-0.13733895	4.9163225e-09	-0.0067644776	-6.556511e-10	-0.011591178	328.93362	-84.388535	3.5131652	-1.2672169	0.6580696	0.027513623	79.0	0.9922195	0.0077147083	188000	111.71821475028992
47	654.1667	233.55472	1000.0	350.0	2.812466	1.3781043	4.631292	0.623102	654.1667	6789.169	0.035360254	70.69002	13.491499	75.75444	2.2033439	1.1371964	0.6761034	4.649291	0.09253441	2.2138916e-08	-0.0040518604	-8.165836e-09	-0.0015967012	362.41586	-97.82483	0.7448765	-0.647397	0.68558323	0.022220314	4.0	0.9924324	0.026052741	192000	113.92226672172546
48	298.84616	68.43733	427.0	170.0	6.0861645	1.5860413	10.467163	4.370487	298.84616	6868.631	0.035044037	66.35642	20.4325	79.01745	2.596956	-0.25604862	0.40553403	0.37896842	-1.3751419	-3.0790457e-09	-0.008165238	-3.218651e-09	-0.004079835	97.14891	-18.976486	5.677746	-4.6712904	0.70780355	0.023705661	3.0	0.9926839	0.030390434	196000	116.15332412719727
49	824.5	191.96419	1000.0	539.0	2.5641816	1.6939566	4.6227627	0.48571485	824.5	6879.523	0.034397613	76.31525	11.133106	80.18997	1.9740862	1.4841249	0.20028114	3.1485956	1.0288177	-2.4407777e-08	-0.0040269084	5.7816507e-09	-0.0018892221	326.85382	-113.227356	1.4205198	-1.2761036	0.7315092	0.022560894	3.0	0.9930774	0.023119438	200000	118.35040092468262
50	885.0	135.0	1000.0	670.0	5.4020967	4.053351	12.11104	1.2650548	885.0	6901.813	0.033832416	79.98669	11.228894	82.936844	1.763655	0.15296161	0.18859856	0.4037814	-1.6573997	-2.8856892e-08	-0.006348392	-1.2814999e-09	-0.0041959225	220.45291	-61.125137	1.3389431	-0.5797236	0.7540701	0.014348805	79.0	0.993116	0.0035357845	204000	120.91398549079895
51	1000.0	0.0	1000.0	1000.0	1.191013	0.414012	1.69675	0.54336506	1000.0	6906.577	0.033204697	85.29191	0.046386644	85.31928	84.83822	0.5621075	0.05133186	0.70726514	0.40033036	2.2306985e-07	-0.0012282187	-1.6838312e-09	-0.0005323076	184.17107	-54.01146	0.18175426	-0.16947062	0.7684189	0.01903963	79.0	0.98608553	0.004371359	208000	123.38783383369446
52	1000.0	0.0	1000.0	1000.0	0.7594925	0.23270823	1.1088444	0.50701654	1000.0	6909.615	0.032592524	87.52855	0.012310202	87.53719	87.34937	0.14790915	0.059306987	0.34386137	-0.08914351	4.3837215e-07	-0.00087712245	-7.4505807e-10	-0.00044306446	132.4133	-38.392944	0.012338768	-0.00674974	0.78745854	0.016597807	79.0	0.97253525	0.003483142	212000	125.7997453212738
53	1000.0	0.0	1000.0	1000.0	0.45849165	0.062989995	0.527357	0.35842022	1000.0	6911.449	0.03199745	89.39254	0.015364862	89.39892	89.03683	0.05252317	0.060315635	0.24882315	-0.17195211	-1.18305024e-07	-0.001787926	8.3446505e-10	0.0006555407	95.7865	-27.612679	0.005235078	-0.001053521	0.80405635	0.006732881	79.0	0.97581	0.005296338	216000	128.19922518730164
54	1000.0	0.0	1000.0	1000.0	0.57944524	0.1407156	0.7163031	0.3760192	1000.0	6913.767	0.031426214	90.967155	0.00831453	90.97279	90.77957	0.05653697	0.05072232	0.2577814	-0.13226977	9.653932e-08	-0.0009161298	3.5762787e-10	-0.0004751548	69.458855	-20.129932	0.0037001304	-0.0004881632	0.8107892	0.009743929	8.0	0.9702054	0.011267608	220000	130.32729506492615
55	1000.0	0.0	1000.0	1000.0	0.43428338	0.081934154	0.5149998	0.3331146	1000.0	6915.504	0.030872785	92.31653	0.0049599474	92.32078	92.25507	0.040440835	0.04881773	0.20226176	-0.13695128	-2.79907e-07	-0.0007725623	-3.874302e-10	-0.00040759725	50.254944	-14.753151	0.0032563298	-0.0004992478	0.82053316	0.0059846044	79.0	0.9699466	0.0044599287	224000	132.7232928276062
56	1000.0	0.0	1000.0	1000.0	0.668632	0.36483994	1.2721452	0.36072484	1000.0	6918.1787	0.03034289	93.451324	0.11140482	93.484085	91.38275	0.007808398	0.043003973	0.18477023	-0.13716139	-1.7075868e-07	-0.0014920097	1.1026859e-09	0.0005330976	36.544	-11.029678	0.0076501723	-0.0027721473	0.82651776	0.004288912	8.0	0.97551477	0.013395008	228000	134.8751118183136
57	1000.0	0.0	1000.0	1000.0	0.51769763	0.19207491	0.8054678	0.31720442	1000.0	6920.2495	0.029828662	94.48776	0.012963296	94.49427	94.2878	0.08529391	0.03678979	0.22894278	-0.05046952	-7.2058796e-08	-0.0018074684	-6.705523e-10	-5.7111905e-05	25.85154	-7.9025173	0.0035459206	-0.0016004242	0.8308067	-0.0023075938	79.0	0.9754734	0.0022309108	232000	137.26936531066895
58	1000.0	0.0	1000.0	1000.0	0.53644896	0.099590145	0.68858325	0.43487072	1000.0	6922.395	0.029332181	95.36183	0.005665338	95.36691	95.29982	0.05161734	0.03217401	0.19865881	-0.05718419	-2.5762216e-07	-0.0021487242	-2.2351741e-10	-0.00014012083	18.30868	-5.735924	0.0017949487	-0.00015639886	0.8284991	-0.006675482	79.0	0.9682739	0.0038947454	236000	139.65271711349487
59	1000.0	0.0	1000.0	1000.0	0.27182022	0.04409655	0.32567656	0.20286417	1000.0	6923.4824	0.028847843	96.11872	0.002110769	96.12124	96.095474	0.03788297	0.026380535	0.12571168	-0.052430507	-3.565305e-08	-0.0006218742	1.6391277e-10	0.0002006804	12.824017	-4.128417	0.0013088976	-0.00041558506	0.8218236	-0.0058190823	79.0	0.9692603	0.00345116	240000	142.15744614601135
