Epoch	AverageEpRet	StdEpRet	MaxEpRet	MinEpRet	AverageEpCost	StdEpCost	MaxEpCost	MinEpCost	EpLen	CumulativeCost	CostRate	AverageVVals	StdVVals	MaxVVals	MinVVals	AverageCostVVals	StdCostVVals	MaxCostVVals	MinCostVVals	LossPi	DeltaLossPi	SurrCost	DeltaSurrCost	LossV	DeltaLossV	LossVC	DeltaLossVC	Penalty	DeltaPenalty	StopIter	Entropy	KL	TotalEnvInteracts	Time
0	15.21374	8.765396	64.0	5.0	1.0505972	4.486706	58.611305	0.02007376	15.21374	275.38293	0.068845734	-0.0034459087	0.11003243	0.4193892	-0.37311694	0.00061085843	0.15078889	0.4750315	-0.5328009	9.742943e-09	-0.007949241	1.3351441e-08	-0.0024542732	151.33778	-20.898026	40.763218	-3.1038818	0.84999996	-0.020627439	5.0	0.9189385	0.014426786	4000	4.146780729293823
1	17.825893	10.2107725	56.0	5.0	1.630469	7.907113	80.90535	0.029066134	17.825893	640.7596	0.08009495	1.1050795	0.21600536	1.7957753	0.018011983	0.6929227	0.6732243	3.7479746	-2.6212122	-6.5625635e-08	-0.02751327	-6.771088e-08	-0.063241616	170.53087	-63.383118	101.20878	-11.008652	0.8293725	-0.017382205	8.0	0.917205	0.018816788	8000	8.268146991729736
2	19.183575	10.0393	68.0	6.0	0.56626886	2.136094	26.490425	0.017200489	19.183575	758.28265	0.06319022	4.947003	0.36117312	6.1741924	2.740559	1.8091009	0.35429576	3.327062	-0.35071474	-2.8269262e-08	-0.0061106826	-1.2874604e-08	-0.0024837614	115.62348	-40.086777	7.716988	-1.447094	0.8119903	-0.015703678	79.0	0.9146577	0.006364357	12000	12.673490762710571
3	22.619318	10.35931	66.0	6.0	0.4492049	0.6731073	5.3489428	0.008222652	22.619318	837.4803	0.05234252	9.195521	0.566259	11.027161	5.9394493	0.98641616	0.24979527	2.0917897	-0.32114524	2.5821507e-09	-0.006812294	-1.6331672e-08	0.0032044637	87.71404	-12.62204	0.8842506	-0.3686676	0.79628664	-0.03359455	79.0	0.9006415	0.0065027727	16000	17.113421201705933
4	25.106918	11.937253	83.0	7.0	0.47603047	0.61037725	4.943215	0.026609255	25.106918	913.20856	0.04566043	11.857792	0.5140256	13.445405	9.222072	0.5782388	0.20081949	1.4270893	-0.3465289	-7.89508e-09	-0.006238136	-4.0233137e-09	0.0032640218	96.083984	-7.654175	0.40178776	-0.070286214	0.7626921	-0.031669557	79.0	0.8871912	0.0062414627	20000	21.44702410697937
5	27.349316	9.746509	79.0	8.0	0.5377391	0.58438134	3.1092482	0.016066417	27.349316	991.74475	0.041322697	13.762059	1.702278	16.827847	4.8300786	0.4379527	0.16929093	1.071031	-0.30264297	-3.9446184e-09	-0.004581712	-2.0861626e-10	0.0020231716	82.50729	-1.3900833	0.29412666	-0.022707105	0.73102254	-0.027419686	79.0	0.8884379	0.0045742947	24000	25.857199907302856
6	29.917294	10.795463	82.0	7.0	0.5358934	0.46318546	2.3838155	0.017391328	29.917294	1063.549	0.03798389	14.350154	1.6014131	17.24594	4.0256543	0.4629389	0.10164623	0.8960135	-0.0018859487	-4.7004307e-09	-0.00409655	-3.248453e-09	0.003833678	95.72421	-2.8714142	0.15496725	-0.007820159	0.70360285	-0.02791977	79.0	0.8810447	0.0043334793	28000	30.14760184288025
7	32.729507	9.172337	68.0	13.0	0.76893455	0.49923483	2.389161	0.0433949	32.729507	1157.3838	0.036168244	15.090035	2.2496603	18.02606	0.5023517	0.40828443	0.104061946	0.84197265	-0.12331198	-4.4905244e-09	-0.0025891298	-1.6093255e-09	0.00038656878	85.196396	-4.5117416	0.19619477	-0.024382114	0.6756831	-0.022052586	79.0	0.8922628	0.0034881327	32000	34.566725969314575
8	36.28182	12.082392	84.0	17.0	0.7960715	0.541559	2.3874037	0.03584169	36.28182	1244.9801	0.03458278	15.993099	3.224321	18.955616	-5.6324105	0.53336596	0.060446996	0.76795405	0.26541027	3.3038314e-09	-0.0026158402	-1.4901161e-09	-0.0011392683	116.73327	-6.639206	0.1741543	-0.00039632618	0.6536305	-0.017798841	79.0	0.88056004	0.0033978724	36000	38.941349029541016
9	37.865383	12.501582	93.0	18.0	0.7514286	0.40899032	2.0817358	0.067235045	37.865383	1323.4172	0.033085432	17.512625	3.9582431	20.199879	-10.086116	0.5420305	0.049192242	0.7558588	0.3376421	4.7961892e-09	-0.0018535752	7.1525574e-10	0.0022059353	123.15479	-3.5684052	0.10984493	-0.0017419159	0.63583165	-0.020942211	79.0	0.84893256	0.0031004676	40000	43.32360029220581
10	39.59406	11.094712	72.0	19.0	0.8254199	0.46140456	2.08059	0.061598185	39.59406	1406.7872	0.031972438	18.978832	4.171779	21.13725	-11.629219	0.5001408	0.0597735	0.7238007	0.22731341	2.3983704e-09	-0.0024144496	2.4214386e-09	0.0006939134	110.81906	-1.4349365	0.13141894	-0.0034053773	0.61488944	-0.020401597	79.0	0.8528107	0.0037735791	44000	47.98187971115112
11	43.637363	15.478817	104.0	18.0	0.77120435	0.36244443	1.8142514	0.11586207	43.637363	1477.2075	0.030775156	19.044115	3.6686485	20.858961	-9.985105	0.55401945	0.05041801	0.73217523	0.3314738	-1.2419293e-08	-0.002669543	-2.2351741e-10	0.0028945268	156.62276	-6.4307556	0.089733645	-0.002525501	0.59448785	-0.023549974	79.0	0.85877496	0.0033405386	48000	52.36812138557434
12	40.161617	8.597282	88.0	23.0	0.97958344	0.46691316	2.2414296	0.2056273	40.161617	1574.2678	0.030274382	20.74427	4.1367683	22.419842	-14.483852	0.50408804	0.05614041	0.7145615	0.23244351	5.333423e-09	-0.0020524028	4.768372e-10	0.0021331082	107.08922	-5.413872	0.16934325	-0.02706182	0.5709379	-0.021350622	79.0	0.87411875	0.002945529	52000	56.77771997451782
13	44.077778	12.933357	89.0	26.0	1.0604275	0.45073128	2.921442	0.12928966	44.077778	1669.8444	0.029818648	18.734037	4.6922817	20.739637	-16.78732	0.6577955	0.046211377	0.83836776	0.37564403	5.588848e-09	-0.0019055473	3.5762787e-10	0.0022392569	132.66403	-4.8135605	0.1394127	-0.0040532798	0.54958725	-0.020084918	79.0	0.8882016	0.0029101132	56000	61.149203062057495
14	45.551723	12.37606	86.0	28.0	1.1973524	0.4036879	1.9949722	0.3323555	45.551723	1774.2153	0.029570255	20.407473	4.691078	22.14945	-13.897949	0.7147876	0.03329318	0.8180036	0.56655204	5.7745124e-09	-0.0013257321	1.3709068e-09	0.001395193	131.40045	-2.0449524	0.1277789	-0.0072728097	0.52950233	-0.01769036	79.0	0.90055585	0.0019585465	60000	65.49166440963745
15	45.735634	11.154567	80.0	28.0	1.3608419	0.56595546	3.2788866	0.4917464	45.735634	1892.6881	0.029573252	20.538343	5.5146656	22.632439	-17.36291	0.7937806	0.032760903	0.90989333	0.6436616	-4.95777e-10	-0.001280551	-5.4240226e-09	-0.0008961596	115.80833	-2.318077	0.22747503	-0.015066713	0.511812	-0.012484968	79.0	0.90485007	0.0018459772	64000	69.54257392883301
16	47.61905	11.25347	82.0	30.0	1.1966231	0.39352247	2.2464006	0.530927	47.61905	1993.2045	0.02931183	21.251331	4.6129146	22.95786	-14.318048	0.90573865	0.03574501	1.0179265	0.71461374	-1.1552801e-08	-0.0019480477	-1.7434358e-09	0.0012061795	123.0572	-3.3865433	0.13355218	-0.014037825	0.499327	-0.016518414	79.0	0.90314734	0.0027973345	68000	73.91761064529419
17	48.76829	13.446641	122.0	29.0	1.3476275	0.5498266	3.4641247	0.46800256	48.76829	2103.7139	0.029218249	20.944397	6.041981	23.47828	-12.885399	0.78849006	0.038831115	0.9135799	0.5714685	1.6798704e-09	-0.001452398	-2.7418137e-09	-0.0011234987	131.90309	-7.733406	0.20489603	-0.011549234	0.4828086	-0.011994541	79.0	0.90956104	0.0023636664	72000	78.21951150894165
18	50.35443	12.798377	94.0	30.0	1.289846	0.4328457	2.7852592	0.4708681	50.35443	2205.7185	0.029022612	22.81681	4.6863523	24.626894	-10.416226	0.8910643	0.031936396	0.9907223	0.7038116	5.2060383e-09	-0.0014255522	-1.4603138e-09	0.0012439996	137.10957	-4.03421	0.14328991	-0.004006833	0.47081405	-0.015216351	79.0	0.90218663	0.0023618434	76000	82.56466770172119
19	49.22222	10.707099	87.0	32.0	1.3559339	0.48198575	3.0221877	0.46626046	49.22222	2315.5618	0.028944522	21.94656	5.9870095	24.74543	-6.7657228	0.83463824	0.029810332	0.91156065	0.693542	8.501331e-09	-0.0018277738	6.2286856e-09	0.002553201	106.18172	-3.7433853	0.16402397	-0.003314957	0.4555977	-0.016948342	79.0	0.9054797	0.0036008544	80000	86.93644142150879
20	52.36842	13.22263	109.0	31.0	1.3760207	0.47070822	2.5088615	0.55604064	52.36842	2420.2202	0.028812146	22.546236	5.5381517	25.165264	-4.0406923	0.8896483	0.030571884	0.9767369	0.722583	2.7482018e-08	-0.0028089602	-4.440546e-09	0.0017782515	130.01703	-4.2321243	0.15632486	-0.00019586086	0.43864936	-0.016773313	79.0	0.9299079	0.0033701158	84000	91.63706088066101
21	53.594593	10.46993	84.0	35.0	1.4998667	0.4417238	2.8624647	0.5578284	53.594593	2531.265	0.028764375	23.158588	6.1106467	26.243782	-2.592938	0.90007263	0.030083753	0.9828975	0.7371065	-1.970718e-08	-0.0019961006	-8.642673e-10	0.002139799	113.36664	-3.625	0.1521259	-0.008192807	0.42187604	-0.015839279	79.0	0.9288389	0.0030994865	88000	95.56541347503662
22	58.382355	13.846883	93.0	35.0	1.6053598	0.51245314	3.3078315	0.60617226	58.382355	2640.6504	0.028702721	23.651445	6.2028985	26.922028	-1.1032523	0.9928101	0.028894251	1.0766529	0.85595673	1.0047244e-08	-0.0017342066	2.0563602e-09	0.0010124287	137.06715	-22.460472	0.1854158	-0.0018278509	0.40603676	-0.0127161145	79.0	0.956452	0.0023606103	92000	99.94008326530457
23	53.876713	11.892147	96.0	37.0	1.7960837	0.6560054	3.693238	0.66385716	53.876713	2772.0469	0.028875489	25.016155	6.335398	29.257938	1.1984085	1.0311362	0.035751227	1.1468688	0.79541343	-6.558258e-09	-0.0032994193	-2.6226044e-09	0.0013899091	105.26558	-44.784817	0.3090578	-0.027398378	0.39332065	-0.014227182	79.0	0.96343464	0.0027038762	96000	103.69202995300293
24	56.45714	15.929924	114.0	38.0	1.717619	0.5550034	3.3200057	0.743251	56.45714	2892.367	0.02892367	23.357805	7.55362	29.709423	3.52845	1.1687534	0.056736887	1.3347296	0.8707371	1.11674305e-08	-0.0044643697	-6.2286856e-09	0.0018708111	86.07796	-27.313576	0.22428787	-0.004625514	0.37909347	-0.016083896	79.0	0.92582965	0.0041424427	100000	108.2436580657959
