Epoch	AverageEpRet	StdEpRet	MaxEpRet	MinEpRet	AverageEpCost	StdEpCost	MaxEpCost	MinEpCost	EpLen	CumulativeCost	CostRate	AverageVVals	StdVVals	MaxVVals	MinVVals	AverageCostVVals	StdCostVVals	MaxCostVVals	MinCostVVals	LossPi	DeltaLossPi	SurrCost	DeltaSurrCost	LossV	DeltaLossV	LossVC	DeltaLossVC	Penalty	DeltaPenalty	StopIter	Entropy	KL	TotalEnvInteracts	Time
0	14.832714	8.680935	59.0	4.0	1.3162724	9.303148	126.38617	0.02642004	14.832714	354.3317	0.088582925	-0.0007317134	0.108185284	0.39627472	-0.35855138	0.0022935641	0.15092404	0.4957137	-0.48199323	1.3860497e-08	-0.038209014	-4.9352646e-08	-0.08519213	148.00581	-19.826767	145.4589	-8.052414	0.84999996	-0.018670619	8.0	0.9189385	0.015996872	4000	2.6905109882354736
1	15.992	8.324899	47.0	5.0	0.94467616	7.060567	111.32178	0.03029514	15.992	590.5107	0.07381383	1.0159988	0.46691653	3.0724926	-1.1601235	0.6382842	0.6173155	3.3036175	-2.2166991	-1.5777893e-08	-0.02904095	2.2888184e-08	-0.060274802	127.85063	-50.465553	83.33066	-2.8608322	0.83132935	-0.018213809	8.0	0.91626865	0.017831434	8000	5.091954469680786
2	19.767326	10.295646	70.0	5.0	0.43682817	0.83600205	8.508819	0.017010909	19.767326	678.8069	0.05656724	4.5665607	0.19952902	5.3701663	3.5158522	0.98073035	0.20865454	1.8147229	0.041627087	-5.526743e-09	-0.0021970936	-1.1444092e-08	0.002089121	125.852356	-47.203896	1.1172351	-0.31746954	0.81311554	-0.018154263	9.0	0.91371614	0.013750077	12000	7.45775842666626
3	20.83246	9.408318	72.0	7.0	0.360151	0.65175396	6.470986	0.0075977403	20.83246	747.77783	0.046736114	9.3788805	0.22509356	10.141686	8.049584	0.64861286	0.119894646	1.0717107	0.15048765	5.3630727e-09	-0.0065777036	-1.308322e-08	0.00408121	73.543106	-6.4169617	0.5683062	-0.10834241	0.7949613	-0.026434243	79.0	0.9112807	0.005768118	16000	10.159584283828735
4	22.579546	10.115494	87.0	8.0	0.47460118	0.62256354	3.5920172	0.020133842	22.579546	831.36035	0.04156802	11.361559	0.38701257	12.352092	9.049668	0.45172223	0.0873023	0.8291011	0.07642926	-2.8141531e-09	-0.006199391	9.6559525e-09	0.002398837	77.463104	-2.8040085	0.28337592	-0.004529178	0.76852703	-0.027851999	79.0	0.9103667	0.0053785266	20000	12.835187196731567
5	26.437086	10.986793	71.0	9.0	0.44593114	0.7184115	5.7014995	0.012551342	26.437086	898.7024	0.037445933	12.520137	0.619508	14.578061	8.39945	0.4059759	0.08636197	0.71376574	0.04179143	-1.6499751e-08	-0.0064597717	1.4603138e-09	0.0037120995	88.47201	-5.8335648	0.3903812	-0.008731991	0.74067503	-0.02975005	79.0	0.90784585	0.005523619	24000	15.611634492874146
6	30.0	11.508088	77.0	10.0	0.60264844	0.71413064	4.338871	0.033264436	30.0	978.8774	0.034959905	13.851708	1.9802058	17.411894	2.2853584	0.3743548	0.06081142	0.5835848	0.11450599	-9.869279e-09	-0.0046418915	1.4007091e-09	0.0024465502	98.56773	-7.8451767	0.37573323	-0.013967156	0.710925	-0.026653409	79.0	0.9014094	0.0041571152	28000	17.50063157081604
7	33.15	11.121788	83.0	10.0	0.8926005	0.7769386	4.061114	0.009473285	33.15	1086.144	0.033942003	15.653176	3.3277447	19.023739	-9.661388	0.4381213	0.044657912	0.6149081	0.2689449	-7.6900714e-10	-0.0029422885	6.556511e-09	0.002951848	102.45927	-4.235634	0.43242234	-0.04990828	0.6842716	-0.024834514	79.0	0.88943917	0.0037427687	32000	20.04916286468506
8	34.91228	11.209771	80.0	19.0	1.0442946	0.889929	4.275585	0.06835733	34.91228	1205.2551	0.03347931	16.799791	3.1921186	19.403696	-5.8628535	0.5985194	0.06790253	0.8199425	0.33267647	7.6434337e-10	-0.0016685228	3.1888485e-09	0.00067535316	106.487816	-2.63842	0.4672809	-0.02615112	0.65943706	-0.020058095	79.0	0.88262737	0.0021459532	36000	22.599959135055542
9	39.156864	13.693955	88.0	12.0	0.90086854	0.6813983	3.2551482	0.024722451	39.156864	1297.1993	0.032429982	17.342909	3.1299245	19.52676	-8.195796	0.73212385	0.10034285	1.0457436	0.35904947	5.7809317e-09	-0.003781029	0.0	0.004222123	131.33347	-6.1703186	0.26725978	-0.016106725	0.63937896	-0.025099158	79.0	0.8702914	0.0034289672	40000	25.087393522262573
10	39.98	12.660948	91.0	25.0	1.3439451	0.82134855	4.6897564	0.10855944	39.98	1431.5963	0.03253628	18.840124	4.505659	20.985662	-14.369681	0.6240873	0.13579291	1.074055	0.1409855	-1.1386125e-08	-0.0019397987	3.4570693e-09	-0.001184659	125.982796	-1.6188583	0.4809889	-0.091071725	0.6142798	-0.016153097	79.0	0.8778942	0.002955075	44000	27.83561110496521
11	41.595745	12.694713	89.0	22.0	1.1802497	0.6629661	3.505161	0.26953366	41.595745	1543.5052	0.03215636	19.437868	3.640389	21.018187	-13.297426	0.89846057	0.13334285	1.3198789	0.37721238	-1.6856653e-09	-0.0020062912	-1.192093e-10	0.0038376125	146.63441	-1.9725189	0.25651965	-0.008772865	0.5981267	-0.021373272	79.0	0.87182534	0.0026926512	48000	30.654115438461304
12	42.5	11.284286	83.0	24.0	1.4491138	0.764132	3.2542508	0.28482383	42.5	1679.7263	0.032302428	20.575521	3.807842	21.894	-14.676244	0.81134313	0.09711905	1.1413102	0.45865586	-9.9002655e-09	-0.0019820658	4.351139e-09	-0.0022157433	124.71381	-1.0901794	0.37464985	-0.031478465	0.57675344	-0.012696087	79.0	0.8751461	0.002897845	52000	33.628493547439575
13	42.47872	10.8272	81.0	20.0	1.2160958	0.5847947	3.930986	0.10756371	42.47872	1794.0529	0.03203666	20.25634	3.1590245	21.196365	-14.207757	0.977888	0.086930014	1.2359825	0.5822376	-7.2605606e-09	-0.0021724326	-6.1839818e-09	0.0023633977	123.5089	-0.74557495	0.21514666	-0.015553713	0.56405735	-0.018280745	79.0	0.84865546	0.0026227091	56000	36.17813277244568
14	44.066666	11.071284	78.0	26.0	1.3901762	0.62112856	3.5268507	0.2402842	44.066666	1919.9706	0.03199951	19.675426	3.518707	20.727121	-14.353524	0.86562353	0.10552848	1.1864871	0.4581341	-1.0933911e-08	-0.0016176413	-2.3543836e-09	-0.0009731009	127.202736	-0.95962524	0.260823	-0.010306954	0.5457766	-0.01369518	79.0	0.8496926	0.0027697936	60000	38.71419429779053
15	42.457447	9.967676	71.0	29.0	1.3184389	0.5658329	3.0441732	0.28400502	42.457447	2044.0048	0.031937573	20.496672	3.1057816	21.399118	-11.373082	0.96437293	0.09455079	1.235537	0.5734211	8.805902e-09	-0.0023889614	2.503395e-09	0.0034375556	116.890625	-1.0099564	0.21959572	-0.0038902164	0.5320814	-0.019315064	79.0	0.84194374	0.003179935	64000	41.70310187339783
16	45.67816	12.501489	102.0	28.0	1.4933565	0.5768344	3.2794914	0.33795145	45.67816	2174.025	0.031970955	19.754337	3.577049	20.733725	-14.091795	0.90248585	0.0871489	1.1586807	0.5953122	-5.223201e-09	-0.0008310587	8.642673e-10	0.0022274544	143.9955	-2.3830414	0.23518838	-0.015698701	0.51276636	-0.015734553	79.0	0.8501127	0.0016673763	68000	44.44642353057861
17	48.04819	12.862482	86.0	29.0	1.5525924	0.5983155	2.979645	0.4345129	48.04819	2302.9084	0.03198484	21.10309	3.5518687	22.005474	-13.477238	1.0259717	0.058899775	1.1830136	0.6544955	-1.5211302e-08	-0.002039608	9.536744e-10	0.0017511289	149.59439	-1.2660065	0.23288526	-0.0019143522	0.4970318	-0.016196787	79.0	0.86308306	0.0038905211	72000	47.028422594070435
18	50.397434	12.655534	100.0	30.0	1.5662943	0.6146687	3.2741385	0.4693905	50.397434	2426.0015	0.03192107	21.735647	4.0913196	22.879597	-15.456056	1.0569026	0.08625	1.2991925	0.63274384	-9.3803765e-09	-0.0020303288	-6.2584876e-10	0.001105364	153.65771	-2.6184082	0.24492803	-0.00062428415	0.48083502	-0.015173942	79.0	0.8580031	0.001692804	76000	48.838507890701294
19	50.73077	13.5227	93.0	31.0	1.7397971	0.5603798	3.5510426	0.58114344	50.73077	2562.6467	0.032033086	22.660364	4.833409	24.084776	-15.140604	1.044551	0.074192405	1.2502272	0.7225056	4.873277e-09	-0.0011148609	2.026558e-09	-0.00016264831	154.3344	-1.3652954	0.24046561	-0.014233619	0.46566108	-0.011100084	79.0	0.8377638	0.0040532225	80000	52.04945254325867
20	54.63889	16.662754	123.0	33.0	1.6896659	0.65074545	3.3756166	0.23407829	54.63889	2684.646	0.03196007	22.631598	5.22259	24.463299	-10.520253	1.1789598	0.07218736	1.3637592	0.7769061	-1.736155e-08	-0.0018634868	-2.0563602e-09	-0.0004190143	183.63243	-10.56662	0.30045056	-0.013399363	0.454561	-0.010556966	79.0	0.82696193	0.0025505861	84000	55.50718426704407
21	52.105263	12.523219	92.0	34.0	1.6398904	0.5412298	3.0345228	0.41229984	52.105263	2809.681	0.031928193	25.321241	5.1341796	26.985348	-10.247889	1.0657699	0.03720435	1.1422725	0.8215841	-8.787123e-09	-0.0010433184	-1.1920929e-09	0.000117226424	156.22232	-4.446289	0.20972224	-0.0011678934	0.44400403	-0.010111004	79.0	0.79253864	0.002367558	88000	58.58166241645813
22	57.142857	17.026272	122.0	35.0	1.5537963	0.5611924	2.8738396	0.5600425	57.142857	2918.4465	0.031722244	23.955183	4.5660124	25.421165	-6.172809	1.0984828	0.032838862	1.1535003	0.8059894	3.7171992e-09	-0.0018065835	7.4505807e-10	0.0017855202	195.98453	-3.7991333	0.23909818	-0.016303092	0.43389302	-0.012488127	79.0	0.78013575	0.0020393427	92000	61.533031702041626
23	54.328766	16.210985	107.0	32.0	1.7105539	0.54630977	3.0767264	0.7099829	54.328766	3043.3606	0.031701673	25.227308	5.1086426	26.85534	-5.0732493	0.978553	0.0739527	1.1941087	0.59978515	-8.085614e-09	-0.0010685823	3.8444994e-09	0.0026717293	179.47414	-5.2081604	0.24154866	-0.016597807	0.4214049	-0.01276353	79.0	0.78242016	0.0018533056	96000	64.22151851654053
24	54.27397	12.321338	90.0	34.0	1.7718151	0.5241971	2.8958545	0.72310627	54.27397	3173.011	0.03173011	24.918056	4.5255966	26.437244	-1.7032387	1.0988001	0.048061155	1.2125652	0.8128403	-1.1924343e-09	-0.0032587354	2.8908254e-09	0.0031764503	155.51071	-3.4941406	0.21162854	-0.007340595	0.40864137	-0.014715433	79.0	0.7910613	0.0050099697	100000	66.75247263908386
25	52.986668	10.284608	86.0	37.0	2.109387	0.6543625	3.649065	0.7335269	52.986668	3331.7615	0.032036167	24.404459	4.118212	25.83308	0.12929836	1.1698657	0.07762913	1.364148	0.7114461	1.1814114e-08	-0.0016289608	3.0696392e-09	-0.0023013575	140.83704	-2.5016632	0.3812108	-0.061718434	0.39392594	-0.0057445467	79.0	0.83154774	0.0021282919	104000	69.61171412467957
26	53.54054	11.738352	93.0	31.0	1.9653547	0.6069855	3.60196	0.6264312	53.54054	3477.22	0.03219648	23.47518	4.330573	25.035357	-0.64828825	1.408315	0.042197805	1.4583566	1.0612762	1.5262835e-08	-0.0015896859	-4.3809414e-09	0.002642904	145.44452	-1.637146	0.2816317	-0.015481502	0.3881814	-0.010406911	79.0	0.8378712	0.002000076	108000	72.71320152282715
27	55.887325	12.054512	94.0	36.0	1.9931322	0.63479865	3.6222394	0.9196416	55.887325	3618.8079	0.032310784	24.014286	4.079549	25.473272	0.8373072	1.3068162	0.099591084	1.586049	0.7598186	8.907315e-09	-0.001252449	-1.5944243e-09	0.0004602375	153.5943	-3.7795105	0.28069085	-0.0020347834	0.37777448	-0.007995188	79.0	0.85498667	0.002643794	112000	75.54496693611145
28	58.794117	15.091445	116.0	40.0	2.0324109	0.71137214	3.591002	0.6916396	58.794117	3757.033	0.032388214	24.256899	4.7419186	26.184265	0.7754852	1.3286252	0.06519228	1.4857402	0.8516947	1.3212527e-08	-0.0031544764	-8.642673e-10	0.0034808167	170.64105	-15.166077	0.35127735	-0.000952512	0.3697793	-0.011772096	79.0	0.84293497	0.004742584	116000	78.14147543907166
29	55.430557	11.821386	93.0	36.0	2.3841565	0.7037598	4.0705547	0.95404136	55.430557	3928.7798	0.032739833	25.317581	5.2921095	28.10244	2.3137436	1.300966	0.082188845	1.5241251	0.92749566	5.639699e-09	-0.001639032	4.4107438e-09	0.0031235332	129.98602	-44.93782	0.44063252	-0.08644444	0.3580072	-0.009830028	79.0	0.8801759	0.0030952697	120000	80.59304881095886
30	58.16418	12.059055	93.0	41.0	2.3036156	0.7530811	5.65436	1.0807936	58.16418	4083.643	0.032932606	23.772163	5.5725417	28.257336	4.608416	1.5838267	0.12338427	1.9486718	0.913059	1.4032696e-08	-0.0019651433	1.6093255e-09	0.001970248	109.96312	-52.553593	0.38251695	-0.016051948	0.34817716	-0.007957339	79.0	0.8881932	0.0036618388	124000	83.87756133079529
31	66.23333	17.476046	128.0	42.0	2.2679787	0.6989612	3.776757	1.1108255	66.23333	4219.8657	0.0329677	24.4681	9.900666	32.02834	0.62382627	1.5002168	0.051743977	1.5487541	1.0558971	-4.8081925e-09	-0.004047047	1.9073487e-09	0.003339919	95.235466	-27.145813	0.36739832	-0.0065767467	0.34021983	-0.010170072	79.0	0.8791922	0.00560623	128000	86.55778670310974
32	66.694916	16.708117	112.0	46.0	2.587353	0.8916355	4.86604	0.9099561	66.694916	4373.875	0.033135418	25.911467	11.456233	35.45227	0.95276004	1.4244269	0.04018848	1.4652508	1.0431814	-1.304127e-08	-0.0038595996	1.7881394e-10	0.00424671	64.925896	-12.425304	0.5749245	-0.034191906	0.33004975	-0.010281712	79.0	0.8927157	0.0050720177	132000	89.44206500053406
33	70.67857	17.984226	125.0	47.0	2.6070704	0.97897965	5.4105525	1.043073	70.67857	4520.481	0.033238832	27.26234	11.984894	37.556705	1.2491286	1.6094497	0.05117908	1.6718397	1.1983202	-1.8900177e-08	-0.0018417279	2.1457671e-09	0.006281102	65.52013	-11.320652	0.5916982	-0.00664258	0.31976804	-0.0009266734	8.0	0.8969907	0.01351912	136000	91.67665410041809
34	73.35185	23.04678	176.0	50.0	3.3997965	1.2850742	7.3875213	1.381667	73.35185	4704.823	0.03360588	27.393347	13.039549	39.598686	0.48450097	1.5748117	0.11072758	1.8591273	0.99139947	-9.307495e-09	-0.0038580673	-1.1205673e-08	0.001386027	80.703705	-13.412064	1.2091118	-0.20547283	0.31884137	-0.0043791234	79.0	0.89646804	0.006216196	140000	94.19197010993958
35	74.528305	21.416449	155.0	48.0	3.58389	1.2101302	6.278347	1.3343776	74.528305	4897.166	0.034008097	28.941633	13.637928	41.977757	1.252117	2.0356455	0.12950566	2.3586018	1.1935923	1.0512705e-08	-0.00538335	-6.8545343e-09	0.0028239773	59.016407	-6.996296	1.0029403	-0.023881555	0.31446224	-0.0043072104	79.0	0.89376456	0.007109152	144000	96.71679210662842
36	79.68	19.73772	125.0	53.0	3.493579	1.4653455	7.228662	1.5545788	79.68	5071.9116	0.034269672	30.536186	14.043524	43.592823	0.47964546	2.1723142	0.08566743	2.3085926	1.5724638	-9.27502e-09	-0.001986003	3.0994416e-09	0.009515641	51.56911	-6.9614944	1.2020077	-0.016485453	0.31015503	0.003683567	6.0	0.91002214	0.013208465	148000	98.973477602005
37	81.791664	17.319256	141.0	51.0	3.9323425	1.169699	7.331302	1.9596828	81.791664	5261.694	0.034616407	30.598602	14.562807	45.07812	0.6842485	2.0528378	0.07265041	2.125287	1.4032979	1.6327393e-08	-0.0024316364	7.95722e-09	0.009684089	39.056564	-5.834141	0.9557941	-0.08708733	0.3138386	0.005233407	5.0	0.90868574	0.018903727	152000	101.25662040710449
38	86.891304	18.12664	131.0	57.0	4.643848	1.6590307	9.685986	2.5599015	86.891304	5475.316	0.03509818	31.566242	15.141431	46.71291	0.39506462	2.3315928	0.09280683	2.4205914	1.6133838	2.179191e-09	-0.0069813496	6.0200693e-09	-0.0011787742	43.925438	-7.7456627	1.6903193	-0.17310059	0.319072	-0.0001861155	79.0	0.90755045	0.0075002173	156000	103.7439227104187
39	94.02381	21.018688	155.0	64.0	4.7220945	1.3211482	7.2329755	1.6927929	94.02381	5673.854	0.035461586	33.826843	15.462595	48.371292	1.6546896	2.7431138	0.13256136	2.936938	1.649749	-7.259731e-09	-0.0020326758	-1.192093e-10	0.004936733	54.103634	-8.824242	1.2415051	-0.028599858	0.3188859	0.008167326	6.0	0.89790434	0.01296251	160000	105.97178530693054
40	92.0	18.64104	152.0	65.0	5.5809236	1.4806921	9.298662	2.2345428	92.0	5913.873	0.036060203	33.96558	16.171349	50.39572	1.2872359	2.6731699	0.13976048	2.844241	1.7538029	-1.5282485e-08	-0.0031617547	-1.0251999e-08	0.008979201	37.464413	-4.813259	1.8625115	-0.3449372	0.32705322	0.009668976	5.0	0.8980745	0.020022811	164000	108.29853510856628
41	102.552635	21.691252	160.0	66.0	5.6081095	1.651871	10.235422	3.0014558	102.552635	6128.6025	0.03647978	35.87193	16.188154	51.524162	1.8021505	3.2507336	0.14690275	3.4323337	1.9317365	9.667959e-09	-0.0026502865	-9.059906e-09	0.004986802	48.80504	-8.798813	1.6251684	-0.05322039	0.3367222	0.01093632	4.0	0.89882994	0.021940479	168000	110.5969672203064
42	118.393936	31.997103	209.0	82.0	6.77421	3.0102477	19.075476	2.7598689	118.393936	6352.383	0.036932457	38.294712	17.064045	53.5051	0.6919476	3.0338922	0.32436985	3.710684	1.1799283	-1.158378e-09	-0.0031208962	1.3768673e-08	0.008038312	96.749535	-23.939575	4.864292	-0.45042944	0.34765851	0.012177706	4.0	0.89871705	0.00984911	172000	112.0310218334198
43	115.23529	27.992708	240.0	75.0	7.475182	2.358719	12.456024	2.628071	115.23529	6611.5093	0.037565395	39.430317	17.84747	56.455303	1.7226613	3.4616492	0.27151608	4.026245	1.7125767	1.4155079e-08	-0.009958033	8.106232e-09	-0.008351733	54.660362	-7.4064026	3.602847	-0.32507658	0.35983622	0.009829581	53.0	0.8979695	0.0121349115	176000	114.48504304885864
44	130.46666	30.200148	196.0	79.0	6.391202	1.8327535	9.825387	2.4815824	130.46666	6806.971	0.037816506	41.9918	17.551884	58.00051	1.8964813	4.0155196	0.17894496	4.2344537	2.6898901	-3.3937726e-09	-0.0030429596	8.225441e-09	0.005714298	68.70926	-12.360439	2.750112	-0.6255319	0.3696658	0.0143532455	5.0	0.8752082	0.018166212	180000	116.83767819404602
45	150.76923	45.615707	253.0	91.0	7.3694773	2.4456792	12.05047	2.8638086	150.76923	6999.297	0.03803966	43.92838	18.371063	60.129128	1.7015882	3.2525034	0.11879597	3.394769	2.2542224	1.34671065e-08	-0.0024236434	6.3180923e-09	0.0039368067	113.09506	-31.481628	3.4212441	-0.01211381	0.38401905	0.015319973	4.0	0.8749122	0.0111567285	184000	119.412606716156
46	142.60715	31.714508	220.0	90.0	7.2917213	2.2737544	13.368216	3.2250535	142.60715	7203.4795	0.03831638	46.056828	19.51604	63.242287	1.9854187	3.3126616	0.122514606	3.524436	2.2687814	-1.9110885e-08	-0.010941484	-1.2040139e-08	-0.0069095334	57.85307	-11.299454	2.949149	-0.03776765	0.39933902	0.005648732	79.0	0.87471694	0.010490048	188000	122.04468107223511
47	152.84616	29.491451	218.0	104.0	6.7841954	1.8240627	9.823201	2.721635	152.84616	7379.937	0.038437173	46.391674	19.502686	64.68727	1.9346615	3.485167	0.119751535	3.6921425	2.520805	1.2644973e-09	-0.0034004103	-7.092953e-09	0.0058696377	54.463184	-10.380363	2.1287107	-0.103116035	0.40498775	0.016750485	3.0	0.8821928	0.023645421	192000	124.35900044441223
48	184.09525	54.963974	307.0	109.0	7.796868	2.5010352	12.293283	2.7997124	184.09525	7544.6855	0.038493294	51.045708	19.447996	66.44504	2.0300477	3.1704042	0.113083564	3.2771688	2.2813993	1.7987034e-08	-0.0025668622	-9.834766e-10	0.00521557	107.82088	-31.019585	3.625772	-0.46921825	0.42173824	0.017570883	4.0	0.8819858	0.021415833	196000	126.75367856025696
49	185.80952	35.3979	286.0	146.0	8.644428	2.533126	14.549462	4.352852	185.80952	7726.33	0.03863165	52.577034	20.85936	69.295494	1.8509092	2.707517	0.7372113	4.8807597	-0.41888508	-6.3961214e-09	-0.0060872533	-2.503395e-09	-0.0044643516	68.8285	-18.140068	4.849549	-1.1858175	0.43930912	0.018611789	4.0	0.8810782	0.02536855	200000	129.1204650402069
50	207.89473	39.262806	317.0	161.0	11.5036955	6.4956927	26.363058	5.7123566	207.89473	7944.9727	0.038945943	53.557922	21.13455	71.23252	1.969131	3.5862231	0.23008606	4.2229114	2.303751	4.1199858e-08	-0.0025115837	-1.0967255e-08	0.011070166	73.676125	-20.710464	15.247	-1.3143082	0.4579209	0.019757628	3.0	0.8795737	0.018334035	204000	131.65584993362427
51	227.4375	52.918533	334.0	152.0	15.617326	6.890213	28.611237	6.6970825	227.4375	8195.736	0.039402578	56.96638	21.021164	73.437706	1.987026	4.503443	0.25751477	5.7068086	2.7029266	2.496552e-09	-0.017674379	3.7670137e-08	-0.041411582	104.660126	-35.500237	20.663795	-3.1319046	0.47767854	0.021505415	13.0	0.87821037	0.015122778	208000	134.06611609458923
52	263.86667	63.07653	410.0	124.0	8.919637	5.4303017	22.000807	0.41070592	263.86667	8329.617	0.039290648	61.66989	20.24815	76.045876	1.7510939	5.3991	1.0002182	8.902361	0.015701085	3.425341e-08	-0.011898499	3.3140182e-08	-0.01040335	132.0801	-17.585495	14.089974	-6.547572	0.49918395	0.021913469	38.0	0.8725632	0.012462635	212000	136.5076549053192
53	396.5	89.84125	555.0	227.0	4.830283	1.3493482	7.8682075	3.7094135	396.5	8378.091	0.038787458	65.51126	18.537487	78.05604	2.1569118	3.1047573	0.28287017	3.8598697	2.0143647	2.4479483e-08	-0.0043916903	1.4722347e-08	0.0070749056	180.48515	-74.00445	4.750204	-4.03798	0.5210974	0.021146953	4.0	0.8721683	0.024211727	216000	138.77317714691162
54	357.72726	61.7901	470.0	268.0	5.9271226	1.2985134	8.454765	4.2382183	357.72726	8443.362	0.03837892	68.45697	21.099575	81.54842	2.5738776	0.9056265	0.13858917	1.5140693	0.48099545	-1.0758054e-08	-0.0079640495	-5.9753655e-09	-0.0010460276	83.01276	-22.090946	1.647463	-0.6321038	0.5422444	0.021107674	3.0	0.873337	0.025163975	220000	141.07270336151123
55	548.0	144.59204	710.0	243.0	5.314368	2.337738	8.813699	0.5180088	548.0	8481.027	0.03786173	71.80035	18.992863	83.72047	2.7627566	1.5050513	0.17223366	2.9949985	1.2196282	-1.6680678e-08	-0.0044456194	-1.835823e-08	-0.0015695286	247.98053	-89.890656	1.1411101	-0.45952898	0.56335205	0.02107209	2.0	0.8742882	0.026291996	224000	142.4694402217865
56	512.0	123.98848	722.0	359.0	8.040007	2.8621414	13.673098	3.8509808	512.0	8538.357	0.037448935	70.63544	21.943558	86.2005	0.5910114	0.6132697	0.29785335	1.0007894	-1.5962249	2.5243956e-09	-0.010085124	1.1324882e-09	-0.0035878273	153.33057	-97.47252	3.0236232	-1.2947812	0.58442414	0.02168554	3.0	0.8746538	0.028268453	228000	144.62447881698608
57	1000.0	0.0	1000.0	1000.0	2.2039526	1.221084	3.499083	0.8874166	1000.0	8547.174	0.036841266	84.96555	9.904563	88.44392	7.7144656	1.4118342	0.106849745	1.8509051	1.068063	3.483869e-08	-0.0039992095	8.925795e-09	-0.0014125038	141.46703	-77.101555	1.2354065	-1.12127	0.6061097	0.02020818	3.0	0.8746507	0.033858795	232000	146.8428602218628
58	645.6	434.64633	1000.0	78.0	0.9246439	0.64873224	1.7393241	0.15135078	645.6	8552.939	0.03624127	90.697205	1.5033146	91.31003	74.57661	0.17541273	0.06473595	0.3730235	-0.04108967	3.2481597e-09	-0.002083481	5.960465e-11	4.1135856e-05	232.2061	-20.812042	0.013949782	-0.0027457485	0.62631786	0.018223286	3.0	0.87416047	0.021090712	236000	149.10959577560425
59	1000.0	0.0	1000.0	1000.0	1.6342003	0.22873773	2.0261855	1.4649067	1000.0	8559.477	0.035664484	92.62425	0.2956364	92.78323	88.078606	0.100340486	0.060645927	0.30475485	-0.088173345	7.112572e-08	-0.0037936012	2.2351741e-10	-0.00020602981	46.345814	-22.280764	0.00798502	-0.0022064964	0.64454114	0.016544223	5.0	0.87325126	0.013461229	240000	151.47018337249756
