Epoch	AverageEpRet	StdEpRet	MaxEpRet	MinEpRet	AverageEpCost	StdEpCost	MaxEpCost	MinEpCost	EpLen	CumulativeCost	CostRate	AverageVVals	StdVVals	MaxVVals	MinVVals	AverageCostVVals	StdCostVVals	MaxCostVVals	MinCostVVals	LossPi	DeltaLossPi	SurrCost	DeltaSurrCost	LossV	DeltaLossV	LossVC	DeltaLossVC	Penalty	DeltaPenalty	StopIter	Entropy	KL	TotalEnvInteracts	Time
0	15.599064	9.148793	52.0	5.0	0.0	0.0	0.0	0.0	15.599064	0.0	0.0	-0.002557963	0.112686835	0.4324183	-0.46494	0.00052735425	0.15216032	0.5455448	-0.682593	6.1035155e-09	-0.016646728	-1.2397766e-09	0.0008805895	160.61261	-21.470352	0.023153568	-0.023141865	0	0	5.0	0.9189385	0.017195495	10000	8.8825044631958
1	18.925997	11.46632	70.0	5.0	0.0	0.0	0.0	0.0	18.925997	0.0	0.0	1.1242856	0.12178494	1.5894473	0.43651736	0.00022232423	0.003701001	0.07902739	-0.05460726	3.3569336e-08	-0.018559353	-1.7881394e-11	-6.839404e-06	204.3811	-71.33836	1.3751051e-05	-5.0677e-06	0	0	6.0	0.9172035	0.015217572	20000	16.61593985557556
2	25.678663	15.684291	101.0	5.0	0.0	0.0	0.0	0.0	25.678663	0.0	0.0	5.0162845	1.1253967	8.489448	-0.95706433	-0.0001903295	0.0047797393	0.059363533	-0.07442985	-3.9100647e-09	-0.014065748	-2.3841857e-11	1.3770503e-05	246.58728	-90.27841	2.2884631e-05	-1.0673882e-05	0	0	8.0	0.91522646	0.015301145	30000	22.391743898391724
3	35.837543	20.576149	119.0	7.0	0.0	0.0	0.0	0.0	35.837543	0.0	0.0	10.596097	0.7486116	12.468817	7.0273643	0.00019088025	0.0044911965	0.040771846	-0.055789154	4.4250488e-08	-0.01146206	1.6391277e-11	2.4837931e-05	286.32904	-73.77779	2.0074182e-05	-1.0656816e-05	0	0	11.0	0.91281694	0.01315031	40000	30.213853359222412
4	47.21327	23.391718	133.0	9.0	0.0	0.0	0.0	0.0	47.21327	0.0	0.0	15.408431	0.6003837	16.670404	7.9095507	-0.00028807588	0.0036725732	0.031491574	-0.026093418	-3.33786e-08	-0.014417584	1.7881394e-11	-1.1695016e-05	307.7343	-51.0831	1.3579774e-05	-4.996925e-06	0	0	79.0	0.9095208	0.006256438	50000	38.630645513534546
5	64.16774	26.841187	164.0	10.0	0.0	0.0	0.0	0.0	64.16774	0.0	0.0	18.875805	0.8481388	19.952105	12.402939	6.92128e-05	0.0027727091	0.022356996	-0.022228759	-4.5776368e-08	-0.011882177	8.940697e-12	-2.9127552e-06	403.34763	-66.41403	7.7236e-06	-2.0260395e-06	0	0	79.0	0.90341	0.0052352827	60000	46.90159225463867
6	81.06504	36.377144	209.0	13.0	0.0	0.0	0.0	0.0	81.06504	0.0	0.0	21.371996	3.1817636	23.366394	-9.925748	-8.5098245e-06	0.0022013749	0.018538412	-0.021432638	-1.8310548e-08	-0.007246728	4.4703486e-12	-2.551419e-06	563.8538	-82.783264	4.847813e-06	-1.0733297e-06	0	0	79.0	0.89752394	0.0041592084	70000	53.042497873306274
7	112.314606	55.449863	357.0	39.0	0.0	0.0	0.0	0.0	112.314606	0.0	0.0	24.58487	3.4778488	26.180174	-5.3928876	9.3102804e-05	0.0016835018	0.012549762	-0.016812233	6.5612795e-08	-0.0064566974	-4.4703486e-12	3.1641525e-06	893.5898	-121.19507	2.8430181e-06	-6.4046344e-07	0	0	79.0	0.88954073	0.0038790565	80000	61.227020025253296
8	131.1842	70.14791	353.0	20.0	0.0	0.0	0.0	0.0	131.1842	0.0	0.0	27.874271	3.7895367	29.266829	-9.548917	-3.4873054e-05	0.0014437719	0.017918417	-0.014493797	-3.4332275e-09	-0.0054720277	-1.527369e-11	1.08537826e-07	1037.088	-116.18921	2.085512e-06	-2.8957004e-07	0	0	79.0	0.90172976	0.003363543	90000	69.37080502510071
9	147.82089	87.08889	439.0	37.0	0.0	0.0	0.0	0.0	147.82089	0.0	0.0	31.062357	3.1662097	32.03812	-11.360973	5.509967e-06	0.0012663354	0.020466294	-0.0138224475	-9.155274e-09	-0.0037197038	4.4703486e-12	1.0144092e-06	1168.7296	-111.151	1.6037766e-06	-2.331974e-07	0	0	79.0	0.9103916	0.0029072727	100000	77.50058817863464
10	249.65	154.47192	768.0	46.0	0.0	0.0	0.0	0.0	249.65	0.0	0.0	34.242638	1.6864378	34.574623	-18.210999	-6.0960456e-06	0.0013169344	0.008629195	-0.010616693	9.1552735e-08	-0.0037248728	-8.940697e-12	2.959028e-07	1824.2742	-194.57874	1.7343534e-06	-3.4540346e-07	0	0	79.0	0.91672564	0.001957858	110000	84.148273229599
11	319.96774	262.07663	1000.0	68.0	0.0	0.0	0.0	0.0	319.96774	0.0	0.0	37.447556	1.0930192	37.639668	-11.73361	5.2644158e-05	0.0010932656	0.008125067	-0.012914771	-5.493164e-08	-0.0031187164	2.2351743e-12	1.6306788e-07	2086.0945	-207.07446	1.2262013e-06	-1.5764851e-07	0	0	79.0	0.9046729	0.0020213712	120000	92.8840901851654
12	511.05264	308.57626	1000.0	102.0	0.0	0.0	0.0	0.0	511.05264	0.0	0.0	40.514736	0.06382268	40.563286	39.640476	-2.5752663e-06	0.00092664815	0.007185575	-0.009616469	-6.1035155e-09	-0.0037349777	3.9115547e-12	1.7196946e-07	2396.0361	-242.48682	9.069486e-07	-9.5181974e-08	0	0	79.0	0.8924028	0.0033390885	130000	101.21997332572937
13	920.9	237.3	1000.0	209.0	0.0	0.0	0.0	0.0	920.9	0.0	0.0	43.426933	0.0529184	43.47264	41.972584	-3.220142e-05	0.00076333544	0.0071409745	-0.0054621464	2.2735595e-07	-0.0032121032	5.029142e-12	4.531499e-07	2673.2664	-284.38965	5.865474e-07	-4.67723e-08	0	0	79.0	0.8933273	0.0027458672	140000	107.64539957046509
14	944.1	167.7	1000.0	441.0	0.0	0.0	0.0	0.0	944.1	0.0	0.0	46.3509	0.037030037	46.37917	44.20099	-7.648081e-06	0.00067875383	0.008690936	-0.005142233	1.8310547e-07	-0.0022467284	1.4901161e-12	4.393818e-07	2394.4348	-231.5476	4.7230105e-07	-2.6811563e-08	0	0	79.0	0.9003192	0.002502221	150000	115.83790802955627
15	1000.0	0.0	1000.0	1000.0	0.0	0.0	0.0	0.0	1000.0	0.0	0.0	48.863895	0.011455073	48.883007	48.79562	2.2421025e-06	0.0005744804	0.006051805	-0.005078771	2.3002625e-07	-0.0014262114	-1.1175871e-12	5.439503e-07	2225.9126	-203.43103	3.432931e-07	-1.8681334e-08	0	0	79.0	0.9003789	0.0034644958	160000	124.37374567985535
16	914.1	257.7	1000.0	141.0	0.0	0.0	0.0	0.0	914.1	0.0	0.0	51.12997	0.008142141	51.14527	51.08485	-3.2739794e-05	0.00062798295	0.009395555	-0.0061546857	4.0283203e-07	-0.001688568	2.6077031e-12	-4.2928122e-07	2006.1147	-172.04749	4.3562446e-07	-2.6084251e-08	0	0	79.0	0.89707875	0.0017948387	170000	133.05920910835266
17	788.9167	310.8849	1000.0	181.0	0.0	0.0	0.0	0.0	788.9167	0.0	0.0	53.166256	0.006046423	53.178463	53.124702	2.5882679e-05	0.0006521187	0.010415194	-0.00862212	-6.5612795e-08	-0.005521617	-5.5879357e-13	-2.6292167e-07	1728.178	-130.13391	4.3099053e-07	-3.100257e-08	0	0	79.0	0.90580165	0.0040070512	180000	139.3857228755951
18	1000.0	0.0	1000.0	1000.0	0.0	0.0	0.0	0.0	1000.0	0.0	0.0	54.92177	0.006230331	54.93178	54.880314	2.4895717e-06	0.0005330824	0.0059386333	-0.0054634246	4.7340393e-07	-0.00078284845	1.8626452e-12	-2.525749e-07	1729.8196	-143.89502	3.0730902e-07	-1.45122385e-08	0	0	79.0	0.894745	0.0029233142	190000	148.08016872406006
19	936.3	191.1	1000.0	363.0	0.0	0.0	0.0	0.0	936.3	0.0	0.0	56.726982	0.009171347	56.74235	56.670547	-1.484094e-05	0.000669933	0.010254652	-0.0045418376	-3.0517577e-09	-0.0018899261	2.2351743e-12	-3.7817026e-07	1559.877	-126.50012	4.4784713e-07	-7.2641825e-08	0	0	79.0	0.88906133	0.0036371949	200000	156.53576970100403
20	592.9375	310.48236	1000.0	150.0	0.0	0.0	0.0	0.0	592.9375	0.0	0.0	58.429676	0.010999312	58.44125	58.120552	-6.4205145e-05	0.00067931827	0.0066407267	-0.009037206	-2.2888184e-08	-0.0017418868	2.0489097e-12	8.3873215e-07	1245.5989	-71.82263	4.611988e-07	-7.058517e-08	0	0	79.0	0.886954	0.0035937233	210000	165.06370425224304
21	825.0	249.9229	1000.0	338.0	0.0	0.0	0.0	0.0	825.0	0.0	0.0	59.733593	0.008437232	59.743504	59.472126	-2.0218058e-05	0.00070931	0.006352377	-0.0052449084	-6.103516e-08	-0.0023830659	-3.3993275e-12	-4.347537e-07	1310.3458	-95.311646	5.1169303e-07	-7.135054e-08	0	0	79.0	0.88430387	0.0050056614	220000	171.18689823150635
22	664.93335	302.92078	1000.0	78.0	0.0	0.0	0.0	0.0	664.93335	0.0	0.0	61.20386	0.00766861	61.212376	60.96894	4.8956517e-05	0.00072419876	0.0068668793	-0.005013966	-3.967285e-08	-0.0031596406	2.4214387e-12	7.01965e-07	1151.5035	-71.26013	5.542116e-07	-6.570639e-08	0	0	79.0	0.85283226	0.002720171	230000	179.4060344696045
23	905.1	166.29878	1000.0	538.0	0.0	0.0	0.0	0.0	905.1	0.0	0.0	62.505024	0.00343069	62.512383	62.483246	-1.9869422e-05	0.0007087102	0.0065445416	-0.0070538144	6.408691e-08	-0.0023177918	-3.3527612e-12	6.258126e-07	1164.1116	-88.44092	5.335695e-07	8.8166246e-08	0	0	79.0	0.8560038	0.0022819645	240000	187.63886833190918
24	882.9091	255.24799	1000.0	114.0	0.0	0.0	0.0	0.0	882.9091	0.0	0.0	63.93755	0.0033680433	63.944084	63.9086	-0.0004061037	0.0005856263	0.0045146775	-0.0066420203	5.0354004e-08	-0.00471577	-3.7252905e-12	-7.938845e-08	1079.1383	-83.01471	4.837585e-07	-1.7010208e-07	0	0	7.0	0.8704491	0.015683144	250000	195.34220266342163
25	420.30435	289.404	1000.0	119.0	0.0	0.0	0.0	0.0	420.30435	0.0	0.0	65.34361	0.008819568	65.35113	65.0494	-7.916402e-05	0.0007657272	0.005335006	-0.0055865375	2.1362304e-08	-0.005776143	6.053597e-13	-2.3610262e-07	862.9016	-22.755188	5.9993016e-07	-1.526285e-07	0	0	79.0	0.8719626	0.0036531743	260000	201.54637336730957
26	775.6667	298.38547	1000.0	127.0	0.0	0.0	0.0	0.0	775.6667	0.0	0.0	66.1265	0.009474389	66.13384	65.566666	-8.887662e-07	0.0005927085	0.011197966	-0.0054228986	-3.1280518e-08	-0.0023412483	3.7252902e-13	5.514119e-08	938.7058	-58.000305	3.5356385e-07	4.6273385e-09	0	0	79.0	0.895523	0.0022724844	270000	209.6529347896576
27	935.6	193.20001	1000.0	356.0	0.0	0.0	0.0	0.0	935.6	0.0	0.0	67.30125	0.005846845	67.3074	66.98503	0.00017990514	0.0004116036	0.004309689	-0.00332319	1.4648438e-07	-0.0025907364	-8.381903e-13	-1.1630217e-07	896.4492	-77.13562	1.985154e-07	-4.6375447e-08	0	0	79.0	0.88559645	0.003957032	280000	217.7584547996521
28	934.4	175.60649	1000.0	411.0	0.0	0.0	0.0	0.0	934.4	0.0	0.0	68.69018	0.002185326	68.69503	68.67252	1.5189453e-05	0.00040177297	0.005666599	-0.0038306164	-2.6702882e-08	-0.0021279796	-1.5133992e-12	-1.2578982e-06	824.6128	-68.95392	1.70423e-07	-1.3992164e-08	0	0	7.0	0.8780426	0.013266662	290000	225.55188941955566
29	805.0	330.75317	1000.0	126.0	0.0	0.0	0.0	0.0	805.0	0.0	0.0	70.02029	0.0027118728	70.02517	69.999275	4.5805995e-05	0.00043934328	0.0053310446	-0.0034972657	-1.9454957e-08	-0.0057991724	-1.8626452e-12	-9.2642864e-07	758.0517	-56.244507	2.0949729e-07	-2.9602603e-08	0	0	21.0	0.87872213	0.012298211	300000	231.3350694179535
30	700.5	307.69507	1000.0	292.0	0.0	0.0	0.0	0.0	700.5	0.0	0.0	71.23513	0.005131031	71.24075	71.04493	-4.345054e-05	0.0004148645	0.0048751705	-0.0041781696	-2.822876e-08	-0.0022650124	-1.8626451e-13	-7.022787e-08	687.6462	-40.154175	1.7260919e-07	-3.1120777e-08	0	0	79.0	0.879888	0.0022653057	310000	239.57216119766235
31	821.1667	244.30917	1000.0	255.0	0.0	0.0	0.0	0.0	821.1667	0.0	0.0	72.27702	0.0054006805	72.282776	72.10226	-4.6580008e-06	0.00034889375	0.0038899893	-0.0033145295	-3.051758e-08	-0.0035379394	-4.284084e-12	-4.36783e-07	662.61285	-41.158142	1.2430773e-07	-1.1163422e-08	0	0	79.0	0.8749183	0.004347145	320000	247.6818974018097
32	965.4	103.799995	1000.0	654.0	0.0	0.0	0.0	0.0	965.4	0.0	0.0	73.33371	0.0023167043	73.3377	73.315216	-1.2821226e-05	0.00035639966	0.0028304744	-0.0030417691	8.239746e-08	-0.004328081	-1.816079e-12	-2.5160006e-08	602.2778	-54.91162	1.351531e-07	-1.7960893e-08	0	0	79.0	0.891637	0.004286926	330000	255.80816555023193
33	750.53845	301.95557	1000.0	95.0	0.0	0.0	0.0	0.0	750.53845	0.0	0.0	74.55765	0.0044785207	74.562164	74.420044	-1.9666075e-05	0.0003795522	0.003990512	-0.0041622785	2.2888184e-08	-0.0021456955	-4.1909515e-13	-4.1378893e-08	578.8217	-35.37628	1.4567549e-07	-1.1500887e-08	0	0	79.0	0.8910268	0.0018387181	340000	261.8641221523285
34	886.63635	244.1945	1000.0	277.0	0.0	0.0	0.0	0.0	886.63635	0.0	0.0	75.57305	0.0020320762	75.57704	75.55803	6.474074e-05	0.00035924546	0.0030284487	-0.0042994204	1.0490417e-08	-0.0029706394	-1.1175871e-12	4.5078457e-07	513.8675	-43.722107	1.354622e-07	-1.8142195e-08	0	0	79.0	0.9165069	0.003828215	350000	269.95738315582275
35	983.2	50.4	1000.0	832.0	0.0	0.0	0.0	0.0	983.2	0.0	0.0	76.69048	0.0019441152	76.69384	76.67655	-4.012184e-06	0.00035625062	0.0033690613	-0.004106114	1.2512207e-07	-0.0034028946	-3.5390258e-12	6.9167686e-07	467.5242	-44.785004	1.2929753e-07	2.5464078e-07	0	0	7.0	0.9328289	0.015011169	360000	277.6581013202667
36	223.61363	144.05559	696.0	66.0	0.0	0.0	0.0	0.0	223.61363	0.0	0.0	77.841225	0.0026679302	77.84384	77.70752	0.00043545867	0.00055136165	0.004823294	-0.006885633	2.9087066e-09	-0.0030814423	-1.2665987e-11	1.5272794e-06	961.6926	-14.885437	4.897614e-07	-2.622403e-07	0	0	79.0	0.93217885	0.004855651	370000	285.9552512168884
37	591.375	315.03726	1000.0	94.0	0.0	0.0	0.0	0.0	591.375	0.0	0.0	77.26592	0.0017358639	77.26917	77.254524	7.115814e-05	0.00037589765	0.0026469594	-0.0038475578	-1.5258789e-09	-0.003028218	-3.7252902e-13	-9.627984e-07	583.8795	-7.381531	1.4982474e-07	-3.2208668e-08	0	0	79.0	0.9140692	0.0026436306	380000	292.11129450798035
38	945.6	101.71253	1000.0	670.0	0.0	0.0	0.0	0.0	945.6	0.0	0.0	77.678215	0.0029093106	77.68208	77.570656	2.313644e-06	0.0003069825	0.0034412355	-0.0029694948	-3.051758e-08	-0.0038075112	-1.4901161e-12	2.752062e-07	454.21414	-35.633728	9.653617e-08	-1.0449995e-08	0	0	79.0	0.91955197	0.0050873007	390000	300.265300989151
39	804.1667	286.52075	1000.0	250.0	0.0	0.0	0.0	0.0	804.1667	0.0	0.0	78.72236	0.0022908854	78.72614	78.59919	-1.2051524e-05	0.0003682422	0.005184643	-0.004059679	-1.692772e-08	-0.0025254812	-1.8626451e-13	-9.857304e-09	425.6259	-30.282074	1.4058536e-07	-1.520604e-08	0	0	79.0	0.9217123	0.0019782628	400000	308.4188446998596
40	1000.0	0.0	1000.0	1000.0	0.0	0.0	0.0	0.0	1000.0	0.0	0.0	79.72872	0.0014096966	79.731384	79.718895	-2.249557e-06	0.0002571312	0.0021844371	-0.002354974	1.0568618e-06	-0.0017980329	-1.3038516e-12	5.2888925e-08	349.80304	-41.421448	6.889165e-08	-7.459668e-09	0	0	79.0	0.9152322	0.0047661886	410000	316.82110953330994
41	914.8	189.61896	1000.0	388.0	0.0	0.0	0.0	0.0	914.8	0.0	0.0	80.89994	0.0016140916	80.90302	80.88797	3.9057986e-06	0.0004020643	0.0060424916	-0.0031509132	-1.8310548e-08	-0.0050645997	3.3527612e-12	-2.6360973e-07	339.60724	-31.192322	1.9684273e-07	-2.7357558e-08	0	0	7.0	0.91959286	0.016437257	420000	322.5755310058594
42	753.53845	312.51254	1000.0	150.0	0.0	0.0	0.0	0.0	753.53845	0.0	0.0	81.945274	0.0033474057	81.94834	81.85811	1.7233541e-06	0.00037915987	0.0039755255	-0.0027724926	2.1362304e-08	-0.0032806934	-4.6566128e-14	2.1516415e-07	378.20004	-16.71521	1.4422284e-07	-2.2500316e-08	0	0	79.0	0.91776097	0.005027561	430000	330.6569082736969
43	745.0	320.53705	1000.0	166.0	0.0	0.0	0.0	0.0	745.0	0.0	0.0	82.730034	0.0030293223	82.733536	82.60352	3.8178638e-07	0.00030738374	0.0031918264	-0.0033672957	-1.2207031e-08	-0.0029247133	-9.3132255e-14	4.413262e-07	382.0673	-12.416931	9.5716864e-08	-7.68523e-09	0	0	79.0	0.94849205	0.002529488	440000	338.95444560050964
44	768.6667	302.27206	1000.0	121.0	0.0	0.0	0.0	0.0	768.6667	0.0	0.0	83.40924	0.0036791384	83.4126	83.26606	1.3541601e-05	0.00034026793	0.0035721485	-0.004172589	-1.8310548e-08	-0.0029938475	-9.313226e-13	1.2283363e-07	330.98874	-15.739929	1.169499e-07	-1.27486715e-08	0	0	79.0	0.9497316	0.00285623	450000	347.2099378108978
45	911.4	137.6802	1000.0	647.0	0.0	0.0	0.0	0.0	911.4	0.0	0.0	84.17525	0.0030100374	84.17846	84.00367	-7.753706e-06	0.00023644464	0.0036482478	-0.0033182572	-3.0517577e-09	-0.00244097	4.656613e-13	-2.1605473e-07	274.45267	-19.24112	5.8814773e-08	-4.187239e-09	0	0	79.0	0.9477098	0.0029063763	460000	353.31485056877136
46	1000.0	0.0	1000.0	1000.0	0.0	0.0	0.0	0.0	1000.0	0.0	0.0	85.036255	0.0014077906	85.03887	85.02623	2.931941e-06	0.00019022934	0.002049522	-0.002129648	7.4100495e-07	-0.0015040851	-2.514571e-12	-1.00068e-07	190.60886	-26.442825	3.764904e-08	-3.4042174e-09	0	0	79.0	0.94479144	0.003301973	470000	361.4281852245331
47	900.8182	210.59604	1000.0	433.0	0.0	0.0	0.0	0.0	900.8182	0.0	0.0	86.05447	0.007369451	86.05768	85.431015	1.9990208e-05	0.00026244408	0.005194416	-0.0021522716	-9.155274e-09	-0.0046103513	-3.7252902e-13	8.114203e-08	210.7537	-18.099792	6.95082e-08	-8.433631e-09	0	0	79.0	0.93599343	0.0032357436	480000	369.58170223236084
48	1000.0	0.0	1000.0	1000.0	0.0	0.0	0.0	0.0	1000.0	0.0	0.0	86.91461	0.005778984	86.91917	86.83523	5.4236116e-06	0.00016921682	0.0021009014	-0.0022511936	9.41658e-07	-0.0017283106	-1.8626452e-12	-1.2301966e-07	145.75204	-21.338081	2.9561505e-08	-2.3315678e-09	0	0	79.0	0.9436243	0.0032957008	490000	377.7144136428833
49	1000.0	0.0	1000.0	1000.0	0.0	0.0	0.0	0.0	1000.0	0.0	0.0	87.8573	0.004609889	87.86126	87.78484	8.044108e-06	0.00021826406	0.0028062232	-0.0020747462	-6.8912505e-07	-0.0018715181	6.053597e-13	1.1369451e-07	125.515434	-19.154556	5.0028735e-08	-5.1407127e-09	0	0	79.0	0.93353844	0.0040739505	500000	383.8163917064667
50	1000.0	0.0	1000.0	1000.0	0.0	0.0	0.0	0.0	1000.0	0.0	0.0	88.770515	0.0032663946	88.77398	88.73431	8.743815e-06	0.00022434155	0.0024528364	-0.002488026	-8.4877016e-08	-0.0021181034	1.5832484e-12	5.6876335e-08	107.34473	-16.801956	5.567259e-08	-4.0966555e-09	0	0	79.0	0.9274552	0.0045091636	510000	392.02338004112244
51	926.2	221.40001	1000.0	262.0	0.0	0.0	0.0	0.0	926.2	0.0	0.0	89.63869	0.0018425643	89.641	89.62448	6.060424e-06	0.00021227135	0.001752207	-0.0020275211	-4.2724608e-08	-0.0034291137	-3.958121e-13	7.292434e-07	121.34561	-12.084389	4.5476096e-08	-4.2978527e-09	0	0	5.0	0.90587497	0.017985787	520000	399.71771931648254
52	454.55	309.7114	1000.0	86.0	0.0	0.0	0.0	0.0	454.55	0.0	0.0	90.39077	0.0013655555	90.3926	90.37921	-2.7191574e-05	0.00039063857	0.010893113	-0.0069359974	6.1035155e-09	-0.0042473692	-2.6077031e-12	1.4533919e-06	641.5366	-5.4241943	1.5355054e-07	-4.7845816e-08	0	0	79.0	0.90544915	0.009026491	530000	407.9084208011627
53	949.7	150.90001	1000.0	497.0	0.0	0.0	0.0	0.0	949.7	0.0	0.0	89.948296	0.0018731566	89.9509	89.91788	-4.9371592e-05	0.00021989692	0.0017086674	-0.002626522	0.0	-0.002136078	1.0244548e-12	1.908375e-07	115.503075	-9.589096	5.5877468e-08	-1.5168862e-08	0	0	79.0	0.8767968	0.002664483	540000	414.1652498245239
54	1000.0	0.0	1000.0	1000.0	0.0	0.0	0.0	0.0	1000.0	0.0	0.0	90.565414	0.0018864204	90.5679	90.543465	-9.476833e-07	0.0001859314	0.0019050072	-0.0019745063	-1.8205643e-07	-0.0015508691	-2.2351743e-12	-1.1942093e-07	75.77242	-13.157631	3.519436e-08	-3.0962788e-09	0	0	79.0	0.8784652	0.0029881513	550000	422.2997143268585
55	1000.0	0.0	1000.0	1000.0	0.0	0.0	0.0	0.0	1000.0	0.0	0.0	91.378555	0.0012741853	91.38048	91.362816	-3.2315634e-06	0.00016213814	0.001620446	-0.0012685374	4.7683717e-08	-0.002865565	-1.3969839e-13	-1.7009697e-07	63.274044	-11.425602	2.6935751e-08	-2.203139e-09	0	0	79.0	0.8688004	0.0048197145	560000	430.43832755088806
56	1000.0	0.0	1000.0	1000.0	0.0	0.0	0.0	0.0	1000.0	0.0	0.0	92.15223	0.0011634699	92.15446	92.14393	5.5224873e-06	0.00013439826	0.0014744936	-0.0013681222	6.232262e-07	-0.001917417	1.2572855e-12	-8.715789e-08	52.4267	-9.739876	1.824553e-08	-9.431531e-10	0	0	79.0	0.8654061	0.0035598702	570000	438.54417610168457
57	1000.0	0.0	1000.0	1000.0	0.0	0.0	0.0	0.0	1000.0	0.0	0.0	92.87817	0.0012404623	92.88013	92.86623	4.510898e-06	0.00013413129	0.0018241516	-0.0015197477	-1.6775131e-07	-0.0014256828	3.7252902e-13	-1.03326514e-07	43.175262	-8.259533	2.0955012e-08	-1.0295853e-09	0	0	79.0	0.8916624	0.003729937	580000	444.6539270877838
58	1000.0	0.0	1000.0	1000.0	0.0	0.0	0.0	0.0	1000.0	0.0	0.0	93.557884	0.0010258092	93.5597	93.54983	-9.235454e-06	0.00011681309	0.0019263038	-0.0022655688	-8.289337e-07	-0.0026293094	-1.7229468e-12	1.3324474e-07	35.32858	-6.9649296	1.7062385e-08	-7.1215034e-10	0	0	79.0	0.8838724	0.0043234034	590000	452.75850534439087
59	1000.0	0.0	1000.0	1000.0	0.0	0.0	0.0	0.0	1000.0	0.0	0.0	94.19253	0.0010593565	94.19423	94.181816	1.2974493e-06	0.00014480753	0.002695781	-0.0015643133	3.499031e-07	-0.0012538797	1.4901161e-12	-1.4239815e-07	28.709776	-5.836561	2.2083482e-08	-9.345644e-10	0	0	79.0	0.85948604	0.0029356133	600000	460.89393496513367
60	1000.0	0.0	1000.0	1000.0	0.0	0.0	0.0	0.0	1000.0	0.0	0.0	94.783714	0.0009205406	94.78545	94.77754	3.6951628e-06	0.0001352687	0.0014152371	-0.0030445764	3.279686e-07	-0.0014769873	-2.7939679e-13	-1.1980617e-07	23.162392	-4.859558	1.9857753e-08	-1.1107009e-09	0	0	79.0	0.85979295	0.0024447544	610000	469.1845920085907
61	1000.0	0.0	1000.0	1000.0	0.0	0.0	0.0	0.0	1000.0	0.0	0.0	95.33269	0.0011639587	95.334526	95.31756	3.0452604e-06	0.00018401681	0.0035668518	-0.0016196421	7.2307586e-07	-0.002196646	-2.7939679e-13	1.3628706e-07	18.543617	-4.016777	3.441373e-08	-2.1415403e-09	0	0	79.0	0.8546075	0.004975078	620000	475.28497099876404
62	1000.0	0.0	1000.0	1000.0	0.0	0.0	0.0	0.0	1000.0	0.0	0.0	95.84138	0.00075201946	95.84276	95.8334	-8.082484e-06	0.00013476788	0.0015921626	-0.0014848212	8.464813e-07	-0.0013091195	2.7939679e-13	6.2143435e-08	14.721953	-3.2937136	1.866685e-08	-1.3686989e-09	0	0	79.0	0.8679719	0.0036359138	630000	483.4567165374756
63	1000.0	0.0	1000.0	1000.0	0.0	0.0	0.0	0.0	1000.0	0.0	0.0	96.310135	0.0008147406	96.311584	96.30061	-4.247037e-06	0.00013460299	0.0027751988	-0.002013582	-1.1854172e-07	-0.0012513446	-2.3283065e-13	-9.984863e-08	11.589971	-2.6791553	1.9642256e-08	-6.1232264e-10	0	0	79.0	0.88671476	0.002584592	640000	491.59125685691833
64	1000.0	0.0	1000.0	1000.0	0.0	0.0	0.0	0.0	1000.0	0.0	0.0	96.74094	0.0007627967	96.74234	96.73515	4.7217867e-07	0.00010859396	0.001327912	-0.0009657777	5.9747697e-07	-0.0016967207	1.8626451e-13	1.0270318e-07	9.04152	-2.160098	1.2343596e-08	-7.70064e-10	0	0	6.0	0.8639686	0.012540965	650000	499.33416628837585
65	1000.0	0.0	1000.0	1000.0	0.0	0.0	0.0	0.0	1000.0	0.0	0.0	97.13558	0.000619442	97.13668	97.13142	7.0397164e-07	0.00013876686	0.0013163796	-0.0016412614	-3.40271e-07	-0.0021873221	-6.053597e-13	-3.6044807e-07	6.984625	-1.7250113	2.0034134e-08	-1.5707169e-09	0	0	79.0	0.8630939	0.0044965544	660000	505.4667053222656
66	1000.0	0.0	1000.0	1000.0	0.0	0.0	0.0	0.0	1000.0	0.0	0.0	97.49459	0.0008118377	97.4959	97.48636	-2.0663841e-05	0.00016145465	0.0018390646	-0.0036831119	7.334709e-07	-0.0018217623	1.1175871e-12	-2.3472975e-07	5.3435273	-1.3644109	2.6750401e-08	-2.3640983e-09	0	0	79.0	0.83765674	0.0029867527	670000	513.5755667686462
67	936.6	134.01508	1000.0	586.0	0.0	0.0	0.0	0.0	936.6	0.0	0.0	97.82021	0.0008567975	97.82188	97.81356	-1.2667218e-05	0.00020275022	0.0025773998	-0.004038763	1.7642975e-09	-0.0018728728	1.0244548e-12	-2.5351903e-07	94.0008	0.00044250488	4.1894584e-08	-3.087937e-09	0	0	79.0	0.8190483	0.0033268714	680000	521.74724650383
68	850.8182	244.3127	1000.0	285.0	0.0	0.0	0.0	0.0	850.8182	0.0	0.0	97.851685	0.003614386	97.85379	97.653946	-9.639506e-07	0.00023009602	0.0031809306	-0.0037342706	1.0567904e-08	-0.004727787	1.8626452e-12	2.455132e-07	184.14357	-1.0233917	5.8021293e-08	-8.120949e-09	0	0	79.0	0.81025255	0.00441613	690000	529.9639613628387
69	969.3	92.1	1000.0	693.0	0.0	0.0	0.0	0.0	969.3	0.0	0.0	97.58459	0.0018284179	97.58682	97.56066	-1.0621474e-05	0.00016599787	0.0017873216	-0.0030570189	-3.0517577e-09	-0.0031986237	1.0477379e-12	-2.3596736e-07	49.44648	-0.3198166	2.7996814e-08	-2.4747706e-09	0	0	79.0	0.8408264	0.0029830486	700000	536.0200190544128
70	1000.0	0.0	1000.0	1000.0	0.0	0.0	0.0	0.0	1000.0	0.0	0.0	97.72781	0.0021298088	97.730034	97.69499	-2.0175366e-07	0.00015580225	0.0015929952	-0.0013975536	-7.07531e-07	-0.0014717488	7.916242e-13	3.2023362e-07	4.395168	-1.2253008	2.4843569e-08	-2.8085143e-09	0	0	79.0	0.87295425	0.0043499395	710000	544.2503519058228
71	815.5	325.2782	1000.0	96.0	0.0	0.0	0.0	0.0	815.5	0.0	0.0	98.05229	0.01148335	98.05518	97.18358	2.8537895e-07	0.00022275037	0.0027395429	-0.0036825463	4.577637e-09	-0.0025998964	-1.3969839e-12	4.986655e-08	133.82878	-3.3315125	5.034555e-08	-1.5717472e-08	0	0	79.0	0.86768395	0.004899177	720000	552.3851239681244
72	1000.0	0.0	1000.0	1000.0	0.0	0.0	0.0	0.0	1000.0	0.0	0.0	97.944374	0.12168313	97.96879	93.19042	-3.0650112e-06	0.00015574282	0.0012077806	-0.0011763418	8.506775e-08	-0.0025317012	7.4505804e-13	2.8004646e-07	3.6186194	-1.0292726	2.5346925e-08	-4.7364743e-09	0	0	79.0	0.84375304	0.0049359174	730000	560.4967749118805
73	998.6	4.2	1000.0	986.0	0.0	0.0	0.0	0.0	998.6	0.0	0.0	98.24939	0.018873949	98.25439	97.25835	-1.3152707e-05	0.00017379645	0.0014230831	-0.0027924383	1.2207031e-08	-0.001750583	-7.916242e-13	4.874312e-07	48.44463	-0.14274979	3.203806e-08	6.4443917e-09	0	0	79.0	0.82732147	0.004487123	740000	566.6004428863525
74	1000.0	0.0	1000.0	1000.0	0.0	0.0	0.0	0.0	1000.0	0.0	0.0	98.37726	0.032977547	98.38543	97.07606	-2.355771e-05	0.00018628196	0.0012013884	-0.0011942433	-5.946159e-07	-0.0037368962	-1.8626451e-13	5.719384e-07	2.240931	-0.70184016	3.8995324e-08	-2.0944594e-08	0	0	79.0	0.817263	0.010005258	750000	574.7430875301361
75	717.2308	273.75262	1000.0	301.0	0.0	0.0	0.0	0.0	717.2308	0.0	0.0	98.64572	0.007927467	98.64816	98.4218	-7.529298e-07	0.0002971471	0.008768737	-0.0038317824	-2.89917e-08	-0.005378821	-1.8626451e-13	5.5135597e-08	374.372	-13.535461	8.999539e-08	-2.3820988e-08	0	0	79.0	0.8397866	0.0061877877	760000	582.8897714614868
76	990.8	27.6	1000.0	908.0	0.0	0.0	0.0	0.0	990.8	0.0	0.0	97.51213	0.013063183	97.5153	96.63724	-7.0538404e-06	0.00016373643	0.0010881498	-0.0029301767	-6.1035155e-09	-0.0019903565	-4.656613e-13	-2.1363552e-07	49.64294	-0.2774582	2.703178e-08	-3.002004e-09	0	0	79.0	0.8668213	0.0031153702	770000	591.1205551624298
77	903.7	178.06856	1000.0	444.0	0.0	0.0	0.0	0.0	903.7	0.0	0.0	97.62668	0.0112891365	97.63007	97.26914	2.1413252e-06	0.00018506509	0.0017564872	-0.0029701015	-9.155274e-09	-0.0052643795	5.122274e-13	-2.632652e-07	138.66988	-0.17170715	3.4859614e-08	-2.013298e-09	0	0	79.0	0.86703074	0.0048770653	780000	597.2363593578339
78	1000.0	0.0	1000.0	1000.0	0.0	0.0	0.0	0.0	1000.0	0.0	0.0	97.50639	0.0089600915	97.50962	97.2338	2.8916966e-06	0.000117122385	0.0012667793	-0.0008529582	-4.2514802e-07	-0.0019793191	1.8626451e-13	-5.0737054e-08	5.2930117	-1.7240882	1.4816868e-08	-1.3390515e-09	0	0	79.0	0.88306844	0.003707421	790000	605.372526884079
79	1000.0	0.0	1000.0	1000.0	0.0	0.0	0.0	0.0	1000.0	0.0	0.0	97.930244	0.0068199383	97.932945	97.704994	3.9129877e-06	0.00012399841	0.00097633054	-0.001071619	-9.059906e-09	-0.0021986978	-1.2805685e-12	1.7630168e-09	3.6471953	-1.3868363	1.5422664e-08	-1.42935e-09	0	0	79.0	0.85177016	0.0051359273	800000	613.5496790409088
80	1000.0	0.0	1000.0	1000.0	0.0	0.0	0.0	0.0	1000.0	0.0	0.0	98.34819	0.007972756	98.35155	98.101746	5.639592e-06	0.0001270088	0.0008415916	-0.0013569159	-1.5125275e-07	-0.0013036479	-1.8626451e-13	-2.3573264e-07	2.32185	-0.9089067	1.676739e-08	-1.3127757e-09	0	0	5.0	0.8447038	0.014414766	810000	621.4032049179077
81	1000.0	0.0	1000.0	1000.0	0.0	0.0	0.0	0.0	1000.0	0.0	0.0	98.69504	0.0040947036	98.6969	98.61112	1.5684942e-06	0.00013793938	0.001183564	-0.0014128822	-5.667686e-07	-0.0024160182	3.0267984e-13	2.1697883e-07	1.4498627	-0.58487695	1.9298948e-08	-1.8437518e-09	0	0	79.0	0.8438047	0.006324545	820000	627.4794962406158
82	870.7273	274.36145	1000.0	269.0	0.0	0.0	0.0	0.0	870.7273	0.0	0.0	98.97809	0.0028330758	98.979515	98.93211	-6.5390245e-06	0.00016497911	0.0014473322	-0.0021498043	7.0095063e-09	-0.004464921	-2.7008354e-12	-1.01392345e-07	95.25239	-0.3236847	3.0217553e-08	-2.7939215e-09	0	0	79.0	0.8372043	0.0063043856	830000	635.6373071670532
83	1000.0	0.0	1000.0	1000.0	0.0	0.0	0.0	0.0	1000.0	0.0	0.0	98.788376	0.0031273088	98.789955	98.72053	-1.1563843e-05	9.5799456e-05	0.001052506	-0.00075418793	-3.753662e-07	-0.001520785	-8.032657e-13	-4.0537934e-08	1.249848	-0.45488042	9.3790264e-09	-9.768097e-10	0	0	79.0	0.82838553	0.00276508	840000	643.7831559181213
84	1000.0	0.0	1000.0	1000.0	0.0	0.0	0.0	0.0	1000.0	0.0	0.0	99.02128	0.004935353	99.02315	98.871895	8.492333e-07	0.00012478503	0.0010995617	-0.001698	-6.065369e-08	-0.003336286	-3.7252902e-13	1.5738397e-07	0.81569403	-0.35974622	1.6331935e-08	-1.0732588e-09	0	0	79.0	0.8393053	0.0053687757	850000	652.046434879303
85	1000.0	0.0	1000.0	1000.0	0.0	0.0	0.0	0.0	1000.0	0.0	0.0	99.257195	0.0027126013	99.258446	99.18855	1.928614e-06	0.00010190188	0.0009517727	-0.0011266818	-3.8137435e-07	-0.0020176077	-1.071021e-12	7.335702e-08	0.46969458	-0.21320319	1.0608501e-08	-2.5979308e-10	0	0	79.0	0.83693725	0.0028585645	860000	658.1479840278625
86	1000.0	0.0	1000.0	1000.0	0.0	0.0	0.0	0.0	1000.0	0.0	0.0	99.44191	0.0026774385	99.443214	99.37116	1.5894326e-05	0.00010444271	0.0009022467	-0.000656047	8.201599e-09	-0.0016921117	8.8475646e-13	-1.2145641e-07	0.26515597	-0.12389587	1.1294187e-08	-9.326673e-10	0	0	4.0	0.82222307	0.020244192	870000	665.8203518390656
87	1000.0	0.0	1000.0	1000.0	0.0	0.0	0.0	0.0	1000.0	0.0	0.0	99.586365	0.0012387523	99.58697	99.53835	-3.85662e-06	0.00018836996	0.0012886629	-0.0017819575	7.727623e-07	-0.0023563937	1.6298146e-12	9.324588e-08	0.14568269	-0.07005973	4.178648e-08	8.0946606e-08	0	0	79.0	0.82121176	0.004396716	880000	673.9157404899597
88	1000.0	0.0	1000.0	1000.0	0.0	0.0	0.0	0.0	1000.0	0.0	0.0	99.6967	0.0010160955	99.69726	99.67067	-0.0002998049	0.0001612492	0.0008933081	-0.0018654225	-2.374649e-07	-0.0018204263	-9.3132255e-14	1.5648892e-07	0.07827598	-0.038704783	1.0292756e-07	-8.6777e-08	0	0	79.0	0.824107	0.004133013	890000	682.0645081996918
89	966.1	101.7	1000.0	661.0	0.0	0.0	0.0	0.0	966.1	0.0	0.0	99.7804	0.0011389157	99.78092	99.741	-3.3740456e-05	0.00013981461	0.0015684016	-0.0022615124	6.1035155e-09	-0.0011400146	-4.1909515e-13	1.471775e-07	48.8588	-0.29998016	2.1377698e-08	-3.3612313e-09	0	0	5.0	0.83201706	0.016162243	900000	687.7686131000519
90	1000.0	0.0	1000.0	1000.0	0.0	0.0	0.0	0.0	1000.0	0.0	0.0	99.55966	0.001580323	99.560524	99.528694	-1.589023e-05	0.00012032118	0.0008398004	-0.0013914255	-7.3976514e-07	-0.0013805527	-1.2107194e-12	-9.3965795e-08	0.16509114	-0.06870773	1.4775783e-08	-5.891043e-09	0	0	79.0	0.83273566	0.0031788908	910000	696.0325767993927
91	1000.0	0.0	1000.0	1000.0	0.0	0.0	0.0	0.0	1000.0	0.0	0.0	99.658585	0.0017319389	99.65942	99.55607	-4.5980846e-06	8.243055e-05	0.00088299345	-0.00089111086	2.3851393e-07	-0.0011219325	-1.8626451e-13	-4.5658464e-08	0.09923498	-0.053338632	7.1482407e-09	-3.9450754e-10	0	0	79.0	0.80670446	0.0022603606	920000	704.2168340682983
92	1000.0	0.0	1000.0	1000.0	0.0	0.0	0.0	0.0	1000.0	0.0	0.0	99.76296	0.0017057424	99.76384	99.69462	5.144665e-06	0.00010165187	0.0016804035	-0.0015416446	3.4732818e-07	-0.0018039952	-3.0267984e-13	1.27359066e-08	0.047838256	-0.026379064	1.0439951e-08	-4.3376414e-10	0	0	79.0	0.7850124	0.0040829247	930000	712.319039106369
93	897.7273	221.06276	1000.0	338.0	0.0	0.0	0.0	0.0	897.7273	0.0	0.0	99.83793	0.0013787979	99.838715	99.79042	2.985523e-06	0.000117922675	0.0009392692	-0.001039129	-6.1035155e-09	-0.004357257	-1.6298144e-13	1.006364e-08	97.8395	-1.7536163	1.42918815e-08	-9.0511154e-10	0	0	79.0	0.78103864	0.006355681	940000	718.3635592460632
94	1000.0	0.0	1000.0	1000.0	0.0	0.0	0.0	0.0	1000.0	0.0	0.0	99.25501	0.0016015449	99.255905	99.186516	-1.3691996e-05	7.461345e-05	0.0009301354	-0.0007035824	-5.709648e-07	-0.0014851908	6.053597e-13	8.7563016e-08	0.47251454	-0.21146551	7.771504e-09	-5.719363e-10	0	0	79.0	0.79037535	0.0027963074	950000	726.4932572841644
95	1000.0	0.0	1000.0	1000.0	0.0	0.0	0.0	0.0	1000.0	0.0	0.0	99.43727	0.001523302	99.43815	99.37714	-1.0118047e-05	6.591328e-05	0.00062740257	-0.000663242	-2.4843217e-07	-0.00241664	0.0	4.33648e-08	0.26959205	-0.15992251	4.545996e-09	-2.3464874e-10	0	0	79.0	0.7876442	0.005759219	960000	734.5821530818939
96	1000.0	0.0	1000.0	1000.0	0.0	0.0	0.0	0.0	1000.0	0.0	0.0	99.63268	0.0013341965	99.63346	99.590645	2.5505733e-06	7.810141e-05	0.00077748165	-0.0012743915	-2.1209716e-07	-0.0020325014	-9.3132255e-14	-2.9973545e-08	0.1148647	-0.06971944	6.2593286e-09	-2.0396307e-10	0	0	79.0	0.7621347	0.00413236	970000	742.6521275043488
97	1000.0	0.0	1000.0	1000.0	0.0	0.0	0.0	0.0	1000.0	0.0	0.0	99.76415	0.000944013	99.76487	99.7519	5.292716e-07	7.220145e-05	0.00069838087	-0.00055741105	-3.6535263e-07	-0.0007869053	2.6775525e-13	-2.2606914e-08	0.04735333	-0.029450102	5.289847e-09	-1.2536505e-10	0	0	5.0	0.7299222	0.015425331	980000	748.2757880687714
98	1000.0	0.0	1000.0	1000.0	0.0	0.0	0.0	0.0	1000.0	0.0	0.0	99.85142	0.0008904171	99.85202	99.828125	-5.4597457e-08	7.3772455e-05	0.0009374835	-0.0005693679	3.2615663e-08	-0.0029136594	-2.0954758e-13	1.1229422e-10	0.018797223	-0.011969619	5.984002e-09	-2.6635139e-10	0	0	79.0	0.72968096	0.0035145886	990000	756.3363771438599
99	1000.0	0.0	1000.0	1000.0	0.0	0.0	0.0	0.0	1000.0	0.0	0.0	99.90821	0.00066157547	99.90874	99.89717	-7.6781066e-07	6.1625586e-05	0.000576288	-0.000559788	-6.235123e-07	-0.001454693	-2.3283064e-14	1.3787272e-07	0.00717437	-0.004675115	3.8421666e-09	-1.2903434e-10	0	0	3.0	0.6808519	0.01580694	1000000	764.1578686237335
