Epoch	AverageEpRet	StdEpRet	MaxEpRet	MinEpRet	AverageEpCost	StdEpCost	MaxEpCost	MinEpCost	EpLen	CumulativeCost	CostRate	AverageVVals	StdVVals	MaxVVals	MinVVals	AverageCostVVals	StdCostVVals	MaxCostVVals	MinCostVVals	LossPi	DeltaLossPi	SurrCost	DeltaSurrCost	LossV	DeltaLossV	LossVC	DeltaLossVC	Penalty	DeltaPenalty	StopIter	Entropy	KL	TotalEnvInteracts	Time
0	15.397683	9.295667	56.0	5.0	2.2534122	12.038008	117.478645	0.013980998	15.397683	583.78186	0.14594546	-0.0018873677	0.11101607	0.47691992	-0.36393312	0.003109109	0.15049551	0.501857	-0.47375458	4.8972467e-08	-0.072424695	-2.8610229e-08	-0.16516048	163.1325	-21.43077	253.75868	-7.5473633	0.84999996	0.0216313	9.0	0.9189385	0.014898249	4000	2.069491386413574
1	13.631399	6.869876	40.0	5.0	0.41297013	0.63847125	6.572036	0.012709987	13.631399	704.9474	0.08811843	1.1191164	0.121495776	1.8574909	0.40594745	0.76761967	0.43417114	3.079276	-1.3372313	-6.737579e-08	-0.004868296	-1.502037e-08	0.0033497522	89.94929	-37.175877	1.0208796	-0.25850475	0.87163126	-0.011755288	10.0	0.9161097	0.015716083	8000	4.724440574645996
2	17.427948	8.419167	48.0	5.0	0.3640908	0.44530177	3.1882434	0.02935722	17.427948	788.4858	0.06570715	4.266006	0.274924	5.089974	3.3495371	0.73170435	0.18325657	1.6190069	-0.2262125	5.816911e-09	-0.0033105295	-2.3186207e-08	0.0015262567	86.71626	-35.70994	0.43669978	-0.17760134	0.859876	-0.015857518	12.0	0.91382104	0.013163135	12000	7.121310234069824
3	18.686916	8.1326685	53.0	7.0	0.33131394	0.65611464	7.791128	0.01110487	18.686916	859.3893	0.05371183	8.559564	0.9237828	10.649135	5.120673	0.5362599	0.0925959	1.079667	0.030127779	-3.8648538e-09	-0.0051572644	3.1292438e-10	0.003430931	54.70382	-5.620289	0.5285857	-0.044937998	0.84401846	-0.01755321	14.0	0.9111825	0.012949106	16000	9.478393793106079
4	22.97701	10.801743	69.0	7.0	0.52608657	1.0655718	11.281099	0.0042573623	22.97701	950.93	0.0475465	10.57778	1.6209817	13.855048	3.458972	0.43919605	0.08643343	0.7547045	-0.03480915	-5.560449e-09	-0.006260797	-1.3262034e-09	0.0012063943	85.47829	-7.120102	1.154721	-0.022064686	0.82646525	-0.022527874	79.0	0.90749246	0.0046819374	20000	12.795938968658447
5	25.414013	10.786902	84.0	10.0	0.44376048	0.8656969	7.7837195	0.008233306	25.414013	1020.6068	0.042525284	12.821211	1.2970797	15.358651	7.690788	0.46143973	0.082010016	0.7345928	0.17315465	7.5119475e-09	-0.0057758987	5.289912e-09	0.0012357861	84.58214	-3.889824	0.60675097	-0.018117785	0.8039374	-0.02382809	79.0	0.8972227	0.0047674887	24000	15.529476165771484
6	29.227942	11.43779	77.0	9.0	0.57357556	0.7429673	4.3258405	0.012309734	29.227942	1098.8029	0.03924296	13.8539	2.4571495	17.339672	1.6546333	0.4403172	0.14462079	0.9175581	-0.036745705	3.4238262e-10	-0.003890803	2.9206275e-09	0.0013699805	96.76748	-5.6857376	0.382728	-0.016414732	0.7801093	-0.022702515	79.0	0.8935615	0.0038344369	28000	18.089071035385132
7	29.984962	11.676714	75.0	9.0	0.7075739	0.74659574	4.1484127	0.022415087	29.984962	1193.0671	0.03728335	15.360682	3.3035197	18.545292	-4.9528556	0.45201844	0.032995295	0.5456895	0.34148377	6.622476e-10	-0.0048029856	-3.8146974e-09	0.005923686	98.36602	-3.3288803	0.41711682	-0.062051356	0.7574068	-0.0272457	79.0	0.87370205	0.0047446205	32000	20.719048261642456
8	34.08547	13.226219	103.0	16.0	0.9974233	1.0427339	5.3876495	0.02062151	34.08547	1309.8087	0.036383577	15.55093	3.6039815	18.49798	-7.5057545	0.5376871	0.19148652	1.2404099	-0.27879238	1.0881941e-08	-0.0029591254	4.887581e-09	0.0012409567	118.21098	-5.9104385	0.6415729	-0.03300923	0.7301611	-0.023067296	79.0	0.8883509	0.0031780489	36000	23.319858074188232
9	37.252335	13.062104	78.0	13.0	0.93632036	0.7520904	3.8751109	0.04070758	37.252335	1410.005	0.035250124	17.359224	3.9384127	19.802052	-7.0658755	0.66159785	0.18390845	1.2691926	0.0189973	8.79632e-09	-0.0050397306	-5.9604643e-10	0.0046994435	112.945885	-2.8911285	0.3267439	-0.009441406	0.7070938	-0.026008487	79.0	0.8871437	0.005304313	40000	25.881872415542603
10	38.0	13.318087	85.0	16.0	1.1764009	0.88868946	5.8982453	0.07341241	38.0	1533.6128	0.034854837	18.973742	4.1108103	20.771769	-13.865906	0.6430897	0.11173902	1.020961	0.17569903	2.4984035e-09	-0.0025217375	-8.3446505e-10	0.0047046803	126.61006	-1.518158	0.5007979	-0.0394679	0.6810853	-0.024035454	79.0	0.9036102	0.003546464	44000	28.579534769058228
11	39.79	10.262841	71.0	21.0	1.4744086	0.8555897	4.0910983	0.23596627	39.79	1681.0983	0.03502288	18.873468	3.5807204	20.290447	-10.833869	0.8094882	0.11723799	1.1546165	0.38516033	5.023792e-10	-0.002636212	-5.990267e-09	0.005982635	108.95067	-0.70697784	0.4682407	-0.049259394	0.65704983	-0.023388863	79.0	0.9161395	0.00394964	48000	31.226165294647217
12	44.988636	14.143336	103.0	26.0	2.0412536	1.1257583	7.925094	0.3285979	44.988636	1863.5753	0.035837986	18.652328	3.89531	20.123367	-13.040499	1.0304204	0.13776276	1.4103426	0.52708066	-8.251468e-09	-0.0014114032	4.5001505e-09	-0.0055199154	152.9574	-7.7023773	0.86444956	-0.13054174	0.633661	-0.00952363	79.0	0.93421435	0.002324073	52000	32.66756987571716
13	41.65263	11.628249	89.0	16.0	1.5088065	0.9093079	4.6268907	0.043522898	41.65263	2007.3905	0.03584626	21.373287	3.4789348	22.412703	-12.319625	1.3667973	0.17629044	1.8954875	0.75072604	5.7760845e-09	-0.0017636889	-1.013279e-09	0.0023263406	128.02455	-2.798523	0.57636124	-0.104281336	0.62413734	-0.016693473	79.0	0.93563104	0.0022299944	56000	35.196622133255005
14	43.53846	11.165398	81.0	26.0	1.7262716	0.9578919	4.757277	0.25413966	43.53846	2164.5774	0.03607629	19.51069	4.6973057	21.062439	-16.4167	1.0781335	0.101647004	1.3147036	0.7069599	1.3259313e-08	-0.001853616	2.2649764e-09	0.003744102	122.34247	-1.3227081	0.540855	-0.029570937	0.60744387	-0.017945945	79.0	0.920475	0.0031247446	60000	37.73296928405762
15	44.651684	11.917414	90.0	27.0	1.8545247	0.8642058	4.1262774	0.1874308	44.651684	2330.6614	0.036416583	20.488739	3.6628134	21.64516	-9.369145	1.2001731	0.18747264	1.7390898	0.6187291	1.37728415e-08	-0.0014141245	2.3543836e-09	0.005035543	129.95235	-0.88479614	0.49640143	-0.008844882	0.5894979	-0.017236888	79.0	0.92171586	0.0031865712	64000	40.237106800079346
16	47.035713	10.9896555	84.0	29.0	2.010713	0.9253136	4.772375	0.5641665	47.035713	2499.7576	0.036761142	20.905785	3.7527864	21.99678	-14.142294	1.2675565	0.123700894	1.5946544	0.7930613	1.4011599e-08	-0.0013907043	-8.165836e-09	-0.0017836693	135.45123	-1.3255463	0.54633516	-0.014659286	0.57226104	-0.009033263	79.0	0.94107914	0.0019997612	68000	42.77519774436951
17	49.7625	12.138002	96.0	29.0	1.9547777	0.8533654	5.372374	0.4487273	49.7625	2656.155	0.036891043	21.538986	3.9545233	22.70533	-14.870594	1.3748667	0.07837939	1.5764842	0.948681	1.43769325e-08	-0.0008431436	4.7683715e-09	0.0024956416	146.2905	-2.3883514	0.4621928	-0.005805105	0.5632278	-0.011232793	79.0	0.95464885	0.0020217942	72000	45.34915614128113
18	53.931507	12.597379	92.0	35.0	2.0337229	0.911721	4.961783	0.8673923	53.931507	2806.6494	0.036929596	21.872782	5.374908	23.717596	-12.289009	1.3302791	0.10684052	1.6231622	0.8505943	4.00951e-09	-0.0022413754	-2.9802323e-09	0.00029178505	153.65971	-6.3378143	0.47843066	-0.0009455979	0.551995	-0.01142329	79.0	0.9615259	0.003290438	76000	47.89470458030701
19	54.342464	15.247025	122.0	35.0	2.0199711	0.6225357	3.5753722	0.6613018	54.342464	2954.6755	0.036933444	24.232498	4.3735185	25.633635	-5.493588	1.3319125	0.11444092	1.6558686	0.8270051	7.0059762e-09	-0.0013190283	-2.0861626e-09	0.0013631703	174.40443	-1.3551636	0.2911002	-0.0023687482	0.5405717	-0.010114491	79.0	0.95756835	0.0016269811	80000	50.40659499168396
20	52.30263	12.75995	114.0	36.0	2.278982	0.7929301	4.8722887	0.7807324	52.30263	3127.9429	0.037237417	23.872814	5.7882037	26.043137	-9.509492	1.3459234	0.080332115	1.5580277	0.9585744	-2.6242846e-09	-0.0012180805	-1.7285346e-09	0.0014691459	144.9044	-1.3606262	0.46838114	-0.025835872	0.5304572	-0.00942415	79.0	0.9576695	0.00229553	84000	53.01894021034241
21	54.04054	13.974339	124.0	34.0	2.2548754	0.7771158	4.3017464	0.60287386	54.04054	3294.8057	0.037440974	23.965605	4.997823	25.714924	-3.8662853	1.4974743	0.072506554	1.6545895	1.1252782	5.1973466e-09	-0.0009849411	-1.758337e-09	0.002917248	162.33719	-0.59262085	0.42645353	-0.0032101274	0.52103305	-0.009372592	79.0	0.94214827	0.0017358765	88000	55.496785163879395
22	56.070423	11.011293	88.0	36.0	2.3543375	0.68814355	4.357971	1.0761365	56.070423	3462.0315	0.037630778	25.040234	3.6026247	25.910759	-2.283878	1.4839046	0.09641748	1.720612	0.94519997	-5.193241e-09	-0.00051595573	2.1308662e-09	0.0014269927	166.22794	-0.73983765	0.33633584	-0.017136753	0.51166046	-0.0066274405	79.0	0.94917226	0.001107366	92000	58.09285497665405
23	56.728573	12.424539	97.0	36.0	2.5678341	0.8412939	5.921016	0.9467037	56.728573	3641.8242	0.03793567	23.877754	4.5887904	25.37686	-0.39202493	1.6129158	0.18439656	2.1220129	0.7924986	5.1729505e-09	-0.0015844452	-7.4803825e-09	-0.0006210969	161.69362	-1.7150574	0.47219464	-0.013814509	0.505033	-0.0039305687	79.0	0.94536555	0.0028482834	96000	60.5865204334259
24	60.015152	13.296721	91.0	38.0	2.3521392	0.7643055	4.573372	0.9054495	60.015152	3797.5623	0.037975624	24.302654	5.70415	26.532022	-2.9767945	1.72081	0.114104055	1.9956982	1.1382668	7.704432e-09	-0.0018743838	1.6689301e-09	0.0039884713	161.84055	-5.5787354	0.41760713	-0.03567061	0.50110245	-0.00963521	79.0	0.9491235	0.0032549796	100000	61.961164236068726
25	58.764706	12.794895	102.0	37.0	2.9186046	0.95587456	6.2095466	1.145325	58.764706	3996.032	0.038423385	26.659075	5.730448	28.642221	-2.9550068	1.5229081	0.09891931	1.7280955	0.9947043	4.210245e-09	-0.0024982954	-4.2021275e-09	-0.004716075	168.92188	-1.702713	0.7868989	-0.16646057	0.49146724	0.0031350255	79.0	0.9490806	0.0031357408	104000	64.49460458755493
26	58.794117	12.605506	95.0	37.0	2.7394059	1.0222095	6.236934	1.197845	58.794117	4182.321	0.038725194	25.431246	5.6313353	27.533901	-0.47611597	1.9104384	0.07371899	2.014053	1.3941716	-9.121743e-09	-0.0010677882	-2.9802323e-09	-0.0042921477	160.38795	-0.6015167	0.6771438	-0.020109296	0.49460226	0.0063310266	79.0	0.9396587	0.0065961294	108000	67.04763507843018
27	58.382355	15.194842	118.0	35.0	2.556363	0.7731961	4.3455973	0.8068067	58.382355	4356.46	0.038896963	24.498043	6.8602233	27.716673	0.35081404	1.7952588	0.083636634	1.9052795	1.1120174	1.3342842e-08	-0.0031901274	-4.768372e-10	0.0026810912	150.95741	-11.884216	0.46489066	-0.022395432	0.5009333	-0.005274862	79.0	0.91932946	0.0042024716	112000	69.55356287956238
28	61.546875	16.001884	121.0	41.0	2.420552	0.7338172	5.1074924	1.0265948	61.546875	4511.565	0.0388928	26.722694	6.17941	29.425587	0.73221993	1.6507685	0.093503565	1.7726119	0.98862034	1.5946696e-09	-0.00386037	-1.9222497e-09	0.0025718291	175.56552	-25.797363	0.4075923	-0.013275355	0.49565843	-0.007794827	79.0	0.93550324	0.004085637	116000	72.10865879058838
29	64.145164	15.08882	103.0	41.0	2.8367965	1.0217959	5.489757	1.0064528	64.145164	4687.509	0.039062575	27.008244	5.653428	30.38655	2.4173133	1.553476	0.078491464	1.6332957	1.0384804	-9.540151e-09	-0.0027017056	3.1590461e-09	-0.0021012067	149.32762	-84.73211	0.7232476	-0.07581097	0.4878636	0.002231419	79.0	0.949923	0.0030600787	120000	74.66591668128967
30	64.048386	19.636559	137.0	42.0	2.9634764	0.9972694	5.287542	1.071004	64.048386	4871.349	0.039285075	25.075844	10.68679	33.732643	-0.022823572	1.7944331	0.12847213	2.0019567	1.0449612	-6.03595e-09	-0.005394695	8.404255e-09	0.001743026	88.06344	-21.823639	0.7115742	-0.009657562	0.49009502	-0.004918933	79.0	0.9506326	0.008238157	124000	77.3423821926117
31	67.05085	15.662135	132.0	47.0	3.1153643	0.8735187	5.285109	1.4163251	67.05085	5055.4824	0.039495956	26.248148	11.997608	37.048515	1.1465257	1.851926	0.1179415	2.0307686	1.0041782	1.863646e-09	-0.004122775	2.2649764e-09	9.917206e-05	53.361607	-10.353699	0.58117324	-0.023303092	0.4851761	-0.00043466687	79.0	0.9836272	0.0038283926	128000	79.90658211708069
32	70.32143	18.369333	129.0	43.0	3.0827918	0.9054065	5.1376653	1.4525743	70.32143	5228.5317	0.039610088	27.593348	12.569453	39.03745	0.79164267	1.9726146	0.13669786	2.1169662	1.0328804	2.5964967e-08	-0.004924366	2.8014182e-09	0.0010208364	57.728184	-9.362457	0.61386615	-0.01249373	0.48474142	-0.0016549826	79.0	0.9745067	0.0062632514	132000	82.48182988166809
33	70.78571	13.201345	106.0	54.0	3.1294441	0.86758256	5.0658765	1.6516004	70.78571	5403.88	0.039734412	28.224073	13.116746	41.04037	0.8695361	1.8962717	0.12029363	2.0286126	1.1489674	4.080306e-09	-0.0037414995	1.6689301e-09	0.003544974	33.567307	-4.678486	0.52901363	-0.010595441	0.48308644	-0.0028738081	79.0	0.97656846	0.005766075	136000	85.04878115653992
34	77.37255	20.684332	150.0	55.0	3.2327466	0.97342855	5.4414234	1.0222986	77.37255	5569.266	0.03978047	29.163136	13.589851	42.323467	0.22596285	1.9586687	0.15305427	2.0890532	0.8729081	9.886391e-09	-0.005728763	-8.046627e-10	0.0003171922	59.775566	-9.748432	0.6834655	-0.0061354637	0.48021263	-0.0006634593	79.0	0.98434067	0.0070108497	140000	87.57679295539856
35	85.67391	25.348917	218.0	52.0	3.1327329	0.9332431	4.955176	1.2928715	85.67391	5714.318	0.039682765	31.442703	14.101621	44.523323	0.13260883	1.9269544	0.13545255	2.0352333	0.9112285	8.827625e-10	-0.0025046978	9.834766e-10	0.0039733415	78.425186	-13.165291	0.6300257	-0.018226385	0.47954917	0.008982241	6.0	0.9754261	0.013420607	144000	89.80935883522034
36	82.833336	16.256195	135.0	58.0	3.5838156	0.83585536	5.3020105	1.5929203	82.833336	5886.482	0.039773528	31.67031	15.180058	46.984295	0.709322	1.8034381	0.132575	1.9239578	0.8141847	1.7311805e-08	-0.002867515	3.4570693e-09	0.006543443	34.456547	-3.9266586	0.6430133	-0.115062	0.4885314	0.010376811	5.0	0.9753654	0.016942661	148000	92.00512194633484
37	92.25581	22.84436	156.0	63.0	4.3897724	1.1999403	6.59724	1.6045967	92.25581	6075.2603	0.03996882	32.600777	15.583446	48.13124	0.73011065	2.1284134	0.18238495	2.2902043	0.9834722	-1.5179584e-08	-0.0018243503	-1.1622906e-09	0.005500701	58.768135	-12.098228	1.2272043	-0.13656545	0.49890822	0.012129068	5.0	0.97460866	0.01645551	152000	93.02878189086914
38	96.92683	23.05496	141.0	62.0	4.8437853	1.6079991	9.060645	2.6775634	96.92683	6273.942	0.040217575	34.559288	16.079416	50.3976	1.265625	2.488646	0.1822762	2.636745	1.3674976	9.678592e-09	-0.0016881917	1.2755394e-08	0.008610083	50.131718	-9.152485	1.534629	-0.03306675	0.5110373	0.013681233	6.0	0.974018	0.013878071	156000	95.2642560005188
39	104.73684	29.538277	188.0	63.0	5.304562	1.5500938	8.485436	2.0771248	104.73684	6475.5513	0.040472195	36.56385	16.715225	52.489525	0.69772947	2.6424458	0.20220286	2.8146236	1.553498	-4.242779e-09	-0.0036268511	-3.695488e-09	0.0039843996	67.86073	-12.686569	1.6979014	-0.047115922	0.5247185	0.015293479	6.0	0.97360975	0.011544579	160000	97.49412965774536
40	111.02778	18.991936	157.0	77.0	5.500449	1.6578156	10.170503	2.8731837	111.02778	6673.5786	0.040692553	38.053802	17.246674	54.76825	1.1566713	2.84359	0.18318316	3.0311916	1.7717637	2.3436048e-08	-0.0021127046	-7.1525574e-10	0.008685041	42.813873	-7.5545464	1.5378779	-0.055006146	0.540012	0.016915858	5.0	0.97257006	0.015297531	164000	99.84662866592407
41	110.361115	20.795502	172.0	76.0	6.6496344	2.07064	11.833653	2.9146605	110.361115	6913.0903	0.041149348	38.179012	18.061941	56.416573	0.6837633	2.9231381	0.27467474	3.423249	1.589366	1.8797566e-08	-0.0025981604	5.2452087e-09	0.0045350166	38.10757	-5.731453	2.9243486	-0.47520256	0.55692786	0.01837194	5.0	0.9716202	0.017961435	168000	102.08781909942627
42	120.969696	28.899496	231.0	85.0	7.5522842	2.4574516	13.757984	3.044282	120.969696	7162.3623	0.04164164	40.006443	18.136343	57.782116	0.7631848	3.5891387	0.23517737	3.9148962	2.0023925	-6.528197e-09	-0.011004952	5.662441e-10	-0.00998185	57.45257	-12.194313	3.5456402	-0.2075212	0.5752998	0.014118791	51.0	0.9710741	0.0125145875	172000	104.5135760307312
43	144.77777	37.073833	235.0	96.0	6.036913	1.6947824	9.566392	3.4530957	144.77777	7325.5635	0.04162252	44.348885	17.754963	59.943928	1.2290022	3.937432	0.3367603	4.6912117	1.9452028	-2.5285467e-09	-0.008296767	1.704693e-08	-0.0015204699	93.16634	-23.922562	3.177977	-1.3321534	0.5894186	0.009489536	79.0	0.954641	0.009090672	176000	106.99278402328491
44	156.24	26.324558	201.0	105.0	5.061548	1.2659881	8.403401	2.934282	156.24	7452.3276	0.04140182	47.390877	18.494946	63.00346	1.445706	2.8105686	0.19609474	3.3145208	1.6611412	-1.1136642e-08	-0.0067769773	1.3262033e-08	-0.0023422912	70.06945	-17.678139	1.2641832	-0.27194524	0.5989081	0.010725379	79.0	0.9540882	0.0070919264	180000	109.51672339439392
45	185.4762	57.182766	306.0	108.0	4.1313753	1.1490843	6.596544	2.4656365	185.4762	7539.266	0.04097427	50.592026	18.707054	65.41102	1.64693	2.289052	0.1534803	2.7594988	1.2869334	-1.7865045e-08	-0.008816773	4.6491624e-09	-0.0010330885	132.30278	-36.600296	1.2830461	-0.45580006	0.6096335	0.006378591	79.0	0.9543774	0.008365982	184000	112.04837822914124
46	277.84616	87.8809	411.0	169.0	3.2621179	1.2210393	5.614509	1.6488427	277.84616	7582.1665	0.040330674	57.413536	18.051744	68.80506	0.8087161	1.6428293	0.100595385	1.9802325	0.59882146	3.8272248e-09	-0.004316871	-7.763505e-09	0.0023074502	257.83295	-88.6868	1.0733701	-0.5442362	0.6160121	0.019676864	6.0	0.9638941	0.014653263	188000	114.28094005584717
47	300.69232	81.99004	537.0	190.0	3.315742	0.75714004	4.481416	1.7360864	300.69232	7625.513	0.039716214	60.350304	19.746809	73.42473	1.7846513	0.87318707	0.17456754	1.3856921	0.23495391	-3.1947526e-08	-0.0048730494	-1.1920929e-09	-0.00070193317	163.90056	-50.63733	0.45962867	-0.07430753	0.63568896	0.019898474	3.0	0.9635361	0.025082912	192000	116.49516487121582
48	292.23077	115.870056	662.0	156.0	5.121404	1.9304192	8.7338705	1.3668028	292.23077	7697.137	0.03927111	61.433727	22.02431	76.64385	1.5346632	0.8931434	0.1449453	1.0704634	-0.09147668	-2.364982e-08	-0.0048878477	-6.8098305e-09	0.005333118	117.807144	-28.642464	1.6404973	-0.76024014	0.65558743	0.020724356	3.0	0.96344054	0.04223546	196000	118.72002339363098
49	494.0	192.56094	737.0	243.0	3.9388697	1.6802104	6.9958596	2.2826345	494.0	7726.4136	0.03863207	69.09621	19.115482	78.92196	0.79736495	0.86132276	0.4379338	1.5044003	-1.1156697	-1.1668713e-08	-0.0050039287	-1.4901162e-11	-0.0002361232	213.0119	-69.78824	1.300477	-0.6872071	0.6763118	0.020610511	4.0	0.96415395	0.028990047	200000	120.96043252944946
50	761.0	204.72029	1000.0	535.0	3.075039	1.8945354	4.8542075	0.7061986	761.0	7742.0845	0.037951395	75.89839	14.584587	82.269356	2.2344122	0.6062634	0.18081419	0.9270233	-1.291364	-3.8478145e-08	-0.0065504047	5.00679e-09	-0.0025598756	242.63596	-112.48457	0.3622262	-0.2201428	0.6969223	0.02009195	4.0	0.9652761	0.019692715	204000	123.29230666160583
51	1000.0	0.0	1000.0	1000.0	0.60914564	0.1934257	0.9089954	0.36845416	1000.0	7744.521	0.037233274	85.6666	0.08295657	85.70487	83.92297	0.33159205	0.09583286	0.65915364	0.061834414	1.4792549e-07	-0.0020008124	-3.553927e-09	-3.208165e-05	174.93777	-70.03874	0.07566169	-0.064603984	0.71701425	0.013170481	79.0	0.96627724	0.0041199685	208000	124.76769638061523
52	1000.0	0.0	1000.0	1000.0	0.56189597	0.1373448	0.74817264	0.36121875	1000.0	7746.7686	0.03654136	88.7555	0.025716323	88.772675	88.45914	0.058799755	0.06825975	0.2926806	-0.16760725	-2.5136978e-07	-0.000832623	9.23872e-10	5.266559e-05	107.65375	-41.496025	0.0063905288	-0.0013162936	0.73018473	0.012400329	79.0	0.9366273	0.0041504717	212000	127.28938841819763
53	1000.0	0.0	1000.0	1000.0	0.54026604	0.1949664	0.7412798	0.27606502	1000.0	7748.9297	0.035874676	91.06979	0.024072818	91.0804	90.548386	0.09717349	0.05651954	0.29163375	-0.11444909	-2.9519921e-07	-0.0012939121	1.4156103e-09	-0.00012731324	67.89178	-25.631912	0.0074371807	-0.0032053776	0.74258506	0.011756599	7.0	0.93696845	0.015048227	216000	129.5491442680359
54	1000.0	0.0	1000.0	1000.0	0.47279418	0.11306968	0.5649665	0.2856534	1000.0	7750.821	0.035231005	92.85366	0.0331723	92.87202	91.89502	-0.031910863	0.04453501	0.10329467	-0.19872424	-7.207799e-08	-0.001106388	-4.3213366e-10	-4.0842593e-07	43.481388	-16.430119	0.0071100327	-0.0042051533	0.75434166	0.009095252	7.0	0.93639666	0.013785882	220000	131.79228830337524
55	1000.0	0.0	1000.0	1000.0	0.35266566	0.03555981	0.4096499	0.31290013	1000.0	7752.2314	0.034608178	94.296295	0.011593848	94.3047	94.10838	0.056224123	0.03868459	0.17461401	-0.06842169	-1.9178582e-07	-0.0009841404	1.4901161e-10	7.115421e-05	27.694534	-10.571749	0.0028311124	-0.0012223513	0.7634369	0.004098177	79.0	0.93594027	0.0052717226	224000	134.30926823616028
56	1000.0	0.0	1000.0	1000.0	0.4954939	0.17387766	0.74385417	0.32417125	1000.0	7754.2134	0.034009706	95.45187	0.028869636	95.462975	94.85384	0.0813553	0.04077957	0.21136849	-0.040674966	-1.8609313e-07	-0.0007042982	1.192093e-10	-0.00019767633	17.614733	-6.8501654	0.0037053758	-0.0018227125	0.7675351	0.0030021667	79.0	0.94161594	0.0044438634	228000	136.83100724220276
57	1000.0	0.0	1000.0	1000.0	0.36293867	0.03266071	0.40726247	0.31980163	1000.0	7755.6655	0.033429593	96.39764	0.01747547	96.406586	96.148575	0.0053371275	0.042716514	0.1464788	-0.12825339	-2.3059934e-07	-0.0022205063	1.6391277e-10	-1.5912778e-05	11.02031	-4.3756824	0.0024907766	-0.0006498983	0.77053726	-0.0014824867	79.0	0.9454882	0.0023745908	232000	139.3843548297882
58	1000.0	0.0	1000.0	1000.0	0.29310387	0.045768667	0.34689125	0.2424254	1000.0	7756.838	0.032867957	97.16563	0.0077653173	97.17243	97.05964	0.008211782	0.026764596	0.092733145	-0.06996344	5.3085614e-07	-0.0021792406	-2.2351742e-11	0.00014294173	6.8352523	-2.7851787	0.0010926728	-0.00021630776	0.7690548	-0.0062246323	79.0	0.93434316	0.004371605	236000	141.9228925704956
59	1000.0	0.0	1000.0	1000.0	0.27079242	0.03948177	0.32114744	0.21366179	1000.0	7757.921	0.03232467	97.78939	0.003172464	97.79321	97.75513	0.04321247	0.022497738	0.10486839	-0.023528853	-1.6783578e-07	-0.00076880114	1.7136335e-10	-0.00013626915	4.160116	-1.7430022	0.001324822	-0.00064868154	0.76283014	-0.0035862327	79.0	0.93183637	0.0041446523	240000	144.54745364189148
