Epoch	AverageEpRet	StdEpRet	MaxEpRet	MinEpRet	AverageEpCost	StdEpCost	MaxEpCost	MinEpCost	EpLen	CumulativeCost	CostRate	AverageVVals	StdVVals	MaxVVals	MinVVals	AverageCostVVals	StdCostVVals	MaxCostVVals	MinCostVVals	LossPi	DeltaLossPi	SurrCost	DeltaSurrCost	LossV	DeltaLossV	LossVC	DeltaLossVC	Penalty	DeltaPenalty	StopIter	Entropy	KL	TotalEnvInteracts	Time
0	15.6705885	9.923695	59.0	5.0	9.549956	11.711434	108.27862	1.8486913	15.6705885	2436.4446	0.60911113	-0.00044487143	0.11292681	0.39256614	-0.44536194	0.005889313	0.15118185	0.52309877	-0.4804954	-1.988411e-07	-0.019157754	-6.2942505e-08	0.058618005	177.02994	-20.99797	235.90794	-18.748978	0	0	5.0	0.9189385	0.017540367	4000	3.8882408142089844
1	18.938389	10.10565	58.0	6.0	10.022572	12.050632	149.38173	2.6958947	18.938389	4554.0034	0.5692504	0.95148295	0.6730756	3.8897088	-2.0303137	0.7589413	0.7338451	3.9832363	-2.7142751	-7.939339e-08	-0.017519744	-9.298324e-08	0.082654454	180.62997	-63.178734	202.25352	-26.794464	0	0	7.0	0.91719055	0.017155575	8000	7.446197748184204
2	26.039215	15.463168	98.0	5.0	16.160683	18.4859	101.41504	1.6869501	26.039215	7031.6245	0.58596873	4.5128026	0.9412395	6.8684936	0.7907446	3.1393468	1.84502	8.190938	-4.4610653	-6.341934e-08	-0.02084474	2.3651123e-07	0.12759976	251.32593	-98.714325	343.11447	-91.461685	0	0	8.0	0.9148654	0.01652453	12000	11.095691204071045
3	36.95283	19.622082	98.0	7.0	32.639595	35.82417	184.12607	2.225485	36.95283	10514.493	0.6571558	10.39775	0.72008866	12.182091	6.9757257	9.076743	1.7513155	12.955952	0.51867145	-8.9496375e-08	-0.026675805	-4.835129e-07	0.10149847	294.27957	-79.258224	944.0589	-206.07867	0	0	8.0	0.91234547	0.016557958	16000	15.221953392028809
4	41.103092	18.922241	97.0	9.0	38.54954	37.787342	188.02997	2.841991	41.103092	14255.262	0.7127631	15.412843	0.35939553	16.008709	13.587129	16.551105	0.17629679	17.03029	15.226412	5.3882598e-08	-0.019000093	3.643036e-07	0.15641126	209.9092	-25.81842	895.6845	-82.69574	0	0	9.0	0.9101223	0.01501416	20000	19.342339754104614
5	52.61842	16.105707	99.0	15.0	49.827267	34.54045	147.03802	4.220996	52.61842	18042.799	0.7517833	17.974102	1.0953904	19.697872	8.324151	20.257483	0.41172656	20.995619	17.667856	7.152557e-09	-0.02076084	6.370544e-07	0.07351694	223.66661	-30.304611	705.65857	-55.927002	0	0	8.0	0.9079199	0.014834995	24000	24.06919503211975
6	66.566666	23.559406	141.0	13.0	55.169086	46.03826	223.48146	5.2507014	66.566666	21354.787	0.762671	19.787214	2.8481226	21.941227	5.2764187	22.955729	0.33250073	23.6014	20.380995	-4.220009e-08	-0.017002946	-1.4019012e-07	0.23306869	349.2353	-53.728973	939.2333	-20.054016	0	0	79.0	0.90604025	0.004408787	28000	28.627732038497925
7	62.390625	30.46546	156.0	11.0	45.298737	23.24693	120.91366	5.4426727	62.390625	24255.566	0.7579864	21.82986	4.5050507	24.599667	-2.4726622	24.51359	0.43400124	25.189566	20.961525	-3.683567e-08	-0.008637233	-5.4359436e-08	0.23610666	354.19608	-30.623688	284.12643	-1.8734436	0	0	10.0	0.9016051	0.01263666	32000	32.70502543449402
8	78.8	35.043404	165.0	30.0	47.92657	26.507305	168.63844	11.118031	78.8	26678.828	0.74107856	24.837217	3.3751998	26.58372	-3.9309661	25.028696	0.19127835	25.4529	23.874645	2.515316e-08	-0.010201978	-1.5640259e-07	0.113212235	459.63126	-42.816376	287.71756	-0.8943176	0	0	79.0	0.90006906	0.0032915832	36000	36.79918456077576
9	102.552635	42.974106	198.0	41.0	57.640553	36.233673	172.48889	21.636484	102.552635	28889.51	0.72223777	27.080074	3.7347887	28.826912	-3.113221	24.7349	0.43031678	25.388664	21.528862	3.194809e-08	-0.0068889493	9.536744e-10	0.1557298	644.42975	-74.78314	457.26184	-1.168457	0	0	8.0	0.89616376	0.013383743	40000	40.56259036064148
10	126.333336	47.2732	232.0	51.0	73.72034	38.420387	194.69643	29.287024	126.333336	31162.709	0.70824337	30.60212	3.020645	31.633017	-8.463874	24.505644	0.5463641	25.239716	18.384083	-1.2993812e-08	-0.016600626	-9.10759e-08	0.18504249	805.9846	-95.31616	456.69705	-6.571289	0	0	79.0	0.89537764	0.004711734	44000	44.72903633117676
11	222.11111	111.61784	558.0	111.0	81.84791	45.2432	205.85832	22.522322	222.11111	32638.258	0.6799637	33.769333	2.370663	34.55986	7.9257746	25.411583	0.45234162	26.022776	22.008068	2.0086766e-08	-0.019886525	3.671646e-08	0.15991907	1519.2753	-203.78174	352.5594	-13.980164	0	0	79.0	0.89084184	0.0055099432	48000	48.727394104003906
12	329.83334	177.44147	785.0	143.0	76.52132	24.963594	111.83872	40.39321	329.83334	33579.246	0.64575475	37.909946	1.4493297	38.25106	9.282805	23.701145	2.746106	25.352104	-6.147297	1.7553567e-08	-0.008716854	-1.502037e-07	0.03825169	1876.0477	-232.31543	187.22119	-38.213196	0	0	8.0	0.8895115	0.011980025	52000	53.04442000389099
13	443.44446	226.48871	1000.0	190.0	97.40522	26.077232	163.02538	71.72082	443.44446	34459.7	0.6153518	39.387318	6.778556	41.715515	-22.020815	20.502312	4.6933274	23.617884	-15.84315	-1.45435335e-08	-0.012056663	6.484986e-08	0.05081463	2158.2349	-342.36877	228.741	-29.202835	0	0	79.0	0.8879172	0.0050652246	56000	57.23116898536682
14	898.5	175.80316	1000.0	594.0	90.19758	29.44712	137.36296	60.108166	898.5	34928.027	0.58213377	44.755203	0.2554837	44.838955	40.077484	19.61588	1.8504252	21.741	3.8424249	-2.2125244e-07	-0.0036713996	-3.8146974e-09	-0.0207925	2449.895	-293.23608	178.41881	-56.58081	0	0	13.0	0.8754411	0.012580079	60000	61.99575877189636
15	809.25	330.3887	1000.0	237.0	109.096245	13.471135	123.818344	92.34928	809.25	35464.242	0.55412877	47.987564	0.09349039	48.01801	45.401703	14.476123	3.0457344	19.24746	0.44241267	2.6798247e-07	-0.0035058064	4.7683715e-09	0.022925116	2190.7146	-232.229	82.2425	-14.398224	0	0	11.0	0.87487555	0.013643263	64000	65.98029899597168
16	229.6875	153.36098	543.0	74.0	120.34831	41.439606	162.07605	50.989567	229.6875	37556.98	0.55230856	50.690113	0.010683363	50.69678	50.535362	11.255816	2.0538733	15.050325	4.3249288	-3.0338764e-08	-0.038655497	-1.142025e-07	0.012005273	1051.061	-34.83264	902.737	-293.16376	0	0	3.0	0.8748578	0.029724512	68000	70.43438363075256
17	741.0	334.03235	1000.0	187.0	122.99249	14.664816	151.59665	111.78139	741.0	38209.48	0.5306872	51.78782	0.04994198	51.807102	50.930225	20.666445	1.1381161	22.275513	13.117291	-7.802248e-08	-0.0025385197	4.9591065e-08	-0.062058985	1788.3025	-158.32532	174.5151	-28.345184	0	0	4.0	0.87330776	0.01681909	72000	74.42325830459595
18	887.25	195.28873	1000.0	549.0	89.43514	13.892228	103.886055	75.22378	887.25	38620.62	0.5081661	53.869686	0.04257834	53.893803	53.311787	17.978493	3.0756931	21.366861	-1.5663574	3.8087368e-08	-0.004049629	-1.1825561e-07	0.0017477341	1708.1936	-162.34827	144.93791	-54.969093	0	0	30.0	0.8717008	0.0124775395	76000	78.31255578994751
19	1000.0	0.0	1000.0	1000.0	84.60986	12.149867	102.09198	67.77323	1000.0	38959.06	0.48698825	56.014805	0.011842477	56.02355	55.845787	14.816084	2.2742336	18.686775	3.344623	2.813339e-07	-0.0015042489	3.1232833e-08	-0.00092249515	1646.971	-159.85278	68.41909	-36.952324	0	0	79.0	0.87014693	0.0033772385	80000	82.31814384460449
20	1000.0	0.0	1000.0	1000.0	84.50091	18.818525	112.64263	59.644966	1000.0	39297.062	0.46782216	58.081963	0.020297498	58.093616	57.79133	10.783584	2.337227	15.277269	1.8321702	4.780293e-07	-0.0014139182	4.005432e-08	0.005113978	1495.7992	-141.8457	48.316082	-11.865223	0	0	79.0	0.874052	0.0032498564	84000	86.70497798919678
21	886.0	197.4538	1000.0	544.0	86.82448	11.324763	102.40253	70.436325	886.0	39717.18	0.4513316	60.006134	0.026020946	60.019535	59.62624	8.37459	2.4685717	14.135573	-0.9013549	-7.605553e-08	-0.006781341	9.536744e-10	0.012280577	1288.3514	-111.32483	41.423103	-1.5479546	0	0	79.0	0.8726564	0.009560751	88000	90.89142847061157
22	1000.0	0.0	1000.0	1000.0	104.88667	8.992825	111.619064	89.526054	1000.0	40136.727	0.43626878	61.71338	0.0061591063	61.718845	61.65714	8.7506485	1.1544696	12.449681	4.5690784	-3.0970574e-07	-0.002565698	2.9563903e-08	-0.014571692	1247.8406	-114.66809	55.07867	-0.20955276	0	0	79.0	0.8734612	0.005987283	92000	94.94786238670349
23	980.0	34.641018	1000.0	920.0	78.873604	17.295128	105.51815	60.220547	980.0	40463.117	0.42149082	63.407066	0.027902415	63.42255	62.74468	8.457089	1.2813514	12.014924	4.681722	1.436472e-07	-0.012644314	-3.71933e-08	-0.0034583511	1107.9229	-93.10962	20.96242	-2.6610794	0	0	7.0	0.8740379	0.014917429	96000	98.8967444896698
24	1000.0	0.0	1000.0	1000.0	69.32116	6.143474	78.050804	60.827164	1000.0	40740.4	0.40740398	64.96056	0.0075705037	64.96704	64.877594	7.775725	1.0308605	10.718552	4.543206	-3.7145614e-07	-0.002704201	-4.696846e-08	0.0006085739	1045.1583	-95.885376	17.823183	-2.704381	0	0	79.0	0.8729363	0.005829036	100000	103.03036975860596
25	1000.0	0.0	1000.0	1000.0	86.76944	25.2109	119.94419	53.746372	1000.0	41087.477	0.3950719	66.5152	0.014538533	66.52368	66.36653	6.5268173	1.273174	10.317469	2.7456398	-8.0513956e-07	-0.0038078227	-2.4795533e-08	-0.007194349	954.4574	-88.36304	40.668503	-0.3835373	0	0	79.0	0.8763946	0.006090955	104000	107.09037971496582
26	1000.0	0.0	1000.0	1000.0	77.80211	8.205789	87.47692	65.87392	1000.0	41398.688	0.38332117	68.01464	0.016909555	68.02486	67.847305	6.738424	1.0346657	10.294924	3.745808	2.6249884e-07	-0.0012593339	3.1471252e-08	0.0025356489	870.9146	-81.074524	25.210234	-0.55267715	0	0	79.0	0.87377256	0.0035895568	108000	111.42337799072266
27	865.0	233.82686	1000.0	460.0	141.67108	46.21994	193.90762	68.27184	865.0	42026.4	0.3752357	69.4535	0.02952057	69.46641	68.7814	6.531156	0.6871581	8.58266	3.9167714	-8.34465e-08	-0.009128649	-7.05719e-08	-0.06528404	767.4745	-62.666626	206.62419	-38.02037	0	0	6.0	0.873636	0.016337808	112000	115.6512234210968
28	975.0	43.30127	1000.0	900.0	94.16194	21.722973	112.515236	59.3679	975.0	42417.234	0.36566582	70.74111	0.014873557	70.7487	70.58382	9.820084	1.3436066	13.092654	4.956335	-7.6174736e-08	-0.013997647	-4.768372e-10	-0.017463842	721.1839	-58.391907	47.392757	-4.1455994	0	0	7.0	0.87189245	0.016001152	116000	121.54990291595459
29	961.75	66.250946	1000.0	847.0	82.227875	34.89474	138.08186	51.347404	961.75	42787.93	0.35656607	71.97823	0.019314585	71.988785	71.790215	8.926621	0.835036	10.848607	5.9931097	3.4689904e-08	-0.0060448213	2.7894973e-08	-0.0116719445	660.77203	-53.582397	56.965607	-3.6397934	0	0	79.0	0.86969864	0.0069394275	120000	126.13332629203796
30	1000.0	0.0	1000.0	1000.0	54.376842	4.185708	58.60315	49.92567	1000.0	43005.438	0.34681803	73.182594	0.0060233367	73.18797	73.13873	7.4577	0.3915049	8.371177	5.670897	-5.7458877e-08	-0.0019137819	4.386902e-08	-0.0016059156	612.18524	-59.78607	16.876484	-6.4443007	0	0	79.0	0.8605551	0.0036270614	124000	130.71611523628235
31	1000.0	0.0	1000.0	1000.0	71.050766	18.469122	91.04984	41.097275	1000.0	43289.64	0.33820033	74.454956	0.0031980893	74.4582	74.42941	5.3344364	0.25361016	5.994596	4.321871	-2.1290779e-07	-0.0042637843	5.4597855e-08	0.0022265487	555.4845	-55.61447	23.45143	-0.2469883	0	0	79.0	0.8628803	0.005390282	128000	135.13245224952698
32	1000.0	0.0	1000.0	1000.0	106.80408	19.965157	138.79068	83.98442	1000.0	43716.86	0.33118832	75.6975	0.0024566534	75.69979	75.66189	5.27298	0.30865875	6.059369	4.168603	6.051064e-07	-0.0022523145	-1.0144711e-07	-0.007935937	502.76443	-51.16034	69.80372	-11.425396	0	0	79.0	0.8613235	0.0050620125	132000	139.71726846694946
33	1000.0	0.0	1000.0	1000.0	61.78586	12.917402	80.57901	44.456345	1000.0	43964.0	0.32326472	76.89826	0.0025269892	76.90084	76.873	8.027979	0.4111847	9.251931	6.188859	-4.8470497e-07	-0.0022559906	-2.8014183e-08	0.0019143453	454.31232	-47.05667	16.754143	-5.85775	0	0	79.0	0.8637728	0.005206594	136000	144.01203870773315
34	1000.0	0.0	1000.0	1000.0	72.78583	13.519243	95.84135	62.305447	1000.0	44255.145	0.31610817	78.061165	0.0025277897	78.06371	78.03364	6.0243917	0.4924998	7.5041556	3.7999725	-2.48909e-07	-0.0011830712	3.1501056e-08	0.0010382003	409.72055	-43.254364	18.118223	-0.15988922	0	0	79.0	0.864794	0.0022802595	140000	148.06478214263916
35	1000.0	0.0	1000.0	1000.0	71.311165	7.1244035	82.32366	62.598377	1000.0	44540.39	0.30930826	79.187065	0.0029266374	79.189835	79.161125	6.291653	0.6123963	7.9321895	4.2371407	5.5170057e-07	-0.00302622	-9.059906e-09	0.005228755	368.74802	-39.725433	13.690928	-0.17899418	0	0	79.0	0.8711046	0.0062795947	144000	152.09865283966064
36	1000.0	0.0	1000.0	1000.0	115.49846	19.928106	145.08171	90.42427	1000.0	45002.383	0.30407014	80.27824	0.003000961	80.28077	80.25414	5.996703	0.7594543	7.7797875	3.4092414	2.4175645e-07	-0.0020959843	2.002716e-08	0.0050845956	331.09607	-36.43933	61.71308	-6.7946625	0	0	79.0	0.87437856	0.003328605	148000	156.07892274856567
37	1000.0	0.0	1000.0	1000.0	130.30731	7.533579	139.8226	120.02595	1000.0	45523.613	0.29949746	81.335625	0.0019950334	81.33738	81.31497	8.168323	0.79274744	10.348806	5.469447	-8.509159e-07	-0.0016607048	5.4836273e-09	-0.0011783037	296.54507	-33.375977	65.75306	-6.8210373	0	0	79.0	0.86192006	0.0037544998	152000	160.43518924713135
38	1000.0	0.0	1000.0	1000.0	110.28198	19.929735	137.88324	82.53053	1000.0	45964.74	0.29464576	82.35907	0.0018452166	82.36093	82.3376	10.438095	0.9926531	12.994444	6.8236113	1.4805794e-07	-0.0012187617	-2.3126603e-08	-0.0014391718	264.91626	-30.52069	34.69294	-0.8082504	0	0	79.0	0.8509342	0.002885105	156000	164.7652177810669
39	1000.0	0.0	1000.0	1000.0	116.41728	14.915824	132.76312	98.90523	1000.0	46430.41	0.29019007	83.350174	0.0016372364	83.35179	83.33759	9.540373	1.0492368	12.503515	6.445264	-8.378029e-07	-0.0023994013	1.0848045e-08	0.014443096	235.98114	-27.854889	31.423586	-0.88931274	0	0	79.0	0.8393035	0.0055336943	160000	168.91567015647888
40	659.1667	292.44568	1000.0	301.0	153.40675	28.698397	198.38432	110.78576	659.1667	47361.75	0.28879115	84.30977	0.0010989909	84.310936	84.29864	10.310187	0.9533038	12.862488	6.952256	7.212162e-08	-0.019347737	-2.9158593e-07	-0.0026155193	413.25217	-3.9060974	201.28038	-64.78017	0	0	2.0	0.8471753	0.039385483	164000	173.34456157684326
41	1000.0	0.0	1000.0	1000.0	91.28094	15.076426	113.18635	72.67892	1000.0	47726.875	0.28408855	84.70845	0.0027798188	84.71099	84.683876	16.895546	1.0392649	18.900196	12.440549	1.070261e-06	0.005871956	-6.532669e-08	-0.02702161	199.05376	-23.27652	116.280396	-71.385826	0	0	4.0	0.8454794	0.017292919	168000	177.05772972106934
42	877.5	212.17622	1000.0	510.0	65.993515	7.064195	77.61504	60.247272	877.5	48032.375	0.27925798	85.579155	0.005938422	85.583336	85.49674	10.037624	1.9960287	14.533185	3.1950216	1.7642975e-08	-0.0048128525	9.536744e-10	0.016288785	229.26448	-15.397736	38.52308	-16.815184	0	0	28.0	0.8436926	0.012939022	172000	180.7029960155487
43	1000.0	0.0	1000.0	1000.0	69.11633	12.95026	90.29944	55.354023	1000.0	48308.84	0.27448204	86.33889	0.0020319102	86.341286	86.32517	6.7405868	0.9671427	10.138883	3.4012072	-3.9052964e-07	-0.0014357797	5.4359436e-08	0.0035040025	158.86705	-20.661392	27.475277	-0.9567852	0	0	79.0	0.8421802	0.0031460307	176000	184.54056668281555
44	883.0	202.64995	1000.0	532.0	68.50725	15.717494	90.96252	49.54876	883.0	48648.17	0.27026764	87.208176	0.0036289655	87.21118	87.16514	5.894876	1.1012651	8.904041	2.1365354	2.8133393e-08	-0.005333791	3.2663344e-08	-0.004115381	199.45256	-12.112961	32.461857	-0.023483276	0	0	79.0	0.84869605	0.0020595	180000	188.36555433273315
45	1000.0	0.0	1000.0	1000.0	62.3396	9.547954	70.07559	46.01917	1000.0	48897.53	0.26574746	87.90306	0.0034554177	87.905846	87.8635	5.9910264	1.0156318	8.764713	2.5446851	-2.5653839e-07	-0.002022256	1.4305114e-08	0.0014442392	124.572075	-17.126091	14.592063	-0.66173744	0	0	79.0	0.8429006	0.0038904073	184000	192.19877529144287
46	1000.0	0.0	1000.0	1000.0	56.459496	11.175975	70.21445	40.63883	1000.0	49123.367	0.2612945	88.71945	0.0021618218	88.72195	88.69866	5.3931894	0.6180172	7.4496827	3.4937217	-4.222393e-07	-0.002465572	-3.051758e-08	-0.0032599303	108.32418	-15.679619	20.377735	-1.0084457	0	0	79.0	0.8449425	0.004510768	188000	196.01874947547913
47	1000.0	0.0	1000.0	1000.0	50.597763	3.790449	55.657616	45.104126	1000.0	49325.758	0.256905	89.522285	0.0025829726	89.524994	89.4992	4.6054873	0.68407756	6.8417587	2.395755	-3.3068656e-07	-0.0018582677	1.1622906e-09	-0.002724256	93.45467	-13.918739	14.205824	-0.32835674	0	0	79.0	0.84268427	0.004204015	192000	199.86065673828125
48	1000.0	0.0	1000.0	1000.0	54.04081	5.779106	61.414074	45.20239	1000.0	49541.92	0.2527649	90.290016	0.004221504	90.29344	90.24187	4.1221457	0.74880785	6.4953194	1.4886726	-1.039505e-07	-0.002365943	9.000301e-09	-0.0043360614	80.26125	-12.308594	13.504359	-0.15599251	0	0	79.0	0.84002143	0.0034790991	196000	203.65921640396118
49	1000.0	0.0	1000.0	1000.0	65.47661	10.578545	79.56746	52.642025	1000.0	49803.83	0.24901915	91.02341	0.0054919375	91.02757	90.97945	4.2824845	0.7211208	6.287957	2.2415018	4.558563e-07	-0.0039018549	3.71933e-08	-0.005893828	68.59628	-10.839195	26.382467	-0.655447	0	0	23.0	0.82460535	0.012097274	200000	207.35851216316223
