Epoch	AverageEpRet	StdEpRet	MaxEpRet	MinEpRet	AverageEpCost	StdEpCost	MaxEpCost	MinEpCost	EpLen	CumulativeCost	CostRate	AverageVVals	StdVVals	MaxVVals	MinVVals	AverageCostVVals	StdCostVVals	MaxCostVVals	MinCostVVals	LossPi	DeltaLossPi	SurrCost	DeltaSurrCost	LossV	DeltaLossV	LossVC	DeltaLossVC	Penalty	DeltaPenalty	StopIter	Entropy	KL	TotalEnvInteracts	Time
0	17.352175	7.698242	59.0	8.0	0.0	0.0	0.0	0.0	17.352175	0.0	0.0	-0.0008503796	0.22770137	0.51729697	-0.5088595	0.0076628607	0.57336205	1.3503855	-1.4146214	-1.6868114e-08	-0.012482098	6.3180923e-09	-0.005458776	150.36984	-103.12101	0.3281136	-0.32507068	0.99999994	-0.03246993	7.0	0.6747611	0.017868811	4000	3.486137866973877
1	20.699482	10.749761	73.0	8.0	0.0	0.0	0.0	0.0	20.699482	0.0	0.0	8.874066	0.90034825	11.367749	3.4638236	0.002491037	0.00815528	0.059124842	-0.054965056	-7.792991e-09	-0.008125757	4.656613e-11	-1.2104231e-05	91.92539	-34.717625	7.2707255e-05	-3.9775292e-05	0.96753	-0.032374263	9.0	0.6916872	0.015619038	8000	6.683774709701538
2	24.819876	11.282862	62.0	8.0	0.0	0.0	0.0	0.0	24.819876	0.0	0.0	12.451932	3.0861402	16.07493	2.03916	5.5135786e-07	0.004725137	0.0284708	-0.030488249	-1.7552045e-08	-0.015237809	9.3132255e-12	-1.5381125e-05	68.71275	-11.002209	2.232718e-05	-1.06386215e-05	0.93515575	-0.032129824	11.0	0.6811815	0.014527628	12000	9.794151067733765
3	35.410713	17.85385	86.0	11.0	0.0	0.0	0.0	0.0	35.410713	0.0	0.0	15.090044	3.9637783	20.072584	0.8209076	-0.00019061632	0.0032606598	0.03262223	-0.016010052	4.13901e-09	-0.014468062	9.778887e-12	-3.9055367e-06	154.1614	-50.597595	1.0628872e-05	-4.978943e-06	0.9030259	-0.03206557	14.0	0.6609828	0.014662898	16000	12.983009815216064
4	40.795918	18.71481	110.0	13.0	0.0	0.0	0.0	0.0	40.795918	0.0	0.0	19.349121	5.7383523	24.621315	0.7612998	0.00024371032	0.0019474337	0.011962769	-0.013444553	-3.4367384e-09	-0.015852682	8.381903e-12	4.856584e-06	116.06335	-33.764877	3.848803e-06	-1.317479e-06	0.87096035	-0.032451987	20.0	0.6308193	0.013759167	20000	16.1616849899292
5	57.260868	22.618225	139.0	18.0	0.0	0.0	0.0	0.0	57.260868	0.0	0.0	19.860062	9.789474	30.437906	0.30041042	5.579158e-05	0.0015952879	0.016996536	-0.019110035	2.0685158e-09	-0.017546581	-1.3969838e-11	4.0326768e-06	150.59026	-57.409943	2.5547986e-06	-6.1636047e-07	0.83850837	-0.032369435	25.0	0.6057458	0.013127544	24000	19.30190658569336
6	72.962265	34.792625	216.0	22.0	6.2485666	45.05906	331.17404	0.0	72.962265	331.17404	0.01182764434814453	25.0807	12.528588	37.458717	1.3601745	0.000670737	0.0068321875	0.1153462	-0.02354851	-1.8111708e-08	-0.029119715	-1.5735626e-08	-0.056335334	274.2344	-90.511826	1114.8815	-239.75745	0.80613893	-0.023542643	16.0	0.58440113	0.013768133	28000	22.4650399684906
7	95.19512	41.274345	194.0	26.0	0.10704478	0.6770107	4.388836	0.0	95.19512	335.56287	0.010486339569091797	33.865334	13.996115	46.05086	1.9265053	0.26762965	7.70347	22.43344	-23.983664	-2.3838593e-08	-0.042038664	-7.4863436e-08	-0.0862281	240.4151	-64.103195	62.00718	-58.00766	0.7825963	-0.020757377	14.0	0.57931745	0.015874725	32000	25.603973627090454
8	62.0625	26.387068	122.0	25.0	0.0	0.0	0.0	0.0	62.0625	335.56287	0.009321190728081597	36.198814	15.481808	52.334564	2.089749	0.22881067	0.5618098	1.4288228	-2.5790818	-8.65069e-09	-0.017312627	-9.678304e-09	-0.00019386513	169.51422	-81.52095	0.36614814	-0.28168777	0.7618389	-0.021829545	17.0	0.5841026	0.013707756	36000	28.752893209457397
9	99.175	49.800045	290.0	19.0	38.13653	56.67922	189.44313	0.0	99.175	1861.0242	0.04652560424804687	23.714455	14.443156	51.442936	1.3842721	0.21773504	0.82433295	3.7428498	-3.8365607	1.128536e-08	-0.036124982	5.1021576e-08	-0.11664167	528.58325	-304.51178	1939.2214	-823.579	0.74000937	0.003850937	8.0	0.5755567	0.017038094	40000	31.907867193222046
10	93.309525	48.344738	275.0	44.0	2.58923	11.122042	61.044567	0.0	93.309525	1969.7719	0.04476754205877131	43.708744	13.485669	58.271027	6.907314	23.25298	6.1329536	34.180153	-1.8931763	-8.082256e-09	-0.061525937	-3.4332274e-08	-0.21661697	223.54791	-62.542877	516.0776	-452.05658	0.7438603	0.0039840937	6.0	0.55394655	0.018213032	44000	35.246323108673096
11	92.209305	53.057037	329.0	36.0	0.1505289	0.9355929	6.208366	0.0	92.209305	1976.2445	0.04117176055908203	43.46946	17.01871	60.736866	4.005289	2.1625469	2.4164562	10.110528	-6.385804	1.0867595e-08	-0.010366139	8.8214875e-09	0.008330703	178.95941	-54.83796	10.380454	-9.599921	0.7478444	0.0055508018	42.0	0.54257226	0.012722131	48000	38.56890940666199
12	100.74359	38.613617	276.0	44.0	0.0	0.0	0.0	0.0	100.74359	1976.2445	0.03800470205453726	38.87183	18.755709	62.68747	1.1115005	-0.20210698	0.7141502	2.888597	-3.2817261	-1.2481743e-08	-0.019584449	-3.0994416e-09	-0.0039390586	123.62427	-45.243668	0.5520215	-0.23920357	0.7533952	-0.0024248362	18.0	0.5340761	0.013948651	52000	41.72070574760437
13	124.8125	41.22229	239.0	54.0	0.19658354	0.76328444	3.3617392	0.0	124.8125	1982.5353	0.0354024156842913	40.053574	19.356081	62.238632	1.3930117	-0.082909204	0.6942231	3.4014535	-2.770047	2.087192e-08	-0.014455257	1.0430813e-09	0.0014481728	108.419205	-36.208733	0.6303336	-0.20374459	0.75097036	-0.004170716	17.0	0.5380885	0.01452972	56000	44.88657546043396
14	165.125	50.61399	272.0	85.0	25.091043	38.30545	151.89957	0.0	165.125	2584.7202	0.04307867024739583	41.46211	21.688948	66.02357	0.28670302	0.19308335	0.9664805	3.8422382	-3.4438524	2.9992748e-08	-0.027159806	1.167655e-07	-0.117894895	201.92987	-135.96393	572.44476	-155.47742	0.74679965	0.0041671395	14.0	0.54540646	0.01695249	60000	48.057958126068115
15	127.77419	54.306007	279.0	64.0	0.91920316	3.5521586	19.773045	0.0	127.77419	2613.2156	0.040831493377685546	53.841595	20.576498	72.99792	6.225034	12.155821	1.2803497	15.274484	8.254704	-7.3612796e-09	-0.007426239	-1.525879e-08	0.009525287	149.59427	-82.72999	138.545	-133.07143	0.7509668	-2.592802e-05	79.0	0.53337973	0.0069357194	64000	51.59831714630127
16	150.26923	67.365	330.0	74.0	3.8218253	11.73204	59.96126	0.0	150.26923	2712.583	0.039890926585477944	48.175014	21.611933	72.1476	2.1898484	0.7147516	0.28454846	1.9574679	-0.12988666	2.0140032e-09	-0.006886286	-2.1338463e-08	0.018535296	96.12897	-24.122223	44.827366	-3.4262009	0.75094086	-0.0009275079	23.0	0.54930556	0.012671806	68000	54.78256034851074
17	173.60869	72.898224	475.0	98.0	27.010218	38.875145	138.05469	0.0	173.60869	3333.8179	0.0463030259874132	47.665302	23.858755	75.73458	1.6818025	1.8590969	1.4177325	7.282491	-1.8025625	3.2850902e-08	-0.038208164	6.306171e-08	-0.15280557	108.73489	-54.11561	513.5549	-97.40607	0.75001335	0.0072159767	8.0	0.5621384	0.017487537	72000	57.86849856376648
18	144.77777	40.18322	291.0	100.0	0.43915352	1.0418892	3.9528596	0.0	144.77777	3345.675	0.04402204011615954	57.99306	20.836721	78.94966	3.907115	11.4915695	2.2791533	18.787117	4.2844367	1.3031224e-08	-0.0047052694	8.392334e-08	0.0077852495	142.70027	-95.41235	129.43172	-126.28507	0.7572293	0.010933578	79.0	0.5517591	0.004338083	76000	61.352200984954834
19	145.74074	49.246616	272.0	80.0	5.2894206	15.82648	78.637955	0.0	145.74074	3488.4895	0.04360611877441406	47.755856	21.888096	75.436195	1.9105769	1.2727857	0.871243	5.08416	-0.80855787	-9.232776e-09	-0.0069353366	-6.198883e-09	-0.013402585	64.46708	-13.76033	71.42767	-2.169281	0.7681629	0.005520761	79.0	0.55768603	0.0046778964	80000	64.86647963523865
20	154.68	48.989567	297.0	97.0	1.7498938	7.426685	37.918583	0.0	154.68	3532.2368	0.04205043829055059	51.95592	22.400703	77.7415	2.3074157	2.1148853	0.9887011	6.1487727	-0.26970991	-3.1652374e-09	-0.007353056	-4.768372e-10	0.013173231	44.656666	-6.491131	20.51369	-5.870019	0.77368367	-0.007795155	79.0	0.5547661	0.0071757445	84000	68.56285285949707
21	169.34782	39.593155	256.0	109.0	5.134887	12.113329	54.447144	0.0	169.34782	3650.339	0.04148112626509233	49.761486	23.319693	77.66725	2.0061362	1.2074366	1.0888628	6.0699086	-2.2372541	-5.189434e-09	-0.007639544	9.536744e-10	0.0063320026	40.930786	-14.202887	43.337376	-3.182228	0.7658885	-0.0052518845	79.0	0.5515354	0.0047298134	88000	72.17951369285583
22	179.13637	45.886517	301.0	110.0	8.676719	17.623955	72.29394	0.0	179.13637	3841.227	0.04175246794327446	52.824406	23.400345	79.10777	1.1320236	2.23144	0.33228195	4.3021264	1.200793	-8.819333e-09	-0.0093919085	-2.861023e-09	-0.053092286	29.424345	-7.309307	85.42447	-6.0100784	0.7606366	0.004351437	15.0	0.53533375	0.013760734	92000	75.33186793327332
23	159.79167	48.47592	280.0	104.0	0.36919978	1.0727286	4.4524236	0.0	159.79167	3850.0876	0.04010507965087891	55.37354	22.504452	80.82924	3.0777178	3.1257753	1.2579218	8.982587	-0.8079263	2.0047082e-08	-0.009570251	2.0384789e-08	0.008320555	38.14047	-19.210293	10.227831	-9.341787	0.76498806	0.0032854676	12.0	0.5278797	0.016602138	96000	78.50749158859253
24	204.0	88.06457	500.0	136.0	14.320181	19.055407	66.687965	0.0	204.0	4122.1714	0.0412217138671875	52.762592	24.76057	80.63619	0.3879928	0.47165865	0.50774455	3.8417823	-0.2723486	-2.6794932e-08	-0.008480576	-2.9087067e-08	-0.02204043	70.87649	-38.17529	119.43197	-33.838997	0.76827353	0.011719704	79.0	0.5398922	0.0028824478	100000	82.17473649978638
