Epoch	AverageEpRet	StdEpRet	MaxEpRet	MinEpRet	AverageEpCost	StdEpCost	MaxEpCost	MinEpCost	EpLen	CumulativeCost	CostRate	AverageVVals	StdVVals	MaxVVals	MinVVals	AverageCostVVals	StdCostVVals	MaxCostVVals	MinCostVVals	LossPi	DeltaLossPi	SurrCost	DeltaSurrCost	LossV	DeltaLossV	LossVC	DeltaLossVC	Penalty	DeltaPenalty	Optim_A	Optim_B	Optim_c	Optim_q	Optim_r	Optim_s	Optim_Lam	Optim_Nu	OptimCase	Margin	BacktrackIters	Entropy	KL	TotalEnvInteracts	Time
0	15.609375	8.827544	59.0	5.0	1.5152774	8.151507	89.82402	0.009138812	15.609375	387.95062	0.09698766	0.0023536452	0.11342576	0.4836567	-0.514699	0.0041769273	0.15106815	0.50716466	-0.4826727	6.556511e-08	-0.01694682	1.3113022e-07	-0.061081007	155.48225	-20.341278	117.91677	-4.0503464	0.13743183	0.0	0.04790037	0.00709679	0.065042794	0.04857204	-0.03128512	1.4572027	2.597996	0.13743183	1.0	0.0	0.0	0.9189385	0.0044941558	4000	2.4686286449432373
1	15.924303	9.587833	62.0	4.0	0.730381	2.1880093	22.970407	0.020335289	15.924303	571.35583	0.07141948	1.0338486	0.5521598	3.648036	-2.3312628	0.8564791	0.40975803	2.9303706	-1.7749757	1.847744e-08	-0.00073372066	-3.0994416e-09	-0.015679823	152.55495	-54.23681	6.6220355	-0.8496165	1.4135721	0.0	0.022756306	0.0050621084	0.014467259	0.042930987	-0.029242791	0.042386834	2.1202407	1.4135721	1.0	0.0	0.0	0.90587425	0.004315672	8000	4.566126108169556
2	17.281385	9.908392	64.0	5.0	0.534586	1.2972869	17.383152	0.021174582	17.281385	694.8821	0.05790684	4.620368	0.34889632	5.727784	3.2241879	0.89807445	0.21062621	1.8316464	-0.62376225	2.6226044e-09	-0.017292527	5.0961972e-09	-0.0014174202	104.77728	-36.009506	2.2821054	-0.43337154	0.87062055	0.0	0.03432954	0.009857464	0.002001345	0.049622484	-0.020730248	0.028100751	1.8661709	0.87062055	1.0	0.0	0.0	0.8969744	0.0048283464	12000	6.754306316375732
3	19.21256	9.782329	58.0	4.0	0.45588	0.83936024	8.264261	0.015125033	19.21256	789.8399	0.049364995	8.826037	0.6656919	10.682622	5.9242883	0.6491456	0.13111167	1.1413924	0.16912724	-4.4107438e-09	-0.014382461	-6.556511e-10	0.0018511448	72.82708	-7.6247864	0.78481734	-0.07400131	1.1742764	0.0	0.021169845	0.009420978	-0.0022964152	0.043114405	-0.014137296	0.009107639	1.4990318	1.1742764	2.0	0.0	1.0	0.87517035	0.0027472107	16000	9.171069145202637
4	19.688118	10.17504	78.0	5.0	0.5312147	0.85280293	5.0915523	0.016782304	19.688118	897.466	0.0448733	10.9775	0.24613646	11.692001	9.8129225	0.46395734	0.033642255	0.5839174	0.31152314	2.3841857e-09	-0.015046833	-3.4570693e-09	-0.001690603	71.18895	-1.2279739	0.6730374	-0.00797224	1.4185838	0.0	0.027642382	0.009797247	0.0015854596	0.0456078	-0.014924187	0.012397783	1.6797154	1.4185838	1.0	0.0	0.0	0.85740334	0.0044494914	20000	11.551893949508667
5	23.8503	10.27562	65.0	6.0	0.46498597	0.66176945	6.0751276	0.012479406	23.8503	975.33496	0.040638957	11.762557	0.46748796	12.805098	8.863798	0.48789397	0.08351088	0.78165	0.13464491	-2.1219254e-08	-0.013204997	-2.3245812e-09	0.0012016327	76.3287	-4.0233383	0.35476765	-0.025277704	1.1232084	0.0	0.020573366	0.0096525885	-0.0014680752	0.03395518	-0.0091113765	0.006203733	1.4599258	1.1232084	2.0	0.0	1.0	0.8414659	0.0027222477	24000	14.000705003738403
6	25.980392	11.289112	72.0	8.0	0.47661367	0.5403782	2.9469256	0.01470243	25.980392	1048.7279	0.037454568	12.979404	0.96572775	15.286748	6.188593	0.39304492	0.024019573	0.4804107	0.26037088	3.5762786e-09	-0.012789404	5.364418e-10	0.0008647515	89.420654	-4.764038	0.21382931	-0.0009976178	1.246249	0.0	0.013436741	0.009819852	-0.00090015307	0.023293542	-0.006658406	0.004497846	1.1697539	1.246249	2.0	0.0	0.0	0.819028	0.0044747144	28000	16.417065620422363
7	27.950705	10.97393	61.0	7.0	0.46288997	0.51002234	2.590723	0.030766265	27.950705	1114.9762	0.034843005	14.207861	2.0286527	17.421295	2.062348	0.37784305	0.024946628	0.44053274	0.2674783	-1.9550324e-08	-0.011822582	2.4735927e-09	0.001282789	87.97981	-2.7017746	0.18368298	-0.0065886527	1.6064206	0.0	0.009033697	0.009473751	-0.0013276957	0.022345185	-0.0066775363	0.0033496998	0.9764989	1.6064206	2.0	0.0	0.0	0.7931906	0.0039458284	32000	18.69335150718689
8	29.227942	9.765611	66.0	8.0	0.5147402	0.47704652	2.4536586	0.032653876	29.227942	1185.2125	0.03292257	14.84881	2.5182698	18.111996	-1.3566653	0.36618245	0.050591987	0.5367461	0.19529973	1.4305114e-08	-0.0076487274	-5.9604643e-10	-0.00044152906	78.817924	-2.1831894	0.14758728	-0.00032310188	2.3659344	0.0	0.0076138396	0.009930899	0.0005043198	0.026180733	-0.008266766	0.0036807135	0.8756037	2.3659344	1.0	0.0	0.0	0.7584879	0.0042315396	36000	21.10006046295166
9	31.023438	8.711042	65.0	13.0	0.43431425	0.32330614	1.8297924	0.026106717	31.023438	1240.8987	0.031022467	15.246465	2.9708154	18.412493	-5.1954136	0.37371778	0.042021655	0.51000494	0.21111052	1.9073487e-09	-0.0099687325	-1.8179417e-09	0.0017101729	75.28426	-2.5709	0.07245986	-0.006529592	1.8831078	0.0	0.0055049127	0.007667753	-0.0021172944	0.020752138	-0.0054136403	0.0019221532	0.84730774	1.8831078	2.0	0.0	1.0	0.7235151	0.002672931	40000	23.590761423110962
10	34.153847	9.879284	68.0	15.0	0.5568466	0.38337904	2.2993312	0.019808872	34.153847	1306.0602	0.029683186	15.59594	3.5692158	18.556944	-9.8448715	0.3060196	0.006003814	0.3185134	0.26555088	3.5762786e-09	-0.0038598916	2.8908254e-09	-0.0017190595	91.42205	-4.87751	0.092686005	-0.006321259	1.4820685	0.0	0.0036398761	0.008763591	0.001664428	0.0058954656	-0.0022480912	0.0022406178	0.6444693	1.4820685	1.0	0.0	0.0	0.7007501	0.0044411174	44000	26.03663969039917
11	37.13084	10.607777	76.0	16.0	0.4706681	0.3035248	1.6579572	0.07792014	37.13084	1356.5931	0.028262356	16.77525	3.2650006	19.059628	-7.250639	0.37097046	0.038986176	0.49228725	0.22466862	3.0994416e-09	-0.0085566705	2.384186e-10	0.00071482075	100.5039	-6.354492	0.058537185	-0.0025507808	2.315778	0.0	0.004780194	0.009540883	-0.0007899604	0.014889338	-0.0037068152	0.0013592128	0.7078292	2.315778	2.0	0.0	0.0	0.67352337	0.003912042	48000	28.54590892791748
12	36.98148	10.416317	79.0	23.0	0.5089253	0.26750472	1.3074864	0.09847222	36.98148	1411.5709	0.027145594	17.843285	3.5930567	20.224676	-9.837874	0.3212218	0.038666155	0.43340704	0.18422234	1.1205673e-08	-0.004317865	2.30968e-09	-0.00018655062	94.37244	-4.8148117	0.04650922	-0.0012587011	0.23313893	0.0	0.0019856652	0.009936077	0.00024134564	0.001997661	-0.000104550956	0.00091121445	0.44703913	0.23313893	1.0	0.0	0.0	0.6347003	0.004330152	52000	30.89141058921814
13	34.756523	9.442357	71.0	21.0	0.43950725	0.29091364	1.9192845	0.079785675	34.756523	1462.1244	0.026109364	18.058481	3.3608081	20.263372	-10.667215	0.34373304	0.017541504	0.3933091	0.27830178	-5.722046e-09	-0.005654769	-1.4901161e-10	0.0014906578	84.21292	-5.901169	0.052980177	-0.0047841333	0.64169025	0.0	0.0020038865	0.007156969	-0.0017404719	0.004420602	-0.0016046822	0.0010654976	0.5291417	0.64169025	2.0	0.0	1.0	0.6200237	0.002991611	56000	33.26374292373657
14	38.582523	11.893969	92.0	19.0	0.49239177	0.25879902	1.1805465	0.07587078	38.582523	1513.0535	0.025217557	17.043577	3.3376362	19.07185	-7.2628436	0.3148871	0.07061949	0.54898375	0.08633167	-2.7060509e-08	-0.005187518	1.9073487e-09	0.00017600412	104.08171	-7.7313995	0.042552497	-0.0023032166	2.8089252	0.0	0.0033228057	0.009949579	-0.00019719382	0.010064961	-0.0022802784	0.00077121763	0.5778966	2.8089252	2.0	0.0	1.0	0.609383	0.002035446	60000	35.5728816986084
15	36.57798	9.01812	70.0	22.0	0.5434403	0.2975309	1.4308906	0.07218111	36.57798	1572.3125	0.024567382	18.315125	4.3321323	20.504774	-9.243137	0.32321638	0.026482664	0.39767832	0.22076724	2.3841857e-09	-0.0042572524	-1.6242265e-09	-0.0012511637	74.88248	-4.9105835	0.058125924	-0.00466932	2.2261174	0.0	0.0045103338	0.008770676	0.0011876074	0.0070364336	-0.0017024137	0.0011473072	0.7171133	2.2261174	1.0	0.0	0.0	0.59377813	0.0043497123	64000	37.86396312713623
16	38.960785	12.913681	124.0	25.0	0.47604078	0.19169748	1.1068761	0.12195275	38.960785	1620.9255	0.02383714	17.813183	3.6586099	19.964169	-6.9088025	0.38076904	0.0598251	0.5723271	0.18011019	-1.07288365e-08	-0.0037970145	-1.475215e-09	0.00058875757	106.650505	-5.939476	0.028301762	-0.004398994	2.5678596	0.0	0.0005194887	0.009166345	-0.0006149573	0.004309946	-0.0013112864	0.00045363177	0.23806193	2.5678596	2.0	0.0	0.0	0.5796199	0.0042454754	68000	40.150312423706055
17	39.524754	10.022345	77.0	25.0	0.54128665	0.24445525	1.4927385	0.185894	39.524754	1675.6428	0.023272816	18.65598	4.5577927	21.237108	-8.854162	0.32184315	0.030318333	0.41164646	0.20953867	2.4557114e-08	-0.00048640586	4.4703483e-10	-0.0011932101	77.20039	-4.381958	0.040191032	-0.0029940046	3.3972158	0.0	0.001794897	0.008518124	0.001044577	0.007347383	-0.0020219865	0.0007363242	0.4590371	3.3972158	1.0	0.0	0.0	0.5356143	0.0037339397	72000	42.41851878166199
18	39.85	10.96939	80.0	24.0	0.5057199	0.22688842	1.1279163	0.097834185	39.85	1726.2572	0.02271391	18.782255	4.258948	21.497562	-4.4978538	0.37170663	0.052412078	0.53916776	0.20323373	-6.0796737e-09	-0.0052986913	4.4703484e-11	-8.4576255e-05	80.07533	-5.0322723	0.036317974	-0.0018260479	1.1004802	0.0	0.0028120645	0.009965739	0.00014353577	0.003382197	-0.00058552914	0.00060134137	0.53119975	1.1004802	1.0	0.0	0.0	0.5487361	0.0032031727	76000	44.76949763298035
19	41.520832	11.72069	78.0	27.0	0.47688437	0.1972805	1.2942755	0.14090677	41.520832	1772.0531	0.022150664	19.001106	4.5235596	21.984343	-3.4833734	0.3403307	0.023130946	0.4020114	0.24280825	9.417534e-09	-0.0071212733	4.0233136e-10	0.00049439765	82.21047	-5.52108	0.02666168	-0.0006792955	3.048272	0.0	0.003219603	0.009441981	-0.0005567238	0.010553102	-0.002018231	0.00055543147	0.5839419	3.048272	2.0	0.0	0.0	0.5289328	0.0042897398	80000	47.07280135154724
20	42.784946	10.175714	77.0	26.0	0.46441606	0.15057723	0.82365507	0.14692505	42.784946	1815.2722	0.021610383	19.577322	5.1025033	23.042892	-2.558916	0.31672058	0.029305845	0.41387776	0.2217556	1.26361845e-08	-0.005500829	-2.9802324e-11	0.00069201394	70.277405	-5.5700455	0.017233105	-0.00019838475	2.7952385	0.0	0.0012630387	0.007406776	-0.00083169306	0.005709621	-0.0010890712	0.0002667388	0.41294643	2.7952385	2.0	0.0	1.0	0.50968766	0.00306586	84000	49.475406885147095
21	43.358696	10.52903	84.0	26.0	0.51655	0.18013136	1.0487038	0.20503841	43.358696	1862.877	0.021169057	19.800465	5.444603	23.76937	-3.2033	0.31111774	0.016596353	0.35836512	0.24645516	1.1563301e-08	-0.0018413835	2.7567149e-10	-0.0004564227	68.0201	-4.2092285	0.025826532	-0.0014664549	2.1228988	0.0	0.00083530415	0.009567647	0.00038169976	0.0019129491	-0.00060261623	0.0003369814	0.29547432	2.1228988	1.0	0.0	0.0	0.5186952	0.0028342728	88000	51.803101778030396
22	43.67033	9.383239	73.0	28.0	0.50651115	0.1290426	0.8190745	0.25634173	43.67033	1909.0734	0.020750798	20.06179	5.659081	24.421623	-2.1099024	0.35138068	0.014124425	0.3970495	0.28260905	-7.510185e-09	-0.0027299325	-4.693866e-10	-0.00016942134	58.195415	-5.4596176	0.014717814	-0.00012837723	0.57171935	0.0	0.0007762068	0.009811882	0.00014909783	0.000781766	-2.5630821e-05	0.00011817128	0.28126296	0.57171935	1.0	0.0	0.0	0.5106137	0.0038235616	92000	54.12115168571472
23	42.698925	11.915278	78.0	28.0	0.4806877	0.16773841	1.0097601	0.16749685	42.698925	1953.8511	0.020352615	20.257812	5.5291686	24.883713	-0.24155906	0.34382322	0.007285997	0.36091298	0.30407524	2.0384789e-08	-0.003768601	2.0861626e-10	0.00020073188	65.19307	-12.025085	0.021982342	-0.00079297647	0.0	0.0	0.0014262494	0.008993704	-0.00045228988	0.0014811954	-0.000105687206	0.00020328634	0.38486302	0.0	2.0	0.0	0.0	0.4864775	0.0036363392	96000	56.421671628952026
24	44.044445	10.538723	84.0	30.0	0.4768223	0.15131721	0.90618855	0.13028525	44.044445	1996.8529	0.019968528	19.936068	6.549619	25.718922	0.23295656	0.31966907	0.013297063	0.35695332	0.26311558	2.5272369e-08	-0.004752983	2.384186e-10	0.00043101012	48.091873	-7.635975	0.016439026	-0.00025705062	3.6192725	0.0	0.0014421614	0.008945989	-0.0005262346	0.006583375	-0.001162224	0.00026273265	0.40150663	3.6192725	2.0	0.0	1.0	0.47416157	0.0025548576	100000	58.73337650299072
25	46.635296	12.910412	97.0	30.0	0.515385	0.16389546	1.043728	0.24364302	46.635296	2040.7007	0.019622123	20.22545	7.552465	26.775843	-0.21012029	0.326874	0.027650712	0.41382498	0.22550154	-1.0371208e-08	-0.0023403328	2.0116568e-10	-0.00037985638	55.580418	-7.6904297	0.020630535	-0.00050676614	5.21497	0.0	0.0015967053	0.009339594	0.00032989975	0.0047692135	-0.0007230659	0.00016479842	0.41347417	5.21497	1.0	0.0	0.0	0.4682235	0.0037267266	104000	61.00079822540283
26	43.79121	8.82369	69.0	29.0	0.49493158	0.14485806	0.9013828	0.22397363	43.79121	2085.7551	0.019312548	21.316309	8.031799	28.83024	-0.041634127	0.33912024	0.011452876	0.37076083	0.29216817	-1.1444092e-08	-0.0028488615	2.7567149e-10	0.00011281372	30.250278	-6.5479317	0.017474739	-5.724281e-05	2.3305972	0.0	0.0006535336	0.009940302	-0.00011574061	0.0020147508	-0.0005526767	0.00022439587	0.25640956	2.3305972	2.0	0.0	0.0	0.42566383	0.0031914306	108000	63.272090911865234
27	45.409092	11.607831	114.0	32.0	0.47416106	0.14121196	0.8098585	0.21786894	45.409092	2127.4856	0.018995408	20.223711	8.162443	28.24625	0.16032395	0.33479458	0.007057349	0.35624853	0.28586006	2.8729438e-08	-0.0066242064	1.4901161e-10	0.0005205886	39.393986	-5.745945	0.01644191	-0.0003138166	5.5181627	0.0	0.000994171	0.007955195	-0.0005690257	0.008292214	-0.0010750017	0.00015834774	0.3535128	5.5181627	2.0	0.0	0.0	0.40399194	0.003884144	112000	65.57124257087708
28	47.22619	10.019447	73.0	31.0	0.46828756	0.1164872	0.79151064	0.20264529	47.22619	2167.1565	0.018682383	21.027409	8.617147	29.469639	-0.20779137	0.31604123	0.011787016	0.35438097	0.26515734	1.502037e-08	-0.006333832	8.3446505e-10	0.0006633552	26.853615	-4.231884	0.011937655	-1.44355e-05	1.5545665	0.0	0.0014966936	0.006199439	-0.0006715012	0.0037269315	-0.00051439716	0.00011864404	0.4913492	1.5545665	2.0	0.0	0.0	0.3658545	0.0040946254	116000	67.8254554271698
29	48.975307	12.806225	92.0	31.0	0.51470387	0.123867914	0.8323315	0.22677626	48.975307	2208.9631	0.018408027	21.290258	9.530811	30.470997	-0.19940639	0.32029012	0.014139621	0.3607366	0.25789386	-2.2649765e-08	-0.0027639125	-8.046627e-10	-0.00028682518	33.785446	-4.6154633	0.015224249	-0.0007426189	5.5386066	0.0	0.0016947098	0.008444125	0.00030023028	0.0022946273	-0.00018642873	5.793409e-05	0.4479921	5.5386066	1.0	0.0	0.0	0.36359692	0.004172589	120000	70.10294556617737
30	45.551723	8.591307	78.0	31.0	0.52334595	0.12843607	0.84609073	0.26199177	45.551723	2254.5664	0.018181987	21.360384	10.196231	32.007027	0.04258591	0.34241557	0.0061019044	0.35592914	0.291759	-1.3828277e-08	-0.0007204854	1.013279e-09	-0.00054797967	14.910562	-1.9319954	0.014766695	-0.00025911536	6.662213	0.0	0.0014517813	0.007994367	0.00051251514	0.004719513	-0.0006541904	0.000130967	0.42614612	6.662213	1.0	0.0	0.0	0.30642748	0.0042610066	124000	72.4598798751831
31	50.589745	13.613188	95.0	33.0	0.45767614	0.11889699	0.7341032	0.24603571	50.589745	2290.3062	0.017893016	21.809822	9.924705	31.562513	0.6599482	0.35465324	0.006869841	0.37398908	0.30970818	1.0251999e-08	-0.0058982624	1.7881394e-10	0.00063246675	34.79653	-4.2690125	0.015646722	-0.003066145	0.0	0.0	0.002518179	0.004258702	-0.00083660946	0.0040839473	-0.00043689943	0.00012190892	0.6390577	0.0	2.0	0.0	0.0	0.2850548	0.0046922253	128000	74.79316449165344
32	46.360466	10.269523	86.0	30.0	0.5219711	0.14221649	0.997614	0.23183115	46.360466	2335.1982	0.017690895	21.742924	10.637851	33.31974	-0.6332008	0.2989228	0.007972639	0.320828	0.25886872	-9.536743e-09	-0.0006217793	1.3113022e-09	-0.00051544915	17.48758	-1.8704996	0.019268315	-0.003156552	7.6036263	0.0	0.0014115525	0.007303958	0.000473919	0.0035814827	-0.00042517105	8.330702e-05	0.43961185	7.6036263	1.0	0.0	0.0	0.27984858	0.003893781	132000	77.09950065612793
33	50.02532	14.580179	144.0	32.0	0.4932656	0.1361133	0.9285243	0.13386022	50.02532	2374.22	0.0174575	21.893745	10.387498	32.967926	0.5781555	0.35140273	0.023797618	0.42916638	0.25854993	-4.053116e-09	-0.0049100826	4.768372e-10	0.00011012604	36.895702	-3.005207	0.01657436	-0.00096131954	3.573899	0.0	0.002938028	0.009787493	-0.00013461986	0.0046185935	-0.00037857448	8.527999e-05	0.5478886	3.573899	2.0	0.0	1.0	0.23498785	0.0029032514	136000	79.40200591087341
34	48.451218	10.02333	76.0	33.0	0.50197273	0.10671538	0.7167915	0.2693958	48.451218	2415.4907	0.017253505	22.289824	11.052857	34.42976	0.3757841	0.32544756	0.012095553	0.36750877	0.2710492	-1.502037e-08	-0.004515138	1.4603138e-09	-7.2986935e-05	14.724825	-1.4779263	0.01178658	-0.00034282263	5.156344	0.0	0.0021019776	0.009980825	4.07159e-05	0.0042125294	-0.00042716635	8.645658e-05	0.4589135	5.156344	1.0	0.0	0.0	0.23504508	0.002733533	140000	81.69325923919678
35	48.096386	11.881558	101.0	33.0	0.518998	0.12008886	0.77202564	0.17319043	48.096386	2458.5732	0.017073425	21.636614	10.895616	34.06605	0.50355434	0.3392634	0.0048533087	0.3477924	0.29464516	-7.301569e-09	-0.0034580987	-1.4901161e-10	-0.0004064819	19.59944	-0.8403721	0.014837202	-0.00013715494	7.4026775	0.0	0.0032677616	0.007834109	0.00039499905	0.0043423832	-0.000278231	7.203696e-05	0.6458481	7.4026775	1.0	0.0	0.0	0.24121094	0.0045319833	144000	84.0118842124939
36	49.55	11.704593	111.0	33.0	0.49492654	0.11558182	0.7915194	0.1924457	49.55	2498.3723	0.016880894	22.169977	11.051148	34.558784	0.42428714	0.34883896	0.008175739	0.3664941	0.28076914	1.0967255e-08	-0.005392657	-2.0861626e-10	8.106679e-05	19.880829	-1.0185757	0.013474516	-0.00023784395	3.0925746	0.0	0.002535923	0.009700762	-0.00010239067	0.0032733083	-0.00016073095	3.50352e-05	0.5112874	3.0925746	2.0	0.0	0.0	0.22539067	0.0039897915	148000	86.33689212799072
37	50.379745	13.050344	127.0	37.0	0.49677292	0.11912399	0.76596665	0.18504067	50.379745	2537.625	0.016694902	22.486387	11.102346	34.96967	0.5994525	0.33476043	0.010644335	0.36292464	0.26961976	2.3841857e-09	-0.0038360923	1.4901162e-11	5.3777047e-05	24.733734	-1.1570396	0.013856375	-0.00016002078	3.6510081	0.0	0.0014894623	0.009934408	-6.40552e-05	0.0025145442	-0.00025322617	6.255451e-05	0.3872075	3.6510081	2.0	0.0	0.0	0.19179916	0.0040850923	152000	88.65665912628174
38	53.45946	14.506466	101.0	34.0	0.47591224	0.119594626	0.73269373	0.25167012	53.45946	2572.951	0.016493276	23.49164	11.460449	35.74397	0.5435988	0.33050522	0.0048033693	0.34244037	0.29877874	1.1324882e-08	-0.005566796	-7.674098e-10	0.00043639314	26.510712	-1.7396297	0.013556198	-0.00039777998	0.31391084	0.0	0.0021181228	0.0075762016	-0.00045057986	0.0029536064	-0.00026454072	8.376201e-05	0.5287493	0.31391084	2.0	0.0	0.0	0.13582551	0.004868749	156000	91.02494645118713
39	52.81333	11.926099	97.0	37.0	0.50276273	0.11414628	0.8454796	0.27871823	52.81333	2610.7888	0.01631743	23.564617	11.795714	36.758358	0.36129034	0.3108332	0.0045787957	0.31832263	0.2658551	7.867813e-09	-0.0033958866	6.780028e-10	-7.8221405e-05	16.895926	-1.0963335	0.012589855	-0.0006531896	5.854648	0.0	0.001828618	0.009924804	5.2311316e-05	0.0028275375	-0.00019066135	3.6391073e-05	0.42924035	5.854648	1.0	0.0	1.0	0.1302836	0.0031054583	160000	93.29196739196777
40	49.320988	9.909251	87.0	36.0	0.5438573	0.11879923	0.88636625	0.31632167	49.320988	2654.8447	0.016188078	22.471394	11.645935	36.874584	0.63610315	0.33579683	0.0052198796	0.34301016	0.29336244	1.1920929e-09	0.00071872835	7.4505804e-11	-0.00019034727	10.432715	-0.85024166	0.014510677	-0.0010175286	32.22457	0.0	0.002960772	-0.07219499	0.0008892214	0.003043313	-2.8178769e-05	9.619986e-06	0.0	32.22457	0.0	0.0	1.0	0.117765784	0.0032570504	164000	95.65007495880127
41	51.23077	11.406165	105.0	35.0	0.5056879	0.117327824	0.7950862	0.17546026	51.23077	2694.2957	0.016037473	22.65154	11.436577	36.39489	0.07639524	0.3671715	0.008688887	0.38564283	0.3017628	1.9073487e-09	-0.0038284024	-9.834766e-10	-0.00015042609	14.105773	-0.6638527	0.01447568	-0.0009499006	4.943646	0.0	0.0019949775	0.009889234	0.00011102493	0.004244473	-0.0005003336	0.0001112844	0.44914615	4.943646	1.0	0.0	0.0	0.12231088	0.00217155	168000	97.91866040229797
42	51.51948	10.704545	85.0	34.0	0.52198017	0.114996284	0.8076167	0.29288292	51.51948	2734.5042	0.01589828	22.892284	11.748673	37.06233	-0.00065630674	0.3377728	0.0054943115	0.3470317	0.29016513	3.5762787e-10	-0.0047991043	-3.2782554e-10	-0.00036709956	10.787646	-0.4019842	0.012404919	-0.00013656355	26.60965	0.0	0.0052920985	0.002099718	0.00042663797	0.005469738	6.397469e-05	2.3039678e-05	1.5875722	26.60965	1.0	0.0	0.0	0.12418926	0.0048237555	172000	100.19454789161682
43	51.493507	12.408233	95.0	35.0	0.50873774	0.14224951	0.909664	0.19715632	51.493507	2773.8481	0.0157605	23.002275	11.728252	37.32116	0.3479554	0.34892854	0.005904774	0.35911375	0.28387743	-1.4662743e-08	-0.0031757695	-4.1723253e-10	-0.00017101315	14.485074	-0.81982327	0.016375154	-0.00025037862	8.794527	0.0	0.0019145673	0.009186545	0.0001696863	0.0034604215	-0.00023391846	3.539651e-05	0.45651937	8.794527	1.0	0.0	0.0	0.112069845	0.003940418	176000	102.45639181137085
44	53.243244	12.371295	99.0	37.0	0.4772218	0.11337358	0.72652614	0.18921855	53.243244	2809.4802	0.015608223	23.49116	11.891928	37.77534	0.48534548	0.33526897	0.010026715	0.3686063	0.27379176	-6.198883e-09	-0.007631028	7.748604e-10	0.00034901407	14.877245	-0.73055935	0.012535502	-0.0006015217	0.0	0.0	0.0049120574	0.0059761554	-0.00042781414	0.0062898197	-0.00025033508	4.5485096e-05	0.79308385	0.0	2.0	0.0	0.0	0.14610302	0.00463668	180000	104.72354388237
45	52.81333	11.083553	87.0	34.0	0.50677824	0.12363261	0.8294466	0.25331384	52.81333	2847.926	0.0154778585	23.35305	12.172073	38.44308	0.49216545	0.31785735	0.010970896	0.34074366	0.22522965	1.9073487e-09	-0.004387978	-7.8976153e-10	-0.00013279726	9.970901	-0.40148544	0.014008461	-0.0005716989	11.373759	0.0	0.0033445987	0.009400775	0.00012834335	0.0053743734	-0.00023621217	2.7488859e-05	0.59647214	11.373759	1.0	0.0	0.0	0.10167289	0.003932166	184000	107.02161502838135
46	54.780823	15.179517	123.0	37.0	0.47639936	0.1177247	0.73069054	0.17138027	54.780823	2882.708	0.015333553	23.971972	12.080589	38.481277	0.5899018	0.33830914	0.0067907847	0.35605782	0.28479367	5.364418e-10	-0.0050551514	1.0430813e-10	0.00036523986	23.581774	-1.6743202	0.013849809	-0.000903585	0.0	0.0	0.0028840764	0.0076851817	-0.00043081935	0.0037249126	-0.00025965247	8.018139e-05	0.6103206	0.0	2.0	0.0	1.0	0.07593441	0.0027950897	188000	109.28126573562622
47	53.22973	9.675194	92.0	37.0	0.5222381	0.11299857	0.7683267	0.27277744	53.22973	2921.51	0.015216198	23.735266	12.601323	39.75911	0.45181084	0.30841312	0.007129839	0.31761357	0.22706582	5.9604646e-09	-0.004882269	-7.4505807e-10	-0.0004413516	8.43409	-0.6255722	0.0133059025	-0.0015982445	4.7349696	0.0	0.003449923	0.007983457	0.00041777547	0.0036612293	-0.00013523702	8.655226e-05	0.65736896	4.7349696	1.0	0.0	0.0	0.08790362	0.0044192844	192000	111.61358308792114
48	52.893333	10.88188	96.0	37.0	0.5223459	0.11699472	0.7645747	0.23169982	52.893333	2960.7854	0.0151060475	23.400282	12.160117	39.19488	0.55260867	0.34854802	0.0075511816	0.35939404	0.25790247	-2.861023e-09	-0.008678791	1.7881394e-10	-0.00045550428	9.305188	-0.3642645	0.012789801	-4.6113506e-05	8.118551	0.0	0.009270975	0.0067083696	0.00042247103	0.009329553	5.6358105e-05	5.4222914e-05	1.1755855	8.118551	1.0	0.0	0.0	0.09731233	0.004645696	196000	113.90326142311096
49	54.50685	14.611989	104.0	38.0	0.51670754	0.13246542	0.7966694	0.20428318	54.50685	2998.5107	0.014992554	23.824055	12.207779	39.346764	0.36622927	0.34536284	0.008569616	0.3546738	0.22518587	-8.225441e-09	-0.0045159347	-4.3213366e-10	-0.00032195638	18.565786	-1.4710159	0.016053347	-0.0003434755	6.153917	0.0	0.0036816718	0.008937743	0.00030652183	0.0050480347	-0.0003476399	8.844905e-05	0.64181316	6.153917	1.0	0.0	0.0	0.081430435	0.0036499437	200000	116.20606756210327
50	54.97222	13.276936	124.0	39.0	0.51740456	0.12286611	0.77214056	0.18264769	54.97222	3035.917	0.014881946	24.277002	12.766422	40.771328	0.3564407	0.32939473	0.010514862	0.36069086	0.19739231	-3.3378602e-09	-0.0049180384	9.0897084e-10	-0.00033006954	15.179071	-0.42507076	0.013800806	-0.0001112083	10.392666	0.0	0.0047143498	0.007577419	0.0003166064	0.0055008195	-0.00018039376	4.1377196e-05	0.7887698	10.392666	1.0	0.0	0.0	0.10395503	0.0041218614	204000	118.61229014396667
51	56.857143	12.2641	92.0	39.0	0.4909941	0.122518405	0.7495685	0.2710133	56.857143	3070.329	0.014761197	24.802588	12.743721	40.98226	0.5353531	0.3338383	0.013936448	0.37866983	0.22585267	-9.179115e-09	-0.0063560307	2.9802324e-11	0.00014138022	10.400672	-0.4595194	0.012217844	-0.00047808513	0.25056884	0.0	0.005668268	0.009409839	-0.0001583953	0.0060880594	-0.00013358999	4.2512256e-05	0.7761293	0.25056884	2.0	0.0	1.0	0.10624683	0.0028260965	208000	120.85300016403198
52	60.348484	17.223568	121.0	38.0	0.47872368	0.13073793	0.8510516	0.17330073	60.348484	3101.9282	0.014631737	25.725948	13.066008	41.446434	0.34576416	0.3152161	0.011517466	0.32540482	0.13441162	-8.5830685e-09	-0.00567053	1.6391277e-10	0.0003369001	25.266075	-2.1899395	0.01454957	-0.00042990688	0.6942991	0.0	0.0041186283	0.008827571	-0.00035255775	0.0050511854	-0.00031443054	0.00010601664	0.68305504	0.6942991	2.0	0.0	1.0	0.10087919	0.0028506531	212000	123.08643317222595
53	55.48611	10.62883	83.0	40.0	0.5284245	0.12133188	0.82039183	0.29037175	55.48611	3139.9868	0.014536976	24.761782	13.327841	43.147015	0.49694794	0.2970382	0.012455125	0.32974815	0.20427944	-5.4836273e-09	-0.009727599	-2.0116568e-09	-0.0004871309	7.307916	-0.9483361	0.014486087	-0.0020032357	5.0391483	0.0	0.012992728	0.008379701	0.0005122814	0.013189075	-0.00017832933	0.00016196526	1.2451909	5.0391483	1.0	0.0	0.0	0.09086275	0.004536768	216000	125.32915234565735
54	60.39394	15.859113	124.0	42.0	0.503817	0.1215398	0.7484111	0.21282361	60.39394	3173.245	0.014423842	25.517265	13.015713	42.119755	0.4183818	0.34119368	0.011131655	0.3541767	0.18532592	-8.046627e-09	-0.0082747545	1.0728836e-09	-7.771343e-06	19.161629	-2.1141682	0.014124447	-0.0008181622	0.7949123	0.0	0.0065539153	0.009913959	6.320207e-05	0.0065584285	1.447535e-05	4.6425597e-05	0.813068	0.7949123	1.0	0.0	0.0	0.05406356	0.0045567597	220000	127.5913074016571
55	59.671642	11.337941	98.0	42.0	0.5239877	0.1197331	0.8711358	0.28184974	59.671642	3208.3584	0.014323029	25.83163	13.502941	43.96302	0.505809	0.31476808	0.012187907	0.3310635	0.1579626	7.867813e-09	-0.00085857615	1.3411044e-10	-0.0004567959	8.387379	-0.5933757	0.012387443	-0.0004984513	40.366104	0.0	0.0073703583	0.002607599	0.00040199514	0.009330062	-0.00020697757	2.18603e-05	1.6812176	40.366104	1.0	0.0	0.0	0.07169008	0.00394302	224000	129.85764408111572
56	62.078125	16.300215	128.0	40.0	0.5135187	0.12715198	0.7443433	0.20013238	62.078125	3241.2642	0.014216071	26.42597	13.562328	43.860268	0.5575774	0.33406	0.012073821	0.34690702	0.16596636	-2.2649764e-09	-0.007675905	1.3932586e-09	-0.00022508859	19.194199	-1.3560944	0.014525481	-0.00027598906	12.40441	0.0	0.009138891	0.008236598	0.000217769	0.009543633	-0.00010433019	2.6893109e-05	1.0533502	12.40441	1.0	0.0	0.0	0.083976746	0.004271046	228000	132.11290836334229
57	62.904762	13.138716	114.0	41.0	0.49740088	0.13036016	0.83266574	0.2837464	62.904762	3272.606	0.01410606	27.178339	13.939766	44.960327	0.71747863	0.319791	0.0123249395	0.34129384	0.17275488	-1.7762185e-08	-0.003950985	-1.4901162e-11	3.5545647e-05	13.240786	-0.45467758	0.0122736255	-0.00025322102	0.1972717	0.0	0.00905185	0.00997521	-4.1318337e-05	0.009092558	-5.2946845e-05	6.886588e-05	0.95259356	0.1972717	2.0	0.0	4.0	0.08999944	0.00074551534	232000	134.40505933761597
58	63.83871	16.480871	122.0	45.0	0.52067226	0.12507558	0.7694698	0.2679239	63.83871	3304.8936	0.014003786	27.054914	13.9603405	45.05728	0.60634756	0.30930096	0.015651533	0.3302531	0.15552075	-6.9141386e-09	-0.0032462736	-6.705522e-11	-0.00034920685	17.247433	-1.3932257	0.013448877	-0.00025614072	37.873634	0.0	0.007136874	0.00314087	0.00032382016	0.0076815104	-9.124788e-05	1.528758e-05	1.5074018	37.873634	1.0	0.0	0.0	0.09961605	0.0039655343	236000	136.6792712211609
59	63.365078	16.760027	130.0	45.0	0.5111527	0.12617189	0.78205454	0.22551697	63.365078	3337.1018	0.013904591	27.525723	14.32527	46.402447	0.7282238	0.31813723	0.014011805	0.34517863	0.17570893	2.1457671e-09	-0.008775688	3.427267e-10	-0.00017348368	17.617992	-0.60123825	0.013641739	-0.00013363548	23.342747	0.0	0.0067330655	0.0041672457	0.0001760068	0.008597656	9.9514036e-05	5.311109e-06	1.2711062	23.342747	1.0	0.0	0.0	0.13113165	0.0040899287	240000	139.05270838737488
