Epoch	AverageEpRet	StdEpRet	MaxEpRet	MinEpRet	AverageEpCost	StdEpCost	MaxEpCost	MinEpCost	EpLen	CumulativeCost	CostRate	AverageVVals	StdVVals	MaxVVals	MinVVals	AverageCostVVals	StdCostVVals	MaxCostVVals	MinCostVVals	LossPi	DeltaLossPi	SurrCost	DeltaSurrCost	LossV	DeltaLossV	LossVC	DeltaLossVC	Penalty	DeltaPenalty	StopIter	Entropy	KL	TotalEnvInteracts	Time
0	16.702929	6.733389	57.0	8.0	0.0	0.0	0.0	0.0	16.702929	0.0	0.0	0.011773798	0.23223257	0.5097694	-0.5272542	-0.029099667	0.5834143	1.3464565	-1.3948771	-8.225441e-08	-0.017162366	2.2649764e-09	-0.0014989439	131.38687	-92.93005	0.3407397	-0.33844787	0	0	7.0	0.6741456	0.017779296	4000	3.6153554916381836
1	20.572165	9.281812	73.0	9.0	0.0	0.0	0.0	0.0	20.572165	0.0	0.0	8.848359	0.62247497	11.325093	5.781927	0.00081799366	0.008499778	0.057651397	-0.053901877	7.152557e-09	-0.015783733	4.4703484e-11	5.4138578e-05	71.65151	-26.345943	7.2909286e-05	-3.5759433e-05	0	0	8.0	0.6917574	0.014388224	8000	4.084280014038086
2	26.918919	14.828986	95.0	9.0	0.0	0.0	0.0	0.0	26.918919	0.0	0.0	12.325226	3.0679216	16.213057	1.5125242	0.00040489176	0.0053044963	0.025585955	-0.027518464	-6.6757204e-09	-0.021478096	4.656613e-11	1.5431737e-05	120.3191	-25.579964	2.8183409e-05	-1.4895627e-05	0	0	12.0	0.6838695	0.01579938	12000	7.3485352993011475
3	33.075	17.165936	127.0	9.0	0.0016832144	0.018361703	0.20198573	0.0	33.075	0.20198573	1.2624108232557773e-05	16.52243	4.713219	22.106121	0.83450884	8.531846e-05	0.005015012	0.022413615	-0.0625266	-3.5762786e-09	-0.017672535	1.15484e-10	3.6605623e-05	136.92123	-34.683456	0.00062343344	-0.0004309072	0	0	17.0	0.65919715	0.014118178	16000	10.698894739151001
4	41.81915	19.529554	118.0	13.0	0.0	0.0	0.0	0.0	41.81915	0.20198573	1.009928658604622e-05	18.5893	6.144841	25.044312	1.7679669	0.0024716442	0.013120396	0.0601466	-0.059309915	-1.7166137e-08	-0.019657334	-9.126961e-11	-2.4539402e-05	135.55247	-39.748627	0.0001789256	-0.00015457885	0	0	28.0	0.6302511	0.012505481	20000	14.21475625038147
5	62.984127	28.099874	183.0	23.0	0.0	0.0	0.0	0.0	62.984127	0.20198573	8.416072155038516e-06	20.66855	10.328702	32.127773	-0.16027346	0.00092082046	0.0022232372	0.01493051	-0.015930526	2.6702882e-08	-0.02093144	-8.381903e-12	-6.0904144e-06	214.65517	-78.554504	5.768046e-06	-3.3068654e-06	0	0	25.0	0.61123794	0.012894474	24000	17.634464263916016
6	104.947365	50.013653	221.0	20.0	26.934982	61.300053	304.0588	0.0	104.947365	1023.7313	0.03656183297293527	25.238407	14.52263	41.13413	-4.6629224	0.0012728182	0.015166904	0.12606691	-0.111072764	2.2888184e-08	-0.013976445	1.6641617e-07	0.16829884	592.731	-298.74063	1721.2465	-357.92432	0	0	11.0	0.59942275	0.013120985	28000	21.022396564483643
7	122.125	55.55501	253.0	29.0	76.85648	124.44802	484.1599	0.0	122.125	3483.139	0.10884809112548828	41.753082	11.608039	51.141308	2.2986047	17.062582	6.1469474	21.863508	-20.101524	-1.692772e-08	-0.015180282	-1.4762878e-06	0.20931807	495.396	-124.683044	5576.6846	-950.8447	0	0	79.0	0.59966457	0.0083423555	32000	24.825588703155518
8	232.23529	66.367546	377.0	150.0	292.809	153.43054	717.1994	0.46805182	232.23529	8460.892	0.23502476671006944	44.381954	11.946712	55.78006	-2.3580945	36.864395	0.057977658	36.94632	36.336906	-2.169609e-08	-0.007900888	1.2202263e-06	0.18598413	640.93195	-424.57236	11374.654	-2007.6914	0	0	79.0	0.59489757	0.0044242134	36000	28.84530472755432
9	243.46666	79.53101	378.0	146.0	178.52588	158.92732	503.63876	0.0	243.46666	11194.689	0.279867236328125	60.685726	12.910785	67.98044	4.6058474	53.23215	0.009909538	53.247772	53.175488	-3.6656857e-08	-0.006253236	-2.5463103e-07	0.07529519	426.68607	-62.40927	5025.197	-20.708008	0	0	79.0	0.5808969	0.0038489676	40000	32.59151649475098
10	291.3846	108.13918	500.0	129.0	186.31044	236.08252	664.81976	0.0	291.3846	13616.725	0.3094710138494318	66.45192	13.562354	72.56454	6.802703	55.41609	0.01185031	55.428043	55.29421	6.198883e-09	-0.0060547213	9.260178e-07	0.052351605	475.9829	-83.66046	7892.286	-0.67822266	0	0	79.0	0.5696793	0.0017038613	44000	33.86804413795471
11	357.0	104.33983	500.0	162.0	290.89755	233.46156	747.23505	0.0	357.0	16675.11	0.34739811197916665	63.85997	15.100015	76.46067	6.090806	55.255177	0.009225208	55.268536	55.19984	-1.9311905e-08	-0.0051179486	-3.2901764e-07	0.010799275	539.7384	-180.09235	7842.759	-117.723145	0	0	79.0	0.5690887	0.0024946365	48000	37.76829981803894
12	499.25	1.9843135	500.0	494.0	845.8769	560.6853	1611.5557	0.0	499.25	23442.125	0.45081009615384615	66.92683	15.150452	81.602745	10.294608	58.883125	0.014170363	58.901768	58.8235	-2.2888184e-08	-0.004936652	1.6517639e-06	0.17021388	542.5668	-233.6416	33617.56	-2808.33	0	0	79.0	0.55620044	0.0067287376	52000	41.48992991447449
13	444.75	73.37702	500.0	280.0	175.05333	193.34824	539.3173	0.0	444.75	25081.557	0.4478849400111607	84.86653	6.547938	87.13793	42.062122	73.51979	0.003709631	73.52691	73.49919	-2.384186e-10	-0.0008447509	-3.452301e-07	-0.082969494	480.55188	-139.97855	5702.454	-151.28711	0	0	79.0	0.55843484	0.0027351994	56000	45.2098913192749
14	489.25	28.441826	500.0	414.0	183.70123	204.92555	574.81354	0.0	489.25	26551.166	0.44251943359375	81.89944	10.068264	86.95824	31.113642	71.05688	0.0026211175	71.06185	71.039696	-5.00679e-09	-0.0025866854	-1.373291e-07	0.029960198	471.36298	-58.72754	5514.5605	-280.26953	0	0	79.0	0.5565068	0.0027239705	60000	49.203617572784424
15	467.5	85.986916	500.0	240.0	255.66293	418.1362	1283.8744	0.0	467.5	28596.469	0.44681982421875	78.00705	14.023572	86.60969	34.22419	66.635124	0.0032797914	66.641106	66.615654	-1.1920929e-09	-0.0015374873	9.422302e-07	-0.0003923111	494.9925	-60.928802	10938.513	-66.45508	0	0	79.0	0.5609886	0.00198912	64000	52.908602714538574
16	446.625	121.76713	500.0	128.0	116.55717	109.76259	280.86658	0.0	446.625	29528.928	0.43424893727022057	76.33461	9.239865	88.765976	56.570683	64.318985	0.0044856607	64.32651	64.2871	-4.440546e-09	-0.0043397187	8.4877016e-08	0.018270928	513.353	-54.723755	3117.6895	-385.43335	0	0	79.0	0.5655055	0.003892658	68000	56.68588972091675
17	500.0	0.0	500.0	500.0	156.93288	227.86441	567.7899	0.0	500.0	30784.39	0.4275609809027778	82.405815	10.087559	89.89997	46.595066	59.16445	0.01530626	59.182755	58.995525	4.2915342e-09	-0.0033336943	2.002716e-07	-0.00030940436	686.6196	-135.73273	5854.0474	-432.14355	0	0	79.0	0.55174166	0.006333221	72000	60.571720600128174
18	500.0	0.0	500.0	500.0	2.128587	5.393106	16.386562	0.0	500.0	30801.418	0.4052818153782895	87.99406	2.7431436	90.13451	74.58761	46.55766	20.66707	54.888332	-53.48833	-1.5497207e-08	-0.0016578062	-5.1498415e-07	-0.026603848	640.9078	-77.70911	2575.255	-2570.3044	0	0	79.0	0.5439974	0.0056828363	76000	64.62170934677124
19	483.0	44.97777	500.0	364.0	41.392082	77.16395	236.76971	0.0	483.0	31132.555	0.38915693359375	81.02687	7.84812	86.77681	10.752875	-0.36676168	1.1274766	3.5773783	-3.6014438	9.059906e-09	-0.0016829792	2.4652482e-07	-0.031234343	509.20963	-98.244385	687.3056	-197.23917	0	0	79.0	0.54312104	0.0023828926	80000	66.0111472606659
20	500.0	0.0	500.0	500.0	5.038528	13.330264	40.307095	0.0	500.0	31172.863	0.3711055152529762	80.633835	8.868731	88.90595	54.05398	6.8036532	7.060053	25.065279	-9.116148	-2.6226044e-09	-0.0013842518	-1.2397766e-07	0.00010971427	563.99194	-71.28671	85.504486	-67.91466	0	0	79.0	0.53835267	0.0019350771	84000	69.9200689792633
21	457.875	111.45227	500.0	163.0	0.68000066	1.2853228	3.7492778	0.0	457.875	31178.303	0.3542988947088068	79.6458	7.5315223	90.740005	56.79527	0.83889097	2.186515	8.645284	-6.556588	-2.002716e-08	-0.003037712	1.5735626e-08	-0.021219395	538.9265	-54.953705	5.075888	-3.3989625	0	0	79.0	0.5260686	0.0056840843	88000	73.66765666007996
22	500.0	0.0	500.0	500.0	0.0	0.0	0.0	0.0	500.0	31178.303	0.3388945949388587	86.721085	5.132404	90.66448	57.34126	-1.1547428	1.40455	2.858135	-5.4479938	1.0967255e-08	-0.0014424006	-2.7418137e-09	-0.0034142234	589.8386	-114.658264	3.306192	-2.3049889	0	0	79.0	0.5219264	0.0022980855	92000	77.45374321937561
23	500.0	0.0	500.0	500.0	0.0	0.0	0.0	0.0	500.0	31178.303	0.32477398681640623	84.65207	4.80727	90.084114	58.962936	-0.5787262	0.86409587	2.0276952	-3.302915	4.053116e-09	-0.0030274743	-6.496906e-09	-0.010334243	581.6697	-41.55945	1.0815856	-0.5923047	0	0	79.0	0.5384703	0.0060716933	96000	81.24648833274841
24	500.0	0.0	500.0	500.0	5.723654	14.2303095	43.34822	0.0	500.0	31224.092	0.31224091796875	73.663925	7.636578	87.25218	48.924202	-0.8539504	0.8596938	2.3510144	-3.9925451	7.152557e-09	-0.0025242826	-1.6987324e-08	0.0066465735	544.1686	-97.048004	24.699717	-6.503826	0	0	79.0	0.537902	0.003216668	100000	85.19516587257385
