Epoch	AverageEpRet	StdEpRet	MaxEpRet	MinEpRet	AverageEpCost	StdEpCost	MaxEpCost	MinEpCost	EpLen	CumulativeCost	CostRate	AverageVVals	StdVVals	MaxVVals	MinVVals	AverageCostVVals	StdCostVVals	MaxCostVVals	MinCostVVals	LossPi	DeltaLossPi	SurrCost	DeltaSurrCost	LossV	DeltaLossV	LossVC	DeltaLossVC	Penalty	DeltaPenalty	StopIter	Entropy	KL	TotalEnvInteracts	Time
0	18.572094	8.390092	52.0	8.0	0.394901	0.26335338	1.4360057	0.012774485	18.572094	85.19566	0.021298915	0.0024938306	0.18486051	0.46574447	-0.46017572	-0.00012681246	0.15243468	0.3524259	-0.36044458	1.0871887e-07	-0.016460998	-7.2717667e-09	-0.0007959362	170.27098	-22.670334	0.11212729	-0.07711654	0	0	8.0	0.6853416	0.016101725	4000	2.5022497177124023
1	25.259493	14.092453	104.0	10.0	0.45758018	0.64275795	6.253159	0.027713878	25.259493	157.57672	0.01969709	1.0983309	0.32401347	2.4023945	-0.72681004	0.22898419	0.02395226	0.30080783	0.13729726	7.200241e-08	-0.010513976	-2.7418137e-09	0.0017284154	312.38583	-97.6346	0.39353016	-0.020349503	0	0	13.0	0.6909008	0.013110867	8000	4.573544263839722
2	30.914728	19.517447	107.0	10.0	0.50601244	0.8743898	9.515089	0.01677763	30.914728	223.2378	0.01860315	5.229688	0.5039928	6.8844447	2.6395555	0.3391628	0.08117425	0.7063381	-0.35847092	1.9788741e-08	-0.014272595	-1.0728836e-09	0.0039514564	366.2414	-121.106766	0.7992468	-0.16554344	0	0	79.0	0.67648154	0.005281743	12000	7.145893573760986
3	39.465347	25.439335	169.0	12.0	1.0518949	3.4599447	32.283596	0.017484093	39.465347	329.651	0.020603187	11.031988	0.99195725	14.418472	5.858246	0.42046827	0.41686425	2.9115055	-1.4095582	-2.5093556e-08	-0.015119386	-3.5382808e-08	0.009691459	406.9695	-87.81448	10.13769	-0.74954605	0	0	79.0	0.6641725	0.0049692867	16000	9.453474283218384
4	49.93671	31.330153	181.0	10.0	1.6560242	3.1736922	17.175583	0.029585658	49.93671	461.09283	0.023054643	15.664039	0.24611051	16.17078	14.154653	1.1377302	1.0540489	6.0948114	-2.3904488	4.2915346e-08	-0.014769515	7.2717667e-09	0.013174647	459.38593	-70.395325	5.12166	-0.2773037	0	0	79.0	0.6499435	0.004552126	20000	11.884328365325928
5	66.40678	36.17758	160.0	13.0	4.479984	7.11096	31.054497	0.07419449	66.40678	728.278	0.030344917	19.13412	0.65435326	20.304466	14.532953	1.3445106	1.0494956	5.0413156	-1.7438291	-1.6450882e-08	-0.014125535	1.513958e-08	0.020885326	549.7724	-77.95328	26.358952	-4.8610344	0	0	79.0	0.63616955	0.0040033865	24000	14.180540323257446
6	94.45238	49.53748	197.0	13.0	11.452718	17.723795	91.915344	0.053153343	94.45238	1209.4454	0.04319448	22.185621	1.0388656	23.241682	13.498592	3.3887599	0.8557754	5.843168	0.46915966	-4.482269e-08	-0.011425445	2.002716e-08	0.036172003	835.63074	-118.084595	128.84103	-16.752533	0	0	79.0	0.6230767	0.0037884407	28000	16.562766551971436
7	125.870964	50.72236	240.0	25.0	23.734278	23.098942	74.65432	0.16419199	125.870964	1977.835	0.061807342	25.253288	2.7528048	26.321163	-4.5362244	7.639912	1.3851516	11.118924	1.3991878	-2.6583672e-08	-0.0059771845	1.1014939e-07	0.033057988	971.6407	-119.89844	196.16248	-30.606888	0	0	79.0	0.62100893	0.002809908	32000	19.015376329421997
8	149.0	42.634403	291.0	82.0	23.365929	16.028751	60.760925	3.2343159	149.0	2595.462	0.07209616	27.717129	3.307916	29.081032	-2.3256834	12.094295	1.7957566	16.053526	3.917112	9.059906e-09	-0.00846029	2.1457673e-08	0.03486104	975.1138	-113.37665	88.573814	-6.5232773	0	0	79.0	0.6089888	0.002748923	36000	20.557156801223755
9	151.3077	59.55719	283.0	17.0	28.324995	20.926994	75.98363	0.28871056	151.3077	3332.2253	0.083305635	30.829319	3.1133418	31.594116	-9.432182	10.539652	1.1023139	13.178762	5.8391595	-3.2901763e-08	-0.00558721	-1.2397766e-08	0.021111537	990.1926	-87.730774	129.80779	-9.066986	0	0	79.0	0.60137844	0.0047781905	40000	22.99047875404358
10	177.90909	59.998413	376.0	110.0	37.962208	17.901922	80.44792	11.514553	177.90909	4168.7095	0.0947434	32.44293	5.1080503	33.762012	-14.780478	13.092358	0.8284749	14.95267	7.585731	-9.6559525e-09	-0.004203744	0.0	0.014883713	1046.9077	-94.458984	125.29074	-8.145157	0	0	79.0	0.6046394	0.004207488	44000	25.623124361038208
11	228.76471	67.812485	363.0	136.0	43.71514	21.172325	96.12409	9.395651	228.76471	4921.2695	0.10252645	34.5661	4.520749	35.929974	-8.753565	15.786318	0.541601	16.775188	12.536276	2.771616e-08	-0.00320212	-1.5401841e-07	0.01335661	1322.0602	-130.65637	125.78697	-0.87137604	0	0	79.0	0.6067373	0.0031520866	48000	28.001850605010986
12	205.52632	90.34983	500.0	117.0	41.2943	19.844397	72.57884	5.531473	205.52632	5707.359	0.1097569	38.296673	0.050603338	38.34136	38.00125	15.263956	0.49724248	16.412071	12.538698	-2.7060509e-08	-0.0053009037	-4.9591065e-08	-0.0019109122	1139.632	-77.493286	145.01953	-39.580925	0	0	79.0	0.60199636	0.004219634	52000	30.410616636276245
13	184.28572	52.771873	265.0	30.0	50.34182	25.82436	91.167984	0.3543503	184.28572	6769.924	0.1208915	40.195236	0.027077219	40.216812	39.98177	15.3167515	2.858018	20.074928	3.6195273	-7.987023e-09	-0.0030121747	7.891655e-08	-0.0061214077	876.3844	-45.553467	130.74434	-42.415115	0	0	79.0	0.6000404	0.0037905287	56000	32.92424774169922
14	296.3846	96.65763	471.0	148.0	37.28151	11.316617	56.626984	16.611513	296.3846	7256.4355	0.120940596	40.388817	4.6641197	41.657536	-12.11413	8.320067	11.635153	24.569515	-22.618174	-3.0994414e-08	-0.003306621	1.6212464e-08	0.011203613	1411.4431	-131.67554	211.42667	-160.15968	0	0	79.0	0.59671926	0.002510878	60000	35.584070444107056
15	298.30768	128.42679	500.0	118.0	34.017956	16.06683	70.91903	10.042707	298.30768	7700.0273	0.12031293	43.78311	1.453582	43.924942	4.277501	12.316052	1.82982	18.289896	1.280066	6.9141386e-09	-0.0058786967	-3.4570693e-08	0.0058586053	1370.3438	-104.090576	66.797	-12.775841	0	0	79.0	0.5891499	0.003501381	64000	37.99350714683533
16	369.3	151.22768	500.0	72.0	23.144909	16.916382	48.00807	0.6387413	369.3	7947.623	0.11687681	45.94397	0.06471931	45.97483	45.201374	8.86329	2.0996299	16.342497	2.5062706	-3.1471252e-08	-0.0038998977	4.673004e-08	0.00039579676	1563.6538	-127.585205	35.99356	-13.87985	0	0	79.0	0.58800244	0.0026802944	68000	40.415570974349976
17	362.5	106.46525	500.0	217.0	35.04623	21.223509	76.701675	1.3127056	362.5	8301.009	0.11529179	47.59292	3.6255598	48.16812	-12.466198	4.601521	3.3255215	14.467653	-7.1801095	4.768372e-10	-0.0034386946	3.5762787e-10	0.015548855	1346.2457	-107.49451	65.280174	-9.845833	0	0	79.0	0.58712304	0.0072783744	72000	42.8061158657074
18	274.7143	93.58222	500.0	173.0	50.990967	19.600925	88.04861	4.905223	274.7143	9016.14	0.11863342	50.129612	0.029887151	50.147152	49.94515	9.906051	2.8161008	16.88593	3.654113	-3.409386e-08	-0.004814021	-1.4066696e-08	-0.004058413	963.88324	-42.8609	111.37717	-45.97773	0	0	79.0	0.58853734	0.008206976	76000	45.26128935813904
19	395.77777	108.23101	500.0	158.0	42.550705	20.247929	75.1575	7.6939692	395.77777	9420.142	0.11775177	50.626022	5.361417	51.439304	-34.41037	10.663237	7.0055556	22.319448	-16.209913	-3.8981437e-08	-0.003777516	2.5868415e-08	0.022418102	1280.8616	-95.454956	71.67464	-20.516357	0	0	79.0	0.5731751	0.005389452	80000	47.833993673324585
20	295.0	96.60626	500.0	146.0	47.310555	19.500189	78.07444	8.724298	295.0	10040.608	0.11953105	53.244045	0.01320994	53.251526	53.129917	11.763079	3.0681396	19.488335	2.881644	-5.066395e-09	-0.0030747463	3.3140182e-08	0.010062989	926.3081	-37.429993	70.88323	-7.11018	0	0	79.0	0.5821975	0.0029335155	84000	50.50795030593872
21	254.06667	85.05407	443.0	156.0	61.51891	14.341841	90.451035	37.200073	254.06667	10981.85	0.124793746	54.459595	0.0052480614	54.46329	54.436787	14.3693	3.4515622	21.495197	6.333894	-1.0728836e-09	-0.0016945206	6.723404e-08	-0.02355167	794.8967	-18.412292	104.83483	-27.454102	0	0	79.0	0.5825751	0.0073260115	88000	52.21331739425659
22	347.9091	89.85084	500.0	244.0	69.913536	16.780783	97.91622	45.312725	347.9091	11757.626	0.12780029	55.312347	0.00503662	55.315514	55.28349	19.136625	3.3040786	24.753439	9.374063	-1.7404556e-08	-0.0063443924	-9.059906e-09	0.013366255	961.3506	-43.40625	40.631603	-5.0370026	0	0	79.0	0.5758921	0.0054668305	92000	54.96515440940857
23	433.8889	83.520386	500.0	260.0	65.48436	32.40178	122.12757	10.477769	433.8889	12348.936	0.12863475	56.58225	0.004887801	56.58568	56.55504	15.809315	4.3199916	23.712318	5.330152	-2.193451e-08	-0.0036748915	1.001358e-08	-0.005590448	1058.1481	-62.154907	106.300804	-14.774742	0	0	79.0	0.56231296	0.0035954923	96000	57.64193105697632
24	488.125	31.418297	500.0	405.0	38.184586	19.441944	78.76697	15.119733	488.125	12656.158	0.12656158	58.125328	0.0042559677	58.128384	58.1003	11.711566	3.9151309	21.912584	0.22936241	1.2159347e-08	-0.0016027798	-2.9563903e-08	0.01940491	1058.3333	-66.91986	46.88907	-26.728308	0	0	79.0	0.56822217	0.0032107353	100000	60.20632982254028
