Epoch	AverageEpRet	StdEpRet	MaxEpRet	MinEpRet	AverageEpCost	StdEpCost	MaxEpCost	MinEpCost	EpLen	CumulativeCost	CostRate	AverageVVals	StdVVals	MaxVVals	MinVVals	AverageCostVVals	StdCostVVals	MaxCostVVals	MinCostVVals	LossPi	DeltaLossPi	SurrCost	DeltaSurrCost	LossV	DeltaLossV	LossVC	DeltaLossVC	Penalty	DeltaPenalty	StopIter	Entropy	KL	TotalEnvInteracts	Time
0	15.436294	7.869029	52.0	4.0	0.33892307	0.39481443	3.3836968	0.011510474	15.436294	87.7821	0.021945525	0.00061782636	0.21793239	0.5931471	-0.67196655	-0.0004980098	0.06976252	0.26435855	-0.30813065	4.482269e-08	-0.014653809	-8.8214875e-09	-0.00075123465	135.99905	-21.757713	0.24505176	-0.0802412	0	0	6.0	0.9189385	0.016675288	4000	3.7336363792419434
1	18.260275	8.542711	47.0	6.0	0.31833547	0.4233736	4.524072	0.030267006	18.260275	157.49928	0.01968741	1.1977988	0.31804305	2.484754	0.030585058	0.26874945	0.032423336	0.46551725	0.0063411584	6.3180923e-09	-0.012580048	-3.874302e-10	-1.4301151e-05	143.7278	-59.85952	0.20240012	-0.0082950145	0	0	8.0	0.9170072	0.0143631175	8000	7.003505229949951
2	22.642046	10.1646805	63.0	6.0	0.34899986	0.5063262	3.9658446	0.010454648	22.642046	218.96954	0.018247463	5.1715426	0.1515734	5.635456	4.3656282	0.25377825	0.056675795	0.54240227	-0.07937967	3.385544e-08	-0.012774096	-8.642673e-10	0.0030522237	131.71574	-52.013832	0.21298228	-0.0042073727	0	0	79.0	0.9149084	0.006765555	12000	10.976752281188965
3	24.689442	12.076998	93.0	7.0	0.51779723	0.8038866	4.901854	0.022731917	24.689442	302.4666	0.018904163	10.148498	0.5640448	11.575952	7.8058543	0.2655846	0.115095146	0.89913744	-0.2825923	-2.4795533e-08	-0.015594343	7.1525574e-10	0.012340625	112.065765	-14.950127	0.6026952	-0.07459134	0	0	28.0	0.9206232	0.012221914	16000	14.423699855804443
4	32.177418	16.67916	123.0	7.0	1.5836548	2.8109946	18.526169	0.027674345	32.177418	498.8698	0.024943491	13.123634	0.77468115	14.844211	10.065912	0.43075937	0.11085717	0.90312433	-0.123804465	-4.887581e-09	-0.011576139	3.8266183e-08	0.023307772	180.5145	-21.292404	6.6600018	-1.7657428	0	0	79.0	0.92389435	0.005519835	20000	18.087519884109497
5	34.61739	15.908752	113.0	8.0	2.5085585	4.0123177	27.691456	0.037182875	34.61739	787.5308	0.032813784	16.42838	0.31060603	17.114986	14.152487	1.3430711	0.80722153	4.0312533	-2.048371	2.336502e-08	-0.012475745	6.842613e-08	0.06621523	146.35756	-13.827591	12.142412	-1.5007782	0	0	11.0	0.9301361	0.014069088	24000	20.742192029953003
6	47.595238	18.91467	109.0	12.0	16.08348	26.44994	104.7164	0.048819587	47.595238	2138.5461	0.07637665	16.264423	4.9617367	20.850187	-8.842245	2.2685874	0.14410453	2.7830138	1.6727997	9.894371e-09	-0.010412789	6.570816e-07	0.33342427	207.6278	-42.225235	514.83606	-106.69556	0	0	7.0	0.93143976	0.016350994	28000	24.566934823989868
7	63.365078	28.438349	141.0	16.0	43.48828	36.44845	112.6506	0.06243011	63.365078	4878.3203	0.1524475	20.981258	4.827162	23.786884	-9.794088	11.783662	1.1229911	14.4426565	6.0871434	3.194809e-08	-0.006961417	-5.3691866e-07	0.224793	354.70062	-55.4993	986.14966	-238.15326	0	0	9.0	0.9320238	0.013299546	32000	28.416746616363525
8	67.72881	27.806128	185.0	24.0	53.384197	34.369022	120.331825	0.32758132	67.72881	8027.9956	0.22299987	25.355534	3.502473	26.992395	-6.2924724	20.617344	0.14247385	20.967253	19.875778	-4.2915342e-09	-0.007354416	3.5095215e-07	0.12256926	327.62094	-22.019165	831.29193	-94.14551	0	0	79.0	0.9321164	0.0032891913	36000	32.76048159599304
9	78.0	33.941704	225.0	43.0	63.490917	28.050125	115.18039	5.1065426	78.0	11266.228	0.2816557	27.461817	4.306041	28.948828	-11.127678	24.611534	0.25439635	25.018541	22.956442	-1.4305114e-08	-0.0037531385	-5.9127807e-08	0.031237291	408.13977	-27.038513	682.5767	-67.61597	0	0	79.0	0.9175467	0.0019838705	40000	37.059234619140625
10	85.422226	35.040604	179.0	41.0	67.156204	23.731188	114.41003	1.19897	85.422226	14312.137	0.32527584	29.807234	4.302108	31.097225	-12.240962	27.570078	0.12296723	27.792936	26.786312	-3.051758e-08	-0.005555165	-1.4495849e-07	-0.013364528	460.24146	-31.63211	495.7868	-39.64148	0	0	79.0	0.91780776	0.004150929	44000	41.322750091552734
11	94.71429	33.74575	195.0	42.0	64.10098	22.177479	112.58468	7.1465425	94.71429	17004.42	0.35425875	32.54848	4.0135894	33.4641	-12.9800205	29.740725	0.11131036	29.932045	28.90522	5.4836273e-09	-0.0039816466	1.9645691e-07	0.0025639648	422.6645	-17.236115	353.65738	-13.166687	0	0	79.0	0.93594086	0.0026377852	48000	45.66575312614441
12	95.14286	40.560696	205.0	23.0	63.947067	25.311808	101.50557	0.08862516	95.14286	19690.219	0.37865806	34.14452	4.339938	35.21503	-12.218946	30.958988	0.20248394	31.19049	29.439528	-3.695488e-08	-0.005169192	9.846687e-08	-0.023445237	455.4648	-13.803558	391.18463	-7.266449	0	0	79.0	0.943901	0.0032012498	52000	49.08795189857483
13	116.117645	54.154335	361.0	47.0	63.361687	27.322212	133.66542	4.264651	116.117645	21888.688	0.3908694	35.40911	5.132201	36.76849	-17.359392	31.868631	0.23649529	32.113747	28.536354	-4.172325e-08	-0.006444631	1.0490417e-08	-0.019328952	581.8092	-39.125	364.73172	-0.09008789	0	0	79.0	0.9552791	0.0049967226	56000	53.413082122802734
14	131.3	53.052273	249.0	27.0	59.630745	24.684645	108.97907	1.3033996	131.3	23687.82	0.394797	37.661736	5.1667743	39.273174	-6.602054	31.902397	0.21468769	32.17658	30.222527	3.6478042e-08	-0.008092534	-7.510185e-09	0.025083262	603.3425	-49.984924	209.14081	-3.087555	0	0	79.0	0.97883624	0.0057612336	60000	57.69848299026489
15	178.95454	104.82517	499.0	75.0	63.833412	22.300493	121.723495	33.450764	178.95454	25094.908	0.39210793	41.70825	1.9164407	41.98996	7.571287	31.347895	0.17599782	31.606707	29.21343	-1.1920929e-08	-0.0051296228	3.299713e-07	-0.0015041298	995.6807	-101.47101	346.2471	-33.980865	0	0	79.0	1.0086595	0.004201044	64000	61.72198748588562
16	249.3125	131.97856	569.0	91.0	60.645214	25.768286	106.47024	10.301265	249.3125	26065.402	0.38331473	44.981388	2.4936106	45.454094	8.25465	28.510319	3.409721	30.028156	-17.936451	4.6014787e-08	-0.0049920087	8.392334e-08	0.008564587	1184.2716	-145.65479	328.25934	-68.58472	0	0	79.0	1.0346975	0.0029553475	68000	66.09511256217957
17	277.7143	183.56409	842.0	94.0	56.122986	23.964418	119.90552	31.393812	277.7143	26862.611	0.37309182	49.074265	0.15828057	49.116623	47.33191	25.08245	3.4990396	27.705563	-4.9032106	2.4318695e-08	-0.0040884325	-1.2493133e-07	-0.0048821275	1145.4843	-111.51172	248.23602	-81.41821	0	0	79.0	1.0197519	0.0047892393	72000	70.48095774650574
18	544.0	303.4671	1000.0	252.0	42.614532	12.100825	67.40287	31.182327	544.0	27169.225	0.3574898	51.730865	1.9885906	52.095284	25.551428	19.318905	3.2647667	24.960846	1.4469583	-1.2111664e-07	-0.004599641	-2.5749207e-08	-0.00861778	1515.5974	-253.28674	180.34715	-143.8922	0	0	10.0	1.0007627	0.011942558	76000	74.35289287567139
19	891.75	187.4945	1000.0	567.0	46.051224	13.449753	62.13821	25.937634	891.75	27389.799	0.34237248	55.880756	0.09354826	55.910343	54.71628	8.530106	0.98384625	11.177773	4.5450487	-3.528595e-08	-0.0026113156	-2.3841858e-08	-0.008020875	1563.8158	-248.48206	32.1618	-13.33334	0	0	9.0	1.0022539	0.011398775	80000	78.32716846466064
20	1000.0	0.0	1000.0	1000.0	33.84946	22.734577	70.71835	13.285168	1000.0	27525.197	0.32768092	59.336414	0.23204193	59.393715	55.006783	5.372334	0.8359213	7.687598	2.7980478	1.7213821e-07	-0.0023067992	-2.9459596e-08	0.008423887	1407.9425	-210.73853	19.509031	-5.2790174	0	0	79.0	1.0034082	0.0064257346	84000	82.07748460769653
21	498.375	312.85898	1000.0	70.0	61.366398	22.487547	115.09009	36.59825	498.375	28016.195	0.31836584	62.35289	0.0066929897	62.35541	62.266323	4.588179	0.8315429	8.207754	2.35746	5.0783157e-08	-0.0027854932	6.103516e-08	-0.01712525	1015.8992	-77.982056	140.16333	-30.43644	0	0	79.0	1.0180444	0.0021288954	88000	85.95779943466187
22	949.5	87.46857	1000.0	798.0	43.098434	20.345957	63.421932	16.888645	949.5	28199.748	0.306519	64.16309	0.010698673	64.1695	64.086876	8.059245	2.812912	16.228046	0.8540325	-1.2791156e-07	-0.0027179082	6.568432e-08	-0.02337787	1047.17	-124.21704	30.494488	-12.766413	0	0	79.0	1.0227088	0.0052308394	92000	90.16192555427551
23	810.25	328.65665	1000.0	241.0	23.961857	13.492258	43.50566	10.888086	810.25	28315.941	0.29495773	66.233475	0.9930678	66.32138	39.776505	3.8193307	1.918753	9.347799	-4.1731534	-6.353855e-08	-0.0058551603	-2.1457673e-08	-0.007981963	929.4808	-122.78253	22.339724	-4.7649	0	0	79.0	1.0108614	0.003711825	96000	94.57608652114868
24	842.0	273.66403	1000.0	368.0	28.138548	12.380184	41.963814	15.386457	842.0	28449.527	0.28449526	67.91564	4.6986556	68.35161	-17.64115	2.8566072	1.0130413	6.548503	-1.0236652	-1.9311905e-08	-0.0050643254	2.4318695e-08	-0.004172747	805.929	-96.95795	10.197785	-0.80550003	0	0	6.0	1.0222894	0.015430563	100000	98.42592453956604
25	788.25	354.17395	1000.0	175.0	47.39388	40.612167	117.42627	20.207891	788.25	28682.55	0.27579376	70.20103	0.019476658	70.206696	69.97067	3.1858513	0.72526884	5.471178	0.83735305	-6.937981e-08	-0.00423741	-1.9073486e-08	-0.015945092	761.96326	-71.76257	75.862686	-5.8190994	0	0	79.0	1.0228457	0.006957741	104000	102.70439720153809
26	1000.0	0.0	1000.0	1000.0	26.000816	9.328359	38.83543	16.507889	1000.0	28786.555	0.26654217	71.81184	0.021660661	71.81828	71.56386	4.6807685	1.1827289	8.243289	1.375262	8.895397e-07	-0.0019831117	2.026558e-09	0.0030232517	676.4257	-84.43512	9.651705	-4.802699	0	0	79.0	1.02476	0.0036933802	108000	106.93388891220093
27	780.8	284.3142	1000.0	304.0	43.433506	13.924512	63.0811	26.243576	780.8	29031.938	0.25921372	73.38387	1.5385745	73.538155	47.27023	2.7568488	1.2447414	7.967353	-1.3009416	-4.9114227e-08	-0.00395605	-1.2397766e-08	-0.003731785	604.81537	-56.322144	24.956215	-4.7238045	0	0	79.0	1.0002606	0.005791863	112000	111.18219995498657
28	773.75	391.8765	1000.0	95.0	55.176422	40.980995	120.24824	16.70026	773.75	29273.33	0.2523563	74.90114	0.011068061	74.90397	74.6245	4.6627383	1.1334811	8.189948	1.2647125	-4.196167e-08	-0.0014879529	3.242493e-08	-0.04294759	564.7405	-58.83957	125.702095	-4.2105637	0	0	7.0	1.0180836	0.014072436	116000	114.23989701271057
29	1000.0	0.0	1000.0	1000.0	18.550804	2.9543383	22.32	14.539874	1000.0	29347.533	0.24456277	76.34471	0.006423545	76.34799	76.25842	4.6429315	1.7922467	9.184623	-0.6664133	1.1587143e-07	-0.0054272898	-1.3232231e-08	-0.010936559	476.34918	-60.830048	11.697845	-8.45722	0	0	79.0	1.0207163	0.008261852	120000	118.54370188713074
30	1000.0	0.0	1000.0	1000.0	9.122951	1.2639784	10.622821	7.230911	1000.0	29384.025	0.23696795	77.82192	0.0064309267	77.82607	77.74262	1.8208977	1.1165556	6.033308	-1.727252	-7.70092e-07	-0.0037539597	1.7642975e-08	-0.006075257	418.70364	-54.215576	2.5217714	-1.3337815	0	0	79.0	0.97913337	0.0041325046	124000	122.94786310195923
31	1000.0	0.0	1000.0	1000.0	5.992616	1.4954504	7.6303406	3.738229	1000.0	29407.996	0.22974996	79.227425	0.014186042	79.23179	78.98046	0.9162185	0.70622456	2.8661528	-2.1991782	-3.3402443e-07	-0.0008020187	5.364418e-10	-0.001032256	367.32367	-48.040558	0.90974504	-0.3449927	0	0	79.0	0.9693069	0.0019055097	128000	127.28550839424133
32	1000.0	0.0	1000.0	1000.0	10.257796	2.5484457	13.208798	6.1886034	1000.0	29449.027	0.2230987	80.55812	0.0067133647	80.5623	80.42907	0.49544966	0.56810546	2.4654012	-1.7642932	-2.193451e-08	-0.0026419754	-5.3644182e-09	0.0011228265	321.76025	-42.63092	1.4427725	-0.08339727	0	0	79.0	0.98429394	0.0029184527	132000	131.59095096588135
33	1000.0	0.0	1000.0	1000.0	7.6666574	2.319285	11.173629	4.681628	1000.0	29479.693	0.21676245	81.821106	0.0040232665	81.82428	81.780716	0.70627755	0.53053564	2.3418062	-1.0769831	3.92437e-07	-0.0027098556	7.3313715e-09	-0.0007268315	281.32233	-37.858017	0.8912754	-0.09193009	0	0	79.0	0.961421	0.005443842	136000	135.9967737197876
34	1000.0	0.0	1000.0	1000.0	9.757282	3.4206936	15.681425	7.7038345	1000.0	29518.723	0.21084802	83.01923	0.009213516	83.02397	82.8711	0.5768945	0.5482084	3.3837557	-1.1599878	-9.460449e-07	-0.0015489424	4.6491624e-09	0.004974799	245.4579	-33.629105	1.1755036	-0.112994075	0	0	8.0	0.960283	0.014612047	140000	139.87908554077148
35	838.0	280.59222	1000.0	352.0	8.411728	1.1559464	10.105059	6.86633	838.0	29556.713	0.20525496	84.163376	0.0026749717	84.16523	84.10665	0.9402894	0.41921985	2.3643339	-0.5338341	-2.2530555e-08	-0.003927517	4.7683715e-09	0.0005808372	260.42474	-21.128632	0.5932151	-0.025460362	0	0	6.0	0.96095693	0.016663104	144000	142.8863115310669
36	1000.0	0.0	1000.0	1000.0	15.208929	7.1500783	25.85391	7.969367	1000.0	29617.549	0.20011857	85.089836	0.0023985086	85.09167	85.060135	0.86713386	0.40226242	2.135641	-0.32328182	2.8085708e-07	-0.0030974161	8.761883e-09	0.0046183467	189.24525	-26.659073	3.051223	-0.050297976	0	0	79.0	0.9609615	0.0045808726	148000	147.07964968681335
37	748.2	220.25658	1000.0	470.0	21.949017	12.560196	45.877647	9.739957	748.2	29738.576	0.19564852	86.11272	0.12427065	86.12348	82.64027	1.1214663	0.7081138	3.3708131	-1.5481406	-1.847744e-09	-0.0067037963	-9.0897085e-09	-0.00350341	334.80856	-34.439636	10.035826	-2.1251183	0	0	12.0	0.9506116	0.013001651	152000	150.9628622531891
38	830.75	293.1496	1000.0	323.0	32.66389	22.749884	70.82588	13.873919	830.75	29875.578	0.19151011	86.53295	0.75621694	86.64141	56.47002	2.316238	0.91830933	5.9162345	-0.07010351	-2.9742719e-08	-0.0027300834	-2.8848648e-08	-0.012743333	214.191	-16.672958	18.060148	-0.77145386	0	0	79.0	0.9486023	0.005590216	156000	155.1734175682068
39	1000.0	0.0	1000.0	1000.0	9.358534	2.6558387	12.988523	5.667195	1000.0	29913.014	0.18695633	87.39763	0.05979918	87.41309	86.26068	2.7674289	0.8116102	4.859963	0.2570883	3.2496453e-07	-0.0041623474	-1.0818243e-08	0.016888717	135.1319	-20.757004	4.9904747	-3.918489	0	0	6.0	0.93257713	0.01951926	160000	158.99666905403137
40	1000.0	0.0	1000.0	1000.0	29.15242	10.214606	41.897774	16.220795	1000.0	30029.623	0.18310745	88.3627	0.0045169783	88.364914	88.302826	1.5833926	0.68239903	4.05855	0.06650055	6.604195e-08	-0.0024524343	2.926588e-08	0.010013334	115.28531	-18.499962	11.501353	-1.5230942	0	0	79.0	0.9314496	0.00448422	164000	163.412034034729
41	1000.0	0.0	1000.0	1000.0	51.16245	15.1730795	67.881645	33.69541	1000.0	30234.273	0.17996591	89.28205	0.037703138	89.28764	88.47175	2.9571357	1.0957031	6.192166	-0.5891696	-2.8133393e-08	-0.0015854633	-3.6895276e-08	0.024211276	97.799034	-16.108803	25.147465	-2.0371437	0	0	6.0	0.9436307	0.015120211	168000	167.16188526153564
42	437.66666	329.08664	1000.0	121.0	60.231087	16.675575	91.44996	36.951633	437.66666	30780.3	0.17895524	90.16011	0.0009230701	90.160614	90.1514	4.914221	1.4229939	10.012386	1.8297371	5.3644182e-09	-0.004451926	1.2350083e-07	-0.052519724	627.9357	-4.406494	111.985435	-35.846428	0	0	79.0	0.944858	0.009491207	172000	171.37964057922363
43	1000.0	0.0	1000.0	1000.0	39.68844	16.430859	66.99164	23.621483	1000.0	30939.055	0.17579009	89.76561	0.0032867738	89.766846	89.716705	8.895762	2.624608	15.764646	-0.33976856	3.299713e-07	-0.0032756529	1.0973215e-07	-0.0077279746	89.16123	-13.022675	44.331375	-26.465921	0	0	79.0	0.91365755	0.0034256228	176000	174.78623604774475
44	1000.0	0.0	1000.0	1000.0	42.117554	22.020248	76.30952	21.199928	1000.0	31107.523	0.17281957	90.50145	0.0015040262	90.50231	90.48339	3.786333	1.7324445	9.847591	-2.1328373	2.553463e-07	-0.001513215	-3.838539e-08	-0.0012709359	76.80353	-13.770306	27.561964	-0.4647522	0	0	79.0	0.8911996	0.0035190945	180000	178.81965899467468
45	746.2	330.49078	1000.0	188.0	43.57452	9.357146	52.510742	28.03028	746.2	31340.84	0.17033066	91.34689	0.00505271	91.34867	91.27012	3.794264	2.1437461	10.742215	-2.5290601	-2.2649764e-09	-0.0044751666	2.5749207e-08	-0.013505479	228.42072	-2.3300018	27.887964	-0.6534653	0	0	79.0	0.9113372	0.0033910943	184000	183.04701232910156
46	919.75	138.99707	1000.0	679.0	29.447945	9.557167	42.376495	18.286829	919.75	31482.701	0.16746117	91.728485	0.0028180107	91.729996	91.69318	4.3155704	2.0682316	13.284086	-1.7183847	-1.0490417e-08	-0.0046762303	-8.34465e-09	-0.019076789	140.6086	-4.783737	11.138653	-1.6291418	0	0	40.0	0.9468627	0.011974675	188000	187.1228415966034
47	1000.0	0.0	1000.0	1000.0	7.5548897	1.2581053	9.308013	5.8105245	1000.0	31512.92	0.1641298	92.232475	0.004609071	92.234955	92.16158	2.5118928	1.1999477	7.0891047	-1.3183577	-9.949207e-07	-0.0013544755	-9.894371e-09	-0.019568292	51.362537	-9.775654	4.245476	-3.149014	0	0	9.0	0.94063735	0.012610755	192000	191.02968168258667
48	1000.0	0.0	1000.0	1000.0	4.120231	1.3205295	6.272819	2.6760223	1000.0	31529.4	0.1608643	92.965	0.009818529	92.971924	92.88232	0.34581995	0.8316214	3.0629702	-2.0336502	-5.426407e-07	-0.0014698341	7.1525574e-10	0.0013911137	42.134384	-8.55925	0.8697669	-0.22595501	0	0	79.0	0.9396263	0.0030159021	196000	195.27780413627625
49	1000.0	0.0	1000.0	1000.0	4.9994073	1.1276933	6.6370993	3.4688888	1000.0	31549.398	0.15774699	93.67912	0.026140634	93.68717	93.0978	0.34379658	0.8145904	2.973279	-2.4584165	2.7275087e-07	-0.0021147728	1.5497208e-09	0.0069019548	34.011078	-7.118414	0.8396252	-0.2322262	0	0	79.0	0.9404443	0.004883322	200000	199.82110857963562
