Epoch	AverageEpRet	StdEpRet	MaxEpRet	MinEpRet	AverageEpCost	StdEpCost	MaxEpCost	MinEpCost	EpLen	CumulativeCost	CostRate	AverageVVals	StdVVals	MaxVVals	MinVVals	AverageCostVVals	StdCostVVals	MaxCostVVals	MinCostVVals	LossPi	DeltaLossPi	SurrCost	DeltaSurrCost	LossV	DeltaLossV	LossVC	DeltaLossVC	Penalty	DeltaPenalty	Optim_A	Optim_B	Optim_c	Optim_q	Optim_r	Optim_s	Optim_Lam	Optim_Nu	OptimCase	Margin	BacktrackIters	Entropy	KL	TotalEnvInteracts	Time
0	18.85849	9.051153	54.0	8.0	0.40288907	0.27961636	1.6033905	0.031061558	18.85849	85.52693	0.021381732	0.0034753846	0.18142919	0.43727586	-0.5178441	0.001003171	0.15105556	0.42295194	-0.3488487	8.916855e-08	-0.013409559	-1.2516975e-09	-0.0002041874	185.1134	-21.752472	0.12212967	-0.076227814	0.0	0.0	0.017406067	-0.07887297	-0.005149454	0.017699815	0.00029604894	0.00029836828	1.3304065	0.0	3.0	0.0	0.0	0.68526036	0.0045539197	4000	2.5096588134765625
1	22.531073	11.345642	72.0	9.0	0.41072187	0.3707939	2.30424	0.010483036	22.531073	158.49104	0.01981138	0.9925635	0.38919735	2.0518718	-0.20317589	0.24379171	0.01939535	0.30371535	0.12463708	-2.9802322e-08	-0.013951882	-1.3113022e-09	0.0009093997	232.23306	-77.94649	0.09326529	-0.0023646802	0.0	0.0	0.0154541135	-0.027693694	-0.0039624446	0.01920146	-0.001249369	0.00041654095	1.3856933	0.0	3.0	0.0	0.0	0.692035	0.004538274	8000	4.685207843780518
2	22.647728	11.082377	88.0	8.0	0.39153612	0.29663324	1.5007497	0.051992882	22.647728	227.52184	0.018960154	4.7633586	0.33230963	5.7174478	3.4691122	0.24789728	0.050221268	0.45181862	0.017458152	-2.8014183e-08	-0.015285345	-1.4156103e-09	0.0007635933	152.52707	-55.48999	0.05138018	-0.0026743785	0.0	0.0	0.012563735	-0.16765244	-0.0047891727	0.022950822	-0.0011580352	0.000129107	1.5149529	0.0	3.0	0.0	0.0	0.6906531	0.004490297	12000	6.822461366653442
3	34.189655	23.072939	145.0	8.0	1.1681368	2.4123182	14.930676	0.05938668	34.189655	363.12564	0.022695353	9.269898	0.4886658	10.725811	6.6552405	0.2118201	0.04253588	0.39698616	0.031955414	-2.6226044e-09	0.010608035	-8.5532665e-09	-0.009198602	366.48624	-98.74704	5.636856	-1.2935481	1.0483384	0.0	0.021501461	-0.031970575	0.019542076	0.03275496	-0.010119104	0.009099059	0.0	1.0483384	0.0	0.0	0.0	0.6812146	0.003479689	16000	8.974337339401245
4	26.832214	14.016482	86.0	8.0	0.45164326	0.46236208	4.0545797	0.014626062	26.832214	430.42075	0.021521037	14.97253	0.5970146	16.196833	11.062498	1.2254865	0.3380676	2.610891	-0.09846668	-1.0490417e-08	-0.011708242	-2.8371812e-08	0.0014895953	113.08478	-4.751793	1.2024851	-1.0376315	1.6563387	0.0	0.01246326	0.00905811	-0.0018021897	0.03022236	-0.00782548	0.003448268	1.1729974	1.6563387	2.0	0.0	1.0	0.6836202	0.0029261652	20000	11.102917432785034
5	29.48889	15.637972	93.0	9.0	0.45937374	0.48838708	3.3898375	0.01661245	29.48889	492.4747	0.02051978	15.093031	2.4356427	18.143646	-0.6263224	0.3304322	0.060296375	0.6381178	0.06683803	2.348423e-08	-0.017711263	-1.192093e-10	0.0012986423	133.51913	-5.9914093	0.17612849	-0.002517134	0.0	0.0	0.021601353	0.006349248	-0.0013776801	0.032904074	-0.00242409	0.0005198936	1.813948	0.0	2.0	0.0	0.0	0.67502785	0.004361475	24000	13.234269142150879
6	36.449543	18.209024	113.0	12.0	0.65964466	0.9649778	6.6984506	0.03903502	36.449543	564.969	0.020177465	15.940858	2.6468961	18.838848	-0.7171593	0.30661553	0.110395804	0.9302799	-0.28394118	-5.722046e-09	0.0092548095	2.6822091e-09	-0.0037139454	171.63123	-14.019699	0.66056687	-0.06977171	2.6790354	0.0	0.015904441	-0.0037684385	0.004379881	0.024258438	-0.0034116711	0.001393285	0.0	2.6790354	0.0	0.0	0.0	0.6613628	0.0033256947	28000	15.374624490737915
7	33.049587	17.675613	123.0	11.0	0.39609537	0.30903205	1.6736642	0.038470514	33.049587	612.9621	0.019155066	17.559149	3.4345453	20.437004	-3.9156606	0.4455788	0.097675204	0.7761932	0.04164134	2.026558e-09	-0.015716938	4.4107438e-09	0.0015111185	155.36029	-3.6380005	0.11960881	-0.07015067	0.0	0.0	0.009826721	-0.016137911	-0.0031439012	0.02539386	-0.002426263	0.00037815244	1.5935451	0.0	3.0	0.0	0.0	0.664854	0.004137373	32000	17.510928869247437
8	38.307693	21.009192	158.0	10.0	0.4741471	0.565233	4.82304	0.010487079	38.307693	662.3148	0.018397633	17.861372	3.9528382	20.915459	-8.485789	0.2090404	0.05369317	0.42281282	-0.059901416	1.3589859e-08	-0.014671878	1.1026859e-09	0.0005261855	196.66078	-10.363525	0.15465401	-0.0030521154	0.0	0.0	0.020914728	0.008647013	-0.0006748746	0.022735562	-0.0007829097	0.00033662992	1.5078316	0.0	2.0	0.0	0.0	0.6531843	0.004034008	36000	19.605276584625244
9	44.38889	19.471172	104.0	10.0	0.5313805	0.6103364	3.5665174	0.028957915	44.38889	710.1577	0.017753944	19.597567	4.5914116	22.188057	-14.012335	0.25419423	0.048870333	0.47012115	0.02943023	2.7120114e-08	-0.010226982	-1.5199184e-09	-0.00074440637	181.48781	-7.7079315	0.20572259	-0.005419314	3.444695	0.0	0.016720407	0.009564486	0.0007069443	0.024659008	-0.0030182588	0.0011475432	1.3221861	3.444695	1.0	0.0	0.0	0.6428099	0.0039480133	40000	21.730477571487427
10	48.548782	21.459635	107.0	13.0	0.4987671	0.48792225	2.7965512	0.03836563	48.548782	751.10913	0.017070662	20.848377	4.570599	23.272867	-12.871783	0.30066338	0.04781847	0.46731758	0.06588449	-1.001358e-08	-0.008851938	1.4007091e-09	7.4819923e-06	201.77849	-8.877518	0.11837853	-0.0023170486	4.120422	0.0	0.008318746	0.009999072	-2.5394917e-05	0.020313354	-0.002887622	0.0006951758	0.91211396	4.120422	2.0	0.0	0.0	0.6261056	0.0040079183	44000	24.198214769363403
11	55.13889	21.67968	153.0	20.0	0.41356018	0.35098925	1.5929873	0.019990552	55.13889	781.5309	0.016281893	22.67372	4.488429	24.675915	-10.325072	0.27899683	0.023262087	0.33302268	0.1500587	-1.2218952e-08	-0.008636625	-1.4156103e-09	0.0011703343	229.59499	-8.875427	0.053778764	-0.007969979	0.0	0.0	0.0033966382	8.8335015e-05	-0.0015676742	0.007570908	-0.0010173556	0.00024795052	0.8701097	0.0	2.0	0.0	0.0	0.61271524	0.0039813863	48000	25.4268901348114
12	61.96875	23.731552	149.0	20.0	0.6269637	0.7133702	4.9565578	0.059396878	61.96875	822.14374	0.015810456	23.79382	5.771565	26.126886	-17.79616	0.18907195	0.032106336	0.28003928	0.034174785	-3.361702e-08	0.0032189405	-1.4007091e-09	-0.0020272678	258.51736	-14.298065	0.25802404	-0.050477162	9.002895	0.0	0.008820952	0.0036702035	0.002048834	0.020594412	-0.0027942418	0.00066316844	1.5502889	9.002895	1.0	0.0	0.0	0.60314417	0.0034342431	52000	27.560890197753906
13	62.68254	27.089401	167.0	22.0	0.5652548	0.44514173	1.8194921	0.035012983	62.68254	857.97943	0.015321061	26.243713	4.6626983	28.004337	-10.634779	0.3404333	0.115182616	0.80831254	-0.009395767	-4.482269e-08	0.000860568	3.2782554e-10	-0.0011007296	279.26654	-9.288635	0.081926525	-0.010380104	3.6074538	0.0	0.0007113421	0.0073861233	0.0010410364	0.0040280684	-0.0011726764	0.0004146167	0.31033516	3.6074538	1.0	0.0	0.0	0.5924953	0.0032939017	56000	29.72737431526184
14	59.53731	19.550415	118.0	27.0	0.41557893	0.25131378	1.2218516	0.049295846	59.53731	885.8381	0.014763968	26.857214	6.519066	29.500824	-19.55124	0.3065983	0.026336959	0.39681393	0.15562949	1.9073487e-09	-0.0064543565	-1.4007091e-09	0.001141623	188.5631	-2.4704437	0.041104198	-0.018358978	0.0	0.0	0.0005024248	0.00074355956	-0.0014179524	0.0063700406	-0.001128939	0.00021720973	0.79617554	0.0	2.0	0.0	1.0	0.58035994	0.0026696736	60000	31.968438386917114
15	66.42373	25.789371	177.0	28.0	0.4705241	0.31409052	1.5807581	0.033351436	66.42373	913.90234	0.014279724	26.59338	7.8256454	29.720879	-22.112743	0.17709185	0.021997543	0.23618919	0.108610705	1.5854836e-08	-0.0037912584	6.556511e-10	0.00035534796	268.69662	-8.435394	0.03553914	-0.0021232814	6.071331	0.0	0.00037124474	0.009007061	-0.00044375553	0.008817172	-0.0012942144	0.00019831937	0.20301989	6.071331	2.0	0.0	1.0	0.57548636	0.0010707219	64000	34.313708782196045
16	71.12727	26.451366	176.0	37.0	0.5930186	0.36415216	2.1530023	0.07301727	71.12727	947.11414	0.013928149	28.761793	6.538685	31.135778	-20.879099	0.21895151	0.012208495	0.25122702	0.13058123	2.5272369e-08	0.00424153	2.3692845e-09	-0.0013167281	287.83566	-6.275635	0.047794204	-0.004806321	7.1479244	0.0	0.0006509614	0.0025427453	0.0013077767	0.004819003	-0.0009777101	0.00022934443	0.50597167	7.1479244	1.0	0.0	0.0	0.57091284	0.004403762	68000	37.00256967544556
17	64.19355	22.859203	146.0	29.0	0.41336164	0.24669968	1.1360239	0.04249167	64.19355	972.7635	0.013510604	28.68371	8.414694	32.482903	-18.00354	0.2805576	0.01865506	0.3454072	0.21145383	8.940697e-09	-0.0103144	-1.4007091e-09	0.0013282854	205.45963	-3.83638	0.03369594	-0.0133994	0.0	0.0	0.001014499	0.00047012419	-0.0013496428	0.010460816	-0.0013437128	0.00019113948	1.0227814	0.0	2.0	0.0	0.0	0.5679381	0.0041823327	72000	39.541178464889526
18	67.169495	20.02469	136.0	39.0	0.6834075	0.461714	2.900764	0.034931034	67.169495	1013.16724	0.013331148	27.835539	9.285161	32.671444	-20.240297	0.16758381	0.025677698	0.24104385	0.039527055	-9.775162e-09	0.0067057377	-1.6987324e-09	-0.0020196124	188.39581	-5.2890625	0.120217144	-0.044077344	4.905273	0.0	0.00088759	-0.007940181	0.0027305176	0.005647615	-0.0014064886	0.00041558818	0.0	4.905273	0.0	0.0	0.0	0.5681011	0.004414347	76000	41.88416576385498
19	61.96875	19.775276	144.0	35.0	0.4214625	0.30605108	1.6309721	0.049432583	61.96875	1040.5199	0.013006499	29.648159	7.6276383	33.229664	-12.481045	0.37239948	0.0660001	0.55001336	0.17199236	-2.3543835e-08	-0.005651961	-8.1956386e-10	0.0010167197	199.9451	-6.148224	0.06576361	-0.030483559	1.0423903	0.0	0.0011219969	0.0032367576	-0.0012673725	0.005280192	-0.0009937548	0.00023749455	0.5887633	1.0423903	2.0	0.0	1.0	0.5628958	0.0024487735	80000	44.107014656066895
20	65.10169	22.396046	135.0	35.0	0.5369231	0.3396576	1.9620354	0.08929039	65.10169	1072.5256	0.012768162	28.077316	8.870157	32.398743	-13.033048	0.20424183	0.035431992	0.31798676	0.092479825	-3.528595e-08	0.0002654816	-9.648502e-10	-0.0005658666	268.01675	-6.5973816	0.042868085	-0.0030414388	5.266977	0.0	0.00067050476	0.00865984	0.00056716055	0.005770852	-0.0011064392	0.00024002437	0.27825695	5.266977	1.0	0.0	0.0	0.5576732	0.0048593236	84000	46.35440969467163
21	65.7	22.175287	134.0	31.0	0.554416	0.40858874	2.2824454	0.05811741	65.7	1105.8214	0.012566152	29.156418	8.236512	33.18285	-8.360192	0.25311422	0.030624956	0.3488993	0.14544803	-2.503395e-09	0.0014370611	9.0897084e-10	-0.00090851745	216.51022	-2.1382294	0.060019873	-0.00814373	4.0096745	0.0	0.00033126585	0.00767844	0.0008282497	0.0038028376	-0.0010128249	0.0002954899	0.20770733	4.0096745	1.0	0.0	0.0	0.55203503	0.0030445824	88000	48.514886140823364
22	63.951614	19.65544	133.0	27.0	0.46811205	0.24039336	1.2064664	0.049055442	63.951614	1135.0465	0.012337462	30.061796	7.1395144	33.22517	-5.0694027	0.2501637	0.060264323	0.4299182	0.041597567	-2.6226044e-09	-0.003952977	-2.2351741e-10	0.00048695545	209.61516	-4.626007	0.021301605	-0.0021266118	1.3431321	0.0	0.000966601	0.008758028	-0.00049862615	0.0019098567	-0.00043454417	0.00020018818	0.33221593	1.3431321	2.0	0.0	0.0	0.5473127	0.004757124	92000	50.656842947006226
23	63.126984	16.79899	116.0	39.0	0.63541454	0.30880022	1.3302182	0.048893634	63.126984	1175.1823	0.012241482	28.464252	7.7515397	32.203213	-4.504707	0.22137016	0.027380047	0.29460087	0.0950395	-1.0967255e-08	0.0034681761	-6.109476e-10	-0.0015727713	185.23961	-2.4142609	0.04560296	-0.010476638	6.4274044	0.0	0.00028713665	-0.009010334	0.0021451134	0.0014681803	-0.00053467316	0.00024205318	0.0	6.4274044	0.0	0.0	0.0	0.54501694	0.00461082	96000	52.813151121139526
24	62.375	23.137835	161.0	32.0	0.39029968	0.21579342	0.9699862	0.06339268	62.375	1200.2242	0.012002243	29.208096	6.1343746	31.487944	-2.2940252	0.30964124	0.055769786	0.4658168	0.12497488	-1.2278557e-08	-0.006650279	1.0430813e-09	0.0011260612	241.83871	-1.7095184	0.035201848	-0.021505099	0.0	0.0	0.0002681564	-0.014235232	-0.0017587226	0.0040674554	-0.00069634663	0.00012762845	0.63776606	0.0	3.0	0.0	0.0	0.55735403	0.0044898787	100000	55.04762840270996
