Epoch	AverageEpRet	StdEpRet	MaxEpRet	MinEpRet	AverageEpCost	StdEpCost	MaxEpCost	MinEpCost	EpLen	CumulativeCost	CostRate	AverageVVals	StdVVals	MaxVVals	MinVVals	AverageCostVVals	StdCostVVals	MaxCostVVals	MinCostVVals	LossPi	DeltaLossPi	SurrCost	DeltaSurrCost	LossV	DeltaLossV	LossVC	DeltaLossVC	Penalty	DeltaPenalty	Optim_A	Optim_B	Optim_c	Optim_q	Optim_r	Optim_s	Optim_Lam	Optim_Nu	OptimCase	Margin	BacktrackIters	Entropy	KL	TotalEnvInteracts	Time
0	15.920319	9.110304	54.0	5.0	0.729614	2.5918436	32.24689	0.040400103	15.920319	183.16989	0.04579247	-0.002649169	0.10890901	0.4158227	-0.41590044	0.006549029	0.15016662	0.5382474	-0.4721573	-2.8967857e-08	0.013978361	3.838539e-08	-0.010420578	160.70319	-21.324844	11.694684	-1.6444311	0.9412563	0.0	0.032593317	-0.008429326	0.014422703	0.052894946	-0.015137612	0.011287138	0.0	0.9412563	0.0	0.0	0.0	0.9189385	0.003964459	4000	2.6434013843536377
1	13.605442	8.052175	78.0	5.0	0.49312472	1.8253807	30.049753	0.029198958	13.605442	328.14856	0.04101857	1.0833819	0.2748721	2.4445822	-0.8915906	0.62851876	0.41564354	2.6591022	-2.2423162	4.48823e-08	-0.010338231	-1.692772e-08	0.000489394	114.620415	-41.225105	6.1343207	-0.76627684	0.30620596	0.0	0.03980671	0.009991024	-0.00050533284	0.04312775	-0.009720312	0.02845025	1.9960579	0.30620596	2.0	0.0	3.0	0.9044512	0.0011157331	8000	4.892683506011963
2	15.1673	9.106601	64.0	5.0	0.9523313	7.562615	121.98266	0.01389123	15.1673	578.68604	0.048223834	4.3698554	0.15143077	4.864828	3.7111394	0.5756521	0.07987964	1.3216748	0.33605513	4.4345857e-08	0.006945376	-5.984306e-08	-0.02493387	91.11395	-29.173607	99.61828	-7.226845	1.4412148	0.0	0.03499324	0.0026551862	0.029822797	0.0712428	-0.06625358	0.12109214	3.6303172	1.4412148	1.0	0.0	0.0	0.89395785	0.0038016583	12000	7.191069602966309
3	14.527273	6.9581985	44.0	4.0	0.3964565	0.79270726	9.217321	0.016956868	14.527273	687.71594	0.042982247	8.293222	0.5565118	10.570976	4.5242705	1.4411904	0.80155927	5.4541974	-2.506571	-1.4305114e-08	-0.01810886	3.5762786e-09	0.0052927346	38.165737	-1.0920906	2.5737953	-1.3982197	0.0	0.0	0.01734475	0.0018383525	-0.0071275244	0.032336578	-0.009659999	0.0062244297	1.7982374	0.0	2.0	0.0	0.0	0.86007327	0.0045302967	16000	9.631758213043213
4	17.150215	9.495818	66.0	5.0	0.4040796	0.6429553	6.8377748	0.012106042	17.150215	781.9552	0.03909776	8.874072	0.63604486	10.572082	4.994607	0.45663834	0.6531676	3.5766253	-3.8317995	5.6028364e-09	-0.024609553	-8.5830685e-09	0.0045206975	65.19961	-4.280285	0.98893	-0.28316104	0.0	0.0	0.033801984	0.0037410175	-0.0055929567	0.06048636	-0.011548302	0.004997804	2.4593976	0.0	2.0	0.0	0.0	0.84011453	0.004678722	20000	11.014619827270508
5	18.325687	8.7035475	52.0	5.0	0.52804846	1.2298543	14.266002	0.027588181	18.325687	897.08044	0.037378352	10.502677	0.3216051	11.486919	8.5862	0.38041	0.52941513	3.4113998	-2.552443	-1.2159347e-08	-0.013167133	-7.1525574e-10	-0.0019376851	53.90771	-1.2925987	1.7501575	-0.1235646	1.4626434	0.0	0.02278554	0.009789195	0.001530554	0.040218994	-0.013918756	0.011112644	1.5256544	1.4626434	1.0	0.0	0.0	0.82376224	0.004744135	24000	13.428777933120728
6	20.352041	9.13524	67.0	6.0	0.42400154	0.83744514	7.845506	0.017349735	20.352041	980.29175	0.03501042	10.7339325	0.8934563	11.876555	5.124668	0.4785451	0.3339676	1.8762292	-1.6091932	-8.225441e-09	-0.02176015	-3.5762787e-10	0.003512061	59.94074	-2.6185837	0.99036855	-0.1095953	0.52703583	0.0	0.025217943	0.006378618	-0.0037341933	0.048431028	-0.009454228	0.0038505192	1.9883441	0.52703583	2.0	0.0	0.0	0.8135844	0.0047037364	28000	15.890846252441406
7	26.117647	12.370607	59.0	7.0	1.1920048	2.1806765	12.447723	0.02712819	26.117647	1162.6698	0.03633343	11.760362	1.5106003	14.1027355	2.9577308	0.44132906	0.39151925	2.186079	-1.4894019	-3.5762787e-10	0.012132313	4.529953e-09	-0.018147554	99.161865	-11.1356125	4.4236007	-0.6739979	0.55230063	0.0	0.018417507	-0.011414176	0.026495678	0.03433983	-0.022846915	0.032783	0.0	0.55230063	0.0	0.0	0.0	0.7964307	0.004723991	32000	18.298511743545532
8	23.080925	10.576139	73.0	8.0	0.5884311	0.9709833	7.0070996	0.017626164	23.080925	1264.5294	0.035125818	14.406725	1.5021496	17.214256	5.8027015	1.1919498	0.24411696	2.2288206	0.24799588	1.5735626e-08	-0.009226309	3.3974648e-09	-0.0040554646	75.21185	-5.012329	1.2870772	-0.45270193	1.1303688	0.0	0.016939564	0.009243698	0.0038313507	0.031399924	-0.016753051	0.019409249	1.353718	1.1303688	1.0	0.0	0.0	0.7985769	0.0046124626	36000	20.571381092071533
9	24.925	9.435671	62.0	8.0	0.41071644	0.57263595	3.4435523	0.0074067307	24.925	1330.271	0.033256777	13.1005335	2.4186733	17.025906	0.66851485	0.53974104	0.15675324	1.1633147	0.08238704	-3.0994416e-09	-0.014158572	-2.719462e-09	0.0030068222	63.374554	-3.8639374	0.29932168	-0.045724332	1.1207632	0.0	0.012934355	0.0075072795	-0.0035820885	0.034234285	-0.0104710115	0.0051475326	1.3125961	1.1207632	2.0	0.0	1.0	0.78177667	0.0029181133	40000	23.002898454666138
10	25.567741	9.761689	57.0	8.0	0.4775065	0.6234753	3.7553184	0.020542266	25.567741	1406.8312	0.031973436	13.267828	2.866334	17.412498	-0.83137095	0.3449789	0.13630433	0.88298875	-0.10284026	9.536743e-09	-0.0108141145	1.4007091e-09	0.00078212505	63.3809	-5.655964	0.34020892	-0.0068775117	1.267044	0.0	0.014902098	0.0098476745	-0.00087976136	0.026032345	-0.007520244	0.0050811153	1.2301465	1.267044	2.0	0.0	1.0	0.7684054	0.0027906457	44000	25.53768539428711
11	28.782608	10.10649	65.0	9.0	0.5526755	0.5954597	2.7986355	0.024875117	28.782608	1484.2819	0.03092254	13.642311	3.2047367	18.025658	-2.8055992	0.39526036	0.10166052	0.77146184	-0.049960315	-9.536744e-10	-0.007644323	7.301569e-10	-0.0017483891	66.36229	-9.172085	0.2526008	-0.0057564676	2.0855072	0.0	0.013693858	0.009463546	0.0018301151	0.032442667	-0.010819298	0.0062434482	1.2029178	2.0855072	1.0	0.0	0.0	0.740967	0.0042689415	48000	27.98482394218445
12	32.414635	11.307905	98.0	10.0	0.5426012	0.5429794	2.8737168	0.035641905	32.414635	1551.0717	0.0298283	14.800766	4.067518	19.215036	-3.6249993	0.42925677	0.10659211	0.7644327	0.08295335	-1.835823e-08	-0.00524842	-1.0728836e-09	-0.0013920566	73.7867	-11.808987	0.18832704	-0.0012462586	1.8022296	0.0	0.0055556353	0.009477669	0.001314259	0.012975759	-0.0049535185	0.0033068648	0.76562494	1.8022296	1.0	0.0	0.0	0.6925536	0.0035024737	52000	30.47646951675415
13	32.54918	10.489731	77.0	16.0	0.48438382	0.50834906	3.387688	0.0445397	32.54918	1610.5043	0.028759005	16.169855	5.0666256	20.760721	-5.1282706	0.42493322	0.097815305	0.8117864	0.033950783	1.7285346e-08	-0.006152374	3.0770897e-09	0.0003687094	58.17537	-9.287617	0.18929122	-0.009206012	1.0976063	0.0	0.007788389	0.00993259	-0.0004797718	0.012887645	-0.0041727833	0.00341464	0.8855082	1.0976063	2.0	0.0	2.0	0.669812	0.0015378795	56000	32.86469578742981
14	32.98347	9.819851	78.0	14.0	0.4673295	0.36481106	2.096236	0.017971992	32.98347	1667.0747	0.027784579	15.901358	5.880884	21.322582	-3.4720404	0.35543242	0.062707484	0.59519774	0.08824031	-1.2397766e-08	-0.007880009	-7.4505804e-11	0.0008516907	44.27276	-5.876583	0.08790896	-0.0007895008	2.031158	0.0	0.0056280848	0.009599871	-0.0009905113	0.01905963	-0.0057388186	0.002451992	0.76568055	2.031158	2.0	0.0	1.0	0.6547079	0.002608949	60000	35.117857933044434
15	36.962963	12.775792	101.0	20.0	0.5741195	0.39482552	1.627419	0.035447218	36.962963	1729.1082	0.027017314	16.356655	6.351514	21.984734	-2.6139796	0.3470447	0.060375452	0.54966056	0.130538	-1.4662743e-08	-0.0026380622	-1.3709068e-09	-0.002188536	64.84835	-10.089638	0.09898239	-0.0022046492	2.8919024	0.0	0.005825258	0.008303686	0.0020052372	0.017125376	-0.0051755216	0.00237042	0.8375719	2.8919024	1.0	0.0	0.0	0.63369966	0.0038437585	64000	37.581231355667114
16	36.136364	9.82342	66.0	18.0	0.45643616	0.263848	1.3094296	0.026453583	36.136364	1779.4307	0.026168099	17.942366	7.0528035	24.122833	-1.2526313	0.388599	0.048453465	0.58965814	0.17697453	1.5497208e-09	-0.008778731	2.2649764e-09	0.001036517	35.142994	-5.3134613	0.049073234	-0.0046240166	2.3430333	0.0	0.005108268	0.00839627	-0.0012055403	0.015465484	-0.0030636392	0.00090621697	0.77999824	2.3430333	2.0	0.0	1.0	0.61529016	0.002404676	68000	40.2837176322937
17	37.809525	10.855848	74.0	24.0	0.48563063	0.2498959	1.2915275	0.076115735	37.809525	1830.432	0.025422666	17.35046	7.399193	24.406796	-0.63774455	0.32178158	0.041184988	0.49415228	0.15908259	-3.8146974e-09	-0.0062887114	1.6242265e-09	0.00033341884	37.15227	-4.546486	0.042154025	-0.00019952655	3.174105	0.0	0.0043303557	0.0098332	-0.00038004626	0.01472917	-0.0030007577	0.0008659205	0.6636122	3.174105	2.0	0.0	1.0	0.59244305	0.0022947434	72000	41.474366426467896
18	41.072166	12.173359	85.0	22.0	0.48376793	0.2156482	1.3110069	0.10623227	41.072166	1877.4036	0.02470268	18.514404	7.718757	25.609083	0.34735417	0.32985386	0.03789999	0.48361385	0.17439216	-2.2649764e-09	-0.0073187863	-2.9802322e-10	0.00036417088	42.752796	-5.649414	0.03147355	-0.00018648058	2.6164098	0.0	0.006060969	0.009733577	-0.0003952086	0.011872167	-0.0018457534	0.00058624847	0.789105	2.6164098	2.0	0.0	1.0	0.565907	0.0028137022	76000	43.7627227306366
19	42.0	11.253368	79.0	25.0	0.5107835	0.18181205	0.9462501	0.20695522	42.0	1925.6921	0.024071151	19.231688	8.433652	27.215195	0.42472196	0.32342994	0.03284924	0.4362408	0.20655477	-2.5629998e-09	-0.0048640887	-6.705523e-10	-0.00026820175	34.83358	-3.852562	0.02713182	-0.0006547328	4.077926	0.0	0.0031301524	0.009851047	0.00025674986	0.009356919	-0.0016600315	0.00044255788	0.56369156	4.077926	1.0	0.0	0.0	0.55198205	0.003788825	80000	46.042213916778564
20	42.946236	12.81411	100.0	28.0	0.5048989	0.18921158	1.0550549	0.15745834	42.946236	1972.6548	0.023483986	19.669786	8.80897	28.218933	1.0508893	0.34182256	0.036227804	0.49178684	0.2044677	1.2397766e-08	-0.004902719	-1.4901161e-10	-9.237716e-05	39.2399	-3.5326958	0.026134329	-0.00050437637	3.2534223	0.0	0.0031145161	0.009963739	0.000114070666	0.0065093585	-0.0011037313	0.0003588452	0.5590931	3.2534223	1.0	0.0	0.0	0.53305894	0.0035058572	84000	48.476614475250244
21	45.329544	13.237105	93.0	27.0	0.46000898	0.15869628	1.2164843	0.20064093	45.329544	2013.146	0.02287666	20.528515	9.259943	29.273848	0.5810744	0.32917055	0.025854452	0.41415283	0.23741922	-4.768372e-10	-0.005504057	-5.960465e-11	0.00072876626	38.909866	-4.07185	0.018379245	-0.0006717965	3.3193617	0.0	0.0012507723	0.0076255985	-0.0008822286	0.007624286	-0.0014454182	0.00032779938	0.40499732	3.3193617	2.0	0.0	1.0	0.49994087	0.002572149	88000	50.90508437156677
22	44.011112	11.094036	97.0	30.0	0.522023	0.16689992	1.2477045	0.14939003	44.011112	2060.2097	0.022393584	20.332375	9.949691	30.487957	0.6873392	0.30189764	0.024119604	0.402512	0.19212063	8.940697e-09	-0.0049090898	1.475215e-09	-0.0005029369	25.56036	-1.9127369	0.02488489	-0.0029210914	4.7746434	0.0	0.004517214	0.00924516	0.0005003969	0.009108597	-0.0012341245	0.0003317221	0.6990015	4.7746434	1.0	0.0	0.0	0.51393604	0.0046965634	92000	53.26209998130798
23	42.774193	9.35228	75.0	27.0	0.5209866	0.14829554	0.90960985	0.18227533	42.774193	2108.6865	0.021965485	20.024336	10.007862	30.725664	0.8392698	0.35900548	0.0270005	0.432375	0.23815121	-5.00679e-09	-0.0046428875	-4.0233136e-10	-0.00053694675	17.203268	-1.469079	0.01859866	-5.5765733e-05	5.874437	0.0	0.0051845238	0.008988002	0.0004906373	0.009599437	-0.0010247832	0.0002378712	0.7594914	5.874437	1.0	0.0	0.0	0.47454196	0.0037724576	96000	55.52229428291321
24	43.304348	8.728687	74.0	29.0	0.5042583	0.14313245	0.8821667	0.1759892	43.304348	2155.104	0.021551041	19.895761	9.90228	30.618387	0.58930916	0.3639731	0.020988423	0.43612948	0.2533208	-1.0490417e-08	-0.0047988193	5.364418e-10	-0.00010273523	15.208289	-1.0739298	0.017678633	-0.0004902147	3.7444537	0.0	0.0026462793	0.009957374	9.833366e-05	0.0054588085	-0.00079875335	0.00022684454	0.51551986	3.7444537	1.0	0.0	0.0	0.4441874	0.0037150416	100000	57.83380699157715
25	46.788235	10.29688	92.0	31.0	0.5027803	0.14375727	0.9215787	0.2632082	46.788235	2197.8574	0.021133244	20.308973	10.006268	30.828358	0.37618122	0.34302545	0.018703148	0.40684107	0.26265812	1.692772e-08	-0.0057180347	-8.940697e-11	-7.9509366e-05	21.785437	-2.3004913	0.017049115	-2.8083101e-05	3.1208053	0.0	0.0032446585	0.009963841	5.9423448e-05	0.003996076	-0.0002708897	9.765704e-05	0.57065165	3.1208053	1.0	0.0	0.0	0.42915225	0.003164295	104000	60.081456899642944
26	48.048782	10.111455	81.0	31.0	0.48555243	0.1239894	0.80982226	0.25269824	48.048782	2237.7144	0.020719577	21.456577	10.499591	32.280704	0.12686832	0.34202307	0.018159477	0.39931828	0.2676286	1.3113022e-08	-0.0049326434	4.3585896e-10	0.00024931438	20.588	-1.4828987	0.012865449	-0.0002625957	2.4081252	0.0	0.0024315612	0.008894613	-0.00030068544	0.0039654537	-0.00035420334	8.179191e-05	0.52285236	2.4081252	2.0	0.0	1.0	0.39747357	0.0026488262	108000	62.351019859313965
27	48.08434	10.598027	82.0	34.0	0.49862468	0.12058171	0.83470315	0.207247	48.08434	2279.1145	0.020349236	21.50877	10.760557	32.795193	0.041278735	0.32580262	0.017206514	0.3778619	0.24595632	-6.0796737e-09	-0.004732602	5.066395e-10	-2.6052594e-06	19.371336	-1.2651863	0.013698523	-0.00025604106	4.5898776	0.0	0.0022311416	0.009983014	-2.8602193e-05	0.003374183	-0.00023463498	4.8164107e-05	0.4727513	4.5898776	2.0	0.0	0.0	0.39045107	0.0042666816	112000	64.69776582717896
28	48.641975	12.513014	83.0	31.0	0.5440514	0.14470254	0.8673846	0.23629734	48.641975	2323.5178	0.020030325	21.512823	10.854948	33.303455	-0.3159744	0.33559254	0.015329504	0.38431665	0.25375986	1.502037e-08	0.0030874035	-8.1956386e-10	-0.0009288575	22.934155	-1.8134518	0.019339606	-0.0009381063	9.365919	0.0	0.0011114436	0.0035689347	0.0009056254	0.004835462	-0.0006891489	0.00012753057	0.55805165	9.365919	1.0	0.0	0.0	0.3685422	0.004449951	116000	66.99143671989441
29	48.512196	13.154099	117.0	32.0	0.4929201	0.13031155	0.8119769	0.19807868	48.512196	2363.9822	0.019699851	22.308245	11.096115	34.43003	-0.06754863	0.36468932	0.015450562	0.42167336	0.2969966	-3.4570693e-09	-0.0067252037	3.7252904e-10	0.00011201641	26.594421	-1.3762493	0.016234525	-0.0012657363	2.6533592	0.0	0.0041701524	0.009771701	-0.0001459406	0.005430519	-0.00034290386	9.329273e-05	0.65326726	2.6533592	2.0	0.0	0.0	0.34421766	0.004424256	120000	69.24954771995544
30	47.261906	10.299235	109.0	35.0	0.49958405	0.1097147	0.70935583	0.19448385	47.261906	2406.001	0.019403234	21.68234	11.275548	34.60061	-0.60346514	0.3316914	0.016341127	0.38353398	0.2388151	2.7418137e-09	-0.006063735	-3.874302e-10	-6.118891e-05	16.732454	-1.3062477	0.013044552	-0.0006256383	3.716471	0.0	0.0039319163	0.009999622	-8.800978e-06	0.0068039903	-0.0007671996	0.00020493734	0.6270618	3.716471	2.0	0.0	0.0	0.3103019	0.0047878665	124000	71.60988855361938
31	47.261906	8.322544	76.0	33.0	0.5021062	0.100475416	0.7046527	0.24595438	47.261906	2448.294	0.019127296	21.335081	11.105409	34.530293	-0.16524409	0.34254146	0.0193551	0.39693862	0.23728293	1.4066696e-08	-0.00631601	-1.385808e-09	-4.2458967e-05	9.267606	-0.56396866	0.01085597	-5.6203455e-05	7.532711	0.0	0.0040369416	0.009949347	4.4564214e-05	0.0058555664	-0.0002670278	3.9207553e-05	0.63698465	7.532711	1.0	0.0	0.0	0.27329326	0.00477403	128000	72.77266335487366
32	49.93671	11.667701	92.0	33.0	0.4790834	0.11726285	0.76107043	0.21472552	49.93671	2486.2583	0.01883529	21.96752	10.984311	34.246822	-0.1389145	0.35211396	0.014382458	0.3899354	0.24857008	-1.66893e-08	-0.0052424106	3.874302e-10	0.00037083708	18.566404	-2.049778	0.013505343	-0.0010979278	3.4343417	0.0	0.0011187221	0.0069973543	-0.00041886242	0.0034387547	-0.00036818525	5.843038e-05	0.39984733	3.4343417	2.0	0.0	0.0	0.2554927	0.0041918783	132000	75.02739524841309
33	49.148148	11.03654	97.0	36.0	0.50671214	0.10867228	0.7846772	0.29123476	49.148148	2527.329	0.018583301	22.114517	11.469444	35.500153	0.08401257	0.3218105	0.012093916	0.35958567	0.24941695	9.417534e-09	-0.004654657	-1.8626452e-10	-0.00011655797	15.667636	-0.65502834	0.012503361	-0.00041854195	3.6072276	0.0	0.0034796023	0.009296723	0.00013656952	0.0034851686	-1.2150014e-05	2.6520456e-05	0.6117865	3.6072276	1.0	0.0	1.0	0.21352851	0.00315974	136000	77.31304883956909
34	49.6625	9.2059	82.0	37.0	0.5018144	0.11163507	0.78642106	0.24505286	49.6625	2567.5322	0.018339517	22.234594	11.402331	35.665222	0.587139	0.34016645	0.012151835	0.37605098	0.2584793	-1.7523766e-08	-0.0043485546	5.960465e-11	-7.33597e-05	10.824456	-0.5142889	0.011838514	-2.0711683e-05	3.6274145	0.0	0.0017811658	0.009983848	3.653511e-05	0.002759752	-0.00028437993	8.264161e-05	0.42237985	3.6274145	1.0	0.0	0.0	0.1885618	0.0039526043	140000	79.56755828857422
35	51.48052	11.407005	89.0	33.0	0.50346714	0.122539416	0.8574406	0.24980418	51.48052	2606.3508	0.018099658	22.464691	11.364013	35.58405	0.41820675	0.3405036	0.01270605	0.37333158	0.25444546	-1.1742115e-08	-0.005338637	-3.7252904e-10	-6.800674e-05	15.990909	-1.2567863	0.013150495	-7.623341e-05	4.3630576	0.0	0.0028225584	0.009925792	6.7348636e-05	0.0036941539	-0.00023081296	6.1123115e-05	0.53325987	4.3630576	1.0	0.0	0.0	0.18994021	0.004187457	144000	81.85448360443115
36	51.74026	10.627583	84.0	36.0	0.50298256	0.1149844	0.77386576	0.26669288	51.74026	2645.0835	0.017872186	22.962387	11.807321	36.680317	-0.11220619	0.33184355	0.014325745	0.38000312	0.25431174	-4.053116e-09	-0.00492031	2.5331975e-10	-0.0001252707	12.706016	-0.6438675	0.012386825	-8.287933e-05	4.5286164	0.0	0.0026899986	0.009941208	5.7644796e-05	0.0035938194	-0.0002260182	5.65203e-05	0.5201834	4.5286164	1.0	0.0	0.0	0.21899724	0.0038318334	148000	84.16009378433228
37	53.837837	12.669422	100.0	37.0	0.49207392	0.13465385	0.9124729	0.25309142	53.837837	2681.5005	0.017641451	23.474792	11.843883	37.038933	0.4848081	0.33683568	0.012330658	0.37309363	0.26394653	-9.953975e-09	-0.005146482	-1.8626452e-10	0.000120235614	17.629507	-1.2019329	0.014787996	-0.0002160836	1.3782812	0.0	0.002109317	0.009732644	-0.0001472213	0.0025102508	-0.00018028614	8.1068494e-05	0.4655384	1.3782812	2.0	0.0	0.0	0.21365392	0.003747775	152000	86.43758773803711
38	53.472973	10.719045	81.0	36.0	0.500157	0.123157695	0.8429543	0.283482	53.472973	2719.1934	0.017430726	23.65555	12.237243	38.095493	0.23110954	0.3236037	0.012930213	0.36589724	0.24645837	6.3180923e-09	-0.006639639	4.5448542e-10	-3.0778127e-05	11.86956	-0.53592396	0.014214957	-0.00014549308	3.8749506	0.0	0.0045677493	0.009999802	2.9360372e-06	0.005207449	-0.00016700909	4.360176e-05	0.67585796	3.8749506	1.0	0.0	0.0	0.21077323	0.0044719665	156000	88.7190899848938
39	51.57143	10.1858425	84.0	37.0	0.528799	0.113903746	0.7903099	0.2975076	51.57143	2759.9229	0.017249517	22.907602	11.893405	37.981167	0.15274355	0.33297613	0.014957855	0.37179047	0.23818175	-1.4305115e-09	-0.003460762	-1.3113022e-09	-0.00058633636	9.210842	-0.29802227	0.012729002	-0.00034402963	9.516116	0.0	0.0051565752	0.006607987	0.0005584293	0.0067409407	-0.00038165163	9.193457e-05	0.883377	9.516116	1.0	0.0	0.0	0.1735462	0.004429894	160000	90.99721264839172
40	54.547947	14.430789	112.0	39.0	0.49995622	0.12293595	0.8650235	0.24251498	54.547947	2796.4478	0.01705151	23.672606	12.005307	38.106396	-0.21275167	0.3518604	0.014700435	0.39073682	0.27029476	1.1444092e-08	-0.0062106056	1.4901162e-11	-4.369275e-05	21.87755	-1.7343102	0.014887209	-0.00083189644	3.6114943	0.0	0.0036396114	0.009999997	-8.025895e-07	0.0063002016	-0.00073618005	0.00020369956	0.603292	3.6114943	2.0	0.0	0.0	0.1760453	0.00347546	164000	93.40236043930054
41	58.67647	16.851812	150.0	38.0	0.47642383	0.11102588	0.7477323	0.1974516	58.67647	2828.8489	0.016838387	25.231968	12.739491	39.63003	0.39465618	0.32431468	0.013934713	0.3672229	0.24397911	1.2993812e-08	-0.0066365264	4.3213366e-10	5.3657575e-05	31.541414	-2.23777	0.012632294	-0.0005162321	0.0	0.0	0.0038952888	-0.0017706892	-0.0004017994	0.0040401495	-4.4574204e-05	1.3715659e-05	0.6356217	0.0	3.0	0.0	0.0	0.1826936	0.0042513614	168000	95.68436765670776
42	59.119404	14.017604	104.0	40.0	0.49384713	0.11810197	0.7245193	0.24981262	59.119404	2862.2727	0.01664112	25.606344	13.121538	41.11612	0.2913708	0.3022332	0.014137995	0.3367746	0.21737689	5.9604646e-09	-0.0045150416	-1.2591481e-09	9.336083e-05	17.547413	-0.97682	0.012722954	-0.0002864534	1.956117	0.0	0.004400351	0.009683183	-0.000104075276	0.004949778	-0.00013705628	3.418912e-05	0.6741159	1.956117	2.0	0.0	2.0	0.17176306	0.0017776674	172000	97.95730471611023
43	57.260868	14.843778	105.0	38.0	0.5109396	0.123026304	0.8257528	0.25254944	57.260868	2897.9182	0.016465444	25.266779	13.181796	41.570644	-0.027883291	0.31589234	0.017507792	0.3788454	0.17476332	1.26361845e-08	-0.006401805	1.0281801e-09	-0.00020575406	16.268757	-0.67100906	0.014022101	-0.00011136569	5.5978966	0.0	0.005270974	0.009356818	0.00019104841	0.0058065457	-0.00017433532	5.6748333e-05	0.75055295	5.5978966	1.0	0.0	0.0	0.18413734	0.0043353834	176000	100.20771360397339
44	57.014286	13.697228	108.0	38.0	0.52743465	0.11943603	0.82442737	0.22629915	57.014286	2934.8723	0.016304847	24.993492	13.092438	41.878963	0.37631872	0.32625973	0.01565709	0.37855208	0.20085305	5.4836273e-09	-0.0069968835	-1.4901161e-09	-0.00041924193	13.695487	-0.5032482	0.013369159	-0.00017420482	6.481709	0.0	0.007071302	0.00786134	0.000481189	0.0076277186	-0.00024543976	0.00010826542	0.9484215	6.481709	1.0	0.0	0.0	0.17362738	0.0040487833	180000	102.47791719436646
45	58.558823	13.96043	127.0	39.0	0.52274835	0.11098701	0.7886044	0.19115981	58.558823	2970.4417	0.016143704	25.241625	12.951482	42.156155	0.5343245	0.33445925	0.01825726	0.38475817	0.24884227	8.5830685e-09	-0.0058893077	-1.4901161e-10	-0.00037889235	16.362675	-0.73108864	0.012213077	-7.27335e-05	15.609167	0.0	0.0074741347	0.005399423	0.0003884701	0.0075667584	-5.512044e-05	3.2802196e-05	1.1765401	15.609167	1.0	0.0	0.0	0.17696774	0.0043850644	184000	103.60302925109863
46	60.454544	14.577049	121.0	40.0	0.5154707	0.12044564	0.7768444	0.25487864	60.454544	3004.4792	0.015981272	25.878408	13.297463	43.029804	0.12150563	0.33045986	0.018221304	0.3817451	0.21214087	-1.6689301e-09	-0.0044106254	-8.9406965e-10	-0.0002503915	15.658341	-0.8286638	0.013132998	-0.00017944537	17.059889	0.0	0.006185619	0.007999801	0.00025590605	0.009586708	-0.00033369754	3.2740707e-05	0.8793302	17.059889	1.0	0.0	0.0	0.16234314	0.0045282287	188000	105.87220788002014
47	61.53846	15.545543	111.0	42.0	0.4795823	0.111372724	0.70378345	0.21599711	61.53846	3035.652	0.015810687	26.744434	13.65563	43.977905	0.5011389	0.3207052	0.016994037	0.3729365	0.18124963	-3.8146974e-09	-0.009567154	9.76026e-10	-0.00014215552	17.006845	-0.6820183	0.011927819	-0.00063793175	0.0	0.0	0.00821028	0.00788264	-0.00033178748	0.008562441	0.00013531104	5.199064e-05	0.92533463	0.0	2.0	0.0	0.0	0.18693483	0.0042744507	192000	108.13364219665527
48	67.54237	20.595642	145.0	46.0	0.47683775	0.13291319	0.7852898	0.16966638	67.54237	3063.818	0.015631724	27.879631	13.976044	44.494415	0.5149169	0.2944926	0.016778477	0.34125242	0.18521805	1.2040139e-08	-0.010569566	4.4703484e-11	1.8877014e-05	33.85365	-3.9769306	0.0147520825	-0.00023179222	0.0	0.0	0.010343751	0.0053730328	-0.0003429291	0.010366775	-2.4190464e-05	2.5416297e-05	1.0181736	0.0	2.0	0.0	0.0	0.16584289	0.0046982304	196000	110.39385223388672
49	64.16129	15.14041	115.0	42.0	0.5021164	0.11467374	0.73101354	0.2612646	64.16129	3094.9539	0.015474769	27.953436	14.607501	46.829453	0.5461765	0.28034303	0.016837833	0.34444246	0.1673282	6.556511e-09	-0.010192428	6.2957406e-10	-8.805629e-06	14.795143	-1.0762644	0.013065666	-0.00081876945	2.744271	0.0	0.010128346	0.009952354	3.298534e-05	0.010166249	-2.94202e-05	2.2836106e-05	1.008803	2.744271	1.0	0.0	0.0	0.18401253	0.004179242	200000	112.6463258266449
50	70.03509	19.33542	138.0	44.0	0.49255618	0.13160653	0.75072604	0.24061956	70.03509	3123.0427	0.015309033	28.54441	14.370871	46.400787	0.7200135	0.30917224	0.018468939	0.3677211	0.19596598	1.180172e-08	-0.01012939	-8.568168e-10	3.8672002e-05	24.644512	-3.839157	0.0137288105	-0.0004940061	0.0	0.0	0.009731339	0.009677689	-0.00010628694	0.009731445	-1.926178e-06	3.50497e-05	0.9864809	0.0	2.0	0.0	0.0	0.19156909	0.0040115193	204000	115.03426384925842
51	69.40351	21.354042	168.0	46.0	0.51335126	0.119091205	0.776759	0.21508592	69.40351	3152.3857	0.015155701	29.162699	15.067959	48.60037	0.6520431	0.2880938	0.019646684	0.34709114	0.1668485	-3.0994416e-09	-0.009442254	-4.3213366e-10	-0.00021134023	29.149294	-1.6328125	0.013062204	-0.00019466598	17.26084	0.0	0.012683229	0.0079902485	0.00019237156	0.012993937	-7.563916e-05	1.841363e-05	1.2598962	17.26084	1.0	0.0	0.0	0.1989907	0.0039167646	208000	117.28630876541138
52	77.27451	21.573475	142.0	40.0	0.4639967	0.13651553	0.7300488	0.19347556	77.27451	3176.5127	0.014983551	31.149519	15.483427	49.905907	0.55386794	0.30080047	0.019787533	0.35334483	0.15908058	8.3446505e-10	-0.011896161	-3.9488077e-10	0.00013798257	24.34875	-2.6882954	0.014893581	-0.0011615213	0.0	0.0	0.0130593935	0.0060211644	-0.00046591417	0.0132783735	-0.000109302586	5.455768e-05	1.1523182	0.0	2.0	0.0	0.0	0.18705797	0.004071433	212000	119.55344820022583
53	77.90196	18.389315	130.0	50.0	0.48989734	0.13132888	0.8065338	0.27973026	77.90196	3201.5637	0.014822055	31.604267	16.11968	51.60848	0.7643711	0.2698705	0.020777255	0.32471782	0.16966432	1.5974045e-08	-0.013677504	-2.9802322e-10	5.805322e-05	17.17134	-0.7654457	0.011293103	-0.00011839159	0.0	0.0	0.01710316	0.008352152	-0.00012968427	0.017611356	-7.201859e-05	1.0206046e-05	1.3270779	0.0	2.0	0.0	0.0	0.18727005	0.004375017	216000	121.99047875404358
54	77.117645	21.15549	186.0	51.0	0.5101372	0.12649079	0.8392801	0.18519932	77.117645	3227.926	0.014672391	31.060484	15.726293	52.08155	0.73251003	0.27805766	0.02223718	0.32609785	0.15443265	4.053116e-09	-0.011443544	3.5762787e-10	-0.00012406133	24.016926	-1.6817265	0.012933369	-0.00029091816	12.239377	0.0	0.016040305	0.009241333	0.00013145112	0.016530884	-0.00010570449	2.277602e-05	1.3174647	12.239377	1.0	0.0	0.0	0.18709052	0.0040184404	220000	124.59137606620789
55	80.14286	23.059816	170.0	53.0	0.4965727	0.12400043	0.85875344	0.21683803	80.14286	3252.501	0.014520094	32.218983	16.205626	53.538025	1.0869045	0.28906068	0.020880187	0.35563567	0.17192166	7.1525574e-10	-0.014029341	1.5795231e-09	-7.754714e-06	24.902153	-3.4624062	0.01312395	-0.00039468333	0.81726307	0.0	0.018860634	0.009924717	-4.2764845e-05	0.019116338	-7.881478e-05	2.4292787e-05	1.3785391	0.81726307	2.0	0.0	0.0	0.18855834	0.0045059756	224000	127.0665636062622
56	97.14634	29.945122	189.0	62.0	0.45140672	0.1444868	0.7171762	0.22840703	97.14634	3271.025	0.0143466005	35.986984	17.197681	55.767933	0.4589653	0.28581697	0.025119642	0.34629673	0.17270418	-2.0742416e-08	-0.0125044845	1.1324882e-09	0.00012303928	43.3844	-9.439579	0.015525663	-0.0030711861	0.0	0.0	0.011282479	-0.015104661	-0.000500207	0.014705874	-0.00018471453	9.966558e-06	1.2126778	0.0	3.0	0.0	0.0	0.1905756	0.004406403	228000	129.5138247013092
57	98.6	36.785053	206.0	54.0	0.46570373	0.15089574	0.77699924	0.18948697	98.6	3289.895	0.014180582	37.5946	18.225004	58.731915	0.8124013	0.23072009	0.020190828	0.28908762	0.14267775	-6.6757204e-09	-0.013541084	5.438924e-10	-0.00014199839	50.394882	-6.3605156	0.013865258	-0.00013494492	0.0	0.0	0.01701696	0.007888969	-0.0003478324	0.01743064	0.00015397668	5.7312e-05	1.3202516	0.0	2.0	0.0	0.0	0.19010639	0.0043275147	232000	131.84494590759277
58	97.7	41.72781	309.0	65.0	0.49495488	0.14726475	0.7782956	0.14376606	97.7	3309.7134	0.014024209	37.996525	18.832241	60.994926	0.70131797	0.23890147	0.026589679	0.30307996	0.14179038	1.07288365e-08	-0.014737077	-6.556511e-10	-4.8702204e-05	56.256233	-4.4928017	0.01422216	-0.00015522726	0.0	0.0	0.019895956	0.009853941	-5.1638854e-05	0.020637453	0.000116350326	1.825686e-05	1.4365741	0.0	2.0	0.0	0.0	0.19123769	0.004264625	236000	134.09854650497437
59	112.34286	39.80879	265.0	60.0	0.44121602	0.16041851	0.8383154	0.16052283	112.34286	3325.2847	0.013855353	40.928333	19.474459	63.064598	0.59350634	0.2399607	0.022908418	0.3038977	0.1463016	-5.9604646e-09	-0.01407712	-3.054738e-10	-4.573025e-05	44.266586	-4.5222588	0.013318258	-0.0010359036	0.0	0.0	0.018534161	0.0025941683	-0.00052325515	0.018946342	0.00012344416	3.697032e-05	1.3764571	0.0	2.0	0.0	0.0	0.19228792	0.0040744683	240000	135.38776111602783
