Epoch	AverageEpRet	StdEpRet	MaxEpRet	MinEpRet	AverageEpCost	StdEpCost	MaxEpCost	MinEpCost	EpLen	CumulativeCost	CostRate	AverageVVals	StdVVals	MaxVVals	MinVVals	AverageCostVVals	StdCostVVals	MaxCostVVals	MinCostVVals	LossPi	DeltaLossPi	SurrCost	DeltaSurrCost	LossV	DeltaLossV	LossVC	DeltaLossVC	Penalty	DeltaPenalty	StopIter	Entropy	KL	TotalEnvInteracts	Time
0	18.571428	7.141904	36.0	10.0	0.37590364	0.31112	1.4348276	0.052123662	18.571428	8.1894455	0.020473614	-0.05198307	0.17087755	0.38919014	-0.39214367	0.042989172	0.14294982	0.3244983	-0.29669777	-5.2113794e-08	-0.00821018	-8.940697e-09	-0.0016164117	149.1647	-17.32808	0.08705631	-0.04987563	0.84999996	-0.025725603	33.0	0.6858705	0.012783225	400	0.9617471694946289
1	17.952381	6.027526	30.0	8.0	0.43588758	0.21971571	0.95788115	0.11801037	17.952381	17.569286	0.021961607	0.055675104	1.6448766	4.3800178	-3.657706	0.19310293	0.05461292	0.32591033	-0.0049840407	-1.4112827e-08	-0.007969069	-2.30968e-09	7.430106e-05	129.1915	-44.276306	0.031448722	-0.0058937334	0.82427436	-0.021083593	9.0	0.6799568	0.016666	800	1.3662760257720947
2	25.0	14.2521925	54.0	9.0	0.75178224	0.9360838	3.7437925	0.12920721	25.0	29.59779	0.024664825	2.9623597	0.49040088	4.053399	1.4771801	0.22497673	0.087612875	0.35644755	-0.02297841	6.112011e-09	-0.0063668746	-1.1138618e-08	-0.0013899769	252.4641	-113.779465	0.93910605	-0.504875	0.80319077	-0.0204463	9.0	0.68058443	0.014020315	1200	1.7715435028076172
3	31.166666	19.195631	87.0	16.0	0.5089035	0.37123185	1.3192996	0.082070746	31.166666	35.835545	0.022397215	8.269149	1.629919	11.4392	3.7693331	0.5695559	0.4103048	2.0671499	-0.2761828	4.9758754e-08	-0.006636496	-8.9406965e-10	0.0015023595	269.99057	-81.17732	0.17967324	-0.11833895	0.78274447	-0.021054745	15.0	0.669844	0.012686002	1600	2.250685453414917
4	42.555557	15.826217	66.0	13.0	0.8349122	0.92311674	3.26347	0.091246165	42.555557	43.408356	0.021704178	13.007014	2.0871603	16.659275	4.737868	0.24186005	0.15120496	0.7183806	-0.1559676	3.4463966e-08	-0.006789402	-1.4975667e-08	-0.00051190815	196.86714	-47.247955	0.67061615	-0.2728652	0.7616897	-0.021583676	24.0	0.6457402	0.012420408	2000	2.827885866165161
5	54.57143	17.095173	81.0	35.0	1.1455523	1.1027379	3.462755	0.040789757	54.57143	51.52571	0.021469045	17.31971	1.6588303	19.336561	11.063856	0.3869117	0.3334457	1.128316	-0.9006373	1.962247e-08	-0.0072491113	-7.823109e-09	-0.0019649528	240.61243	-39.775223	0.69046557	-0.35908458	0.74010605	-0.026140451	79.0	0.6225393	0.0041417927	2400	3.582641839981079
6	44.125	9.319838	55.0	25.0	0.72207826	0.58743656	1.7653948	0.021760656	44.125	57.37846	0.020492308	19.932383	1.7336943	21.930738	11.557769	0.5351725	0.31757125	1.3690828	-0.0749134	-1.5129126e-08	-0.006428332	-7.934869e-09	0.0057876077	141.82146	-13.069733	0.30836284	-0.1441352	0.7139656	-0.035542786	79.0	0.6328645	0.004696161	2800	4.305291414260864
7	59.333332	20.989414	81.0	32.0	1.227029	1.0112075	3.0150957	0.15730308	59.333332	64.902306	0.02028197	22.209324	0.4788475	22.878342	20.63769	0.41300368	0.07985981	0.5356489	0.12490284	-2.2774236e-08	-0.005143626	-4.5076014e-09	-0.0008323332	277.53748	-23.770325	0.6108745	-0.23788124	0.6784228	-0.019665241	79.0	0.6381009	0.0046923463	3200	5.056581735610962
8	60.833332	32.554653	109.0	18.0	1.8358468	2.3857872	6.9778557	0.046767805	60.833332	75.931206	0.021092001	22.83904	3.8246493	24.59669	-5.1523967	0.692559	0.30357292	1.3575151	-0.38066298	2.071393e-08	-0.011726296	1.4156103e-08	-0.033923082	341.08353	-37.827362	3.0109496	-1.9294021	0.65875757	-0.013563633	14.0	0.6113772	0.014126854	3600	5.590346813201904
9	47.875	16.609015	73.0	25.0	0.5084635	0.3307814	1.2261243	0.16791646	47.875	80.01449	0.020003622	25.654055	1.5805719	26.73061	14.125968	1.6552331	0.7636418	3.3821788	-0.5450787	1.2258864e-08	-0.006808624	3.576279e-08	0.013025287	165.09898	-29.288849	2.5503113	-2.4526246	0.64519393	-0.03156227	79.0	0.6242761	0.004809296	4000	6.290140628814697
10	74.0	21.954498	96.0	38.0	0.37106827	0.13775727	0.54942507	0.22350177	74.0	81.67072	0.018561527	24.25566	4.330642	26.373169	-2.4540865	0.24761611	0.13468182	0.70724046	-0.027071415	1.4775279e-08	-0.010381176	0.0	0.0013454645	455.6	-81.05344	0.046493378	-0.028615002	0.61363167	-0.016461909	10.0	0.6315731	0.015680404	4400	6.919123649597168
11	73.2	34.701008	120.0	14.0	1.190839	0.5298754	1.9401939	0.46417388	73.2	87.66981	0.018264543	26.519463	8.189783	29.775084	-21.892347	0.07124387	0.0852324	0.27243105	-0.17668153	2.6685223e-09	-0.006191909	5.1409006e-09	-0.0011624146	320.12885	-29.520355	0.37517354	-0.27718407	0.59716976	-0.015284359	12.0	0.61934525	0.014315205	4800	7.402256965637207
12	65.4	19.085073	100.0	43.0	1.4945496	0.38664725	2.0981832	1.035995	65.4	95.738914	0.018411329	31.061674	1.259082	31.488121	15.943704	0.55505186	0.05917729	0.73441195	0.4112421	-1.2193009e-08	-0.0052530346	-6.2584875e-09	-0.0012020348	301.21423	-6.224701	0.15693419	-0.046624787	0.5818854	-0.017356038	79.0	0.6006627	0.0087484745	5200	8.099837303161621
13	46.625	11.89472	67.0	32.0	0.51666844	0.5058189	1.7764598	0.06862731	46.625	100.28685	0.017908366	31.096298	3.5519187	32.011242	2.8080077	0.7089896	0.040628303	0.8061362	0.5537694	-5.717794e-09	-0.0067784116	-1.1622905e-08	0.0026292726	225.58069	-27.115417	0.27360886	-0.19577827	0.56452936	-0.02143681	79.0	0.57371366	0.0030140192	5600	8.794600248336792
14	52.42857	17.751114	86.0	32.0	0.4613869	0.23926038	0.84580684	0.21822946	52.42857	103.57637	0.017262729	30.055012	0.2074127	30.23476	29.088757	0.2763726	0.12653033	0.4989959	-0.027664559	-8.561903e-09	-0.0065798946	3.1106173e-09	0.0010415737	234.00676	-9.411835	0.02525601	-0.0067974683	0.54309255	-0.020052493	79.0	0.5873043	0.0027431215	6000	9.488704442977905
15	99.0	12.980755	118.0	87.0	1.7328801	0.78725547	3.0499527	0.97179127	99.0	110.53962	0.017271815	28.914736	0.18572481	29.085127	28.014963	0.3377404	0.07436092	0.4633696	0.056483548	-3.7251294e-08	-0.0059880484	-1.04680655e-08	-0.0032627722	409.90375	-28.210419	0.24815772	-0.14505133	0.52304006	-0.015027761	79.0	0.5849539	0.0075093843	6400	10.247612476348877
16	69.4	18.315022	103.0	51.0	0.5659531	0.21022977	0.8245384	0.19188072	69.4	113.49567	0.01669054	30.714565	0.08879637	30.803867	30.340187	0.6870739	0.062677935	0.7831986	0.48123455	5.3836553e-09	-0.007502368	1.3634563e-08	0.0015707982	271.38766	-1.1091919	0.14669316	-0.12671378	0.5080123	-0.019495845	79.0	0.5586401	0.0067850663	6800	10.936062335968018
17	92.0	27.322153	130.0	57.0	2.3508542	1.4871945	4.531865	0.5879943	92.0	123.602394	0.017167	27.89746	9.424904	31.19748	-27.707186	0.47361118	0.17403144	0.8883949	-0.022731014	2.6182281e-08	-0.0037557755	1.0803342e-09	-0.0036641436	352.51074	-35.104095	0.99460274	-0.43291658	0.48851645	-0.010828257	79.0	0.5740799	0.0026640133	7200	11.64502763748169
18	97.25	28.074677	145.0	77.0	1.6877377	0.98715436	2.8473232	0.7075374	97.25	130.66508	0.017192774	29.983261	7.709279	33.000134	-14.506811	1.1604846	0.29508942	1.9059515	0.15185218	-1.5334182e-08	-0.0041284314	-6.2584875e-09	-0.001140562	337.02652	-31.633575	0.4593673	-0.16153988	0.4776882	-0.01125586	79.0	0.56487334	0.0052393796	7600	12.380128383636475
19	85.5	31.78443	138.0	54.0	1.5703387	0.75182074	2.7781997	0.82340366	85.5	137.89267	0.017236583	32.268776	8.171918	34.96273	-21.395668	0.6464428	0.23906966	1.2089626	-0.059121028	-1.6992333e-08	-0.0071026073	3.762543e-09	-0.0020998763	325.22256	-15.458954	0.44196868	-0.16458824	0.46643233	-0.01300925	79.0	0.55006814	0.007769174	8000	13.11397123336792
20	107.333336	11.025224	121.0	94.0	0.6550892	0.15688415	0.8526708	0.46889082	107.333336	139.89673	0.016654372	36.09576	0.1597028	36.303047	35.7366	0.81950986	0.067645766	1.024844	0.7040168	-1.5932276e-08	-0.009885219	-1.0319054e-08	0.002941785	399.29953	-19.643127	0.30444777	-0.2895229	0.45342308	-0.019936204	79.0	0.55127436	0.0045771287	8400	13.92832326889038
21	89.0	4.8989797	95.0	83.0	1.8006049	0.47802857	2.4459302	1.3034905	89.0	145.50908	0.016535122	37.693672	0.085480854	37.79305	37.46911	0.29007125	0.080044985	0.3954376	-0.021916948	-4.7965627e-09	-0.0041602836	-1.0803342e-09	0.0022384769	520.7676	-22.09607	0.42121583	-0.22520581	0.43348688	-0.01488027	79.0	0.58232415	0.0036227691	8800	14.64694619178772
22	74.4	8.064738	86.0	63.0	3.3016791	2.1104782	7.442397	1.5661727	74.4	162.313	0.017642718	36.8786	9.410582	39.44734	-23.915037	0.6886044	0.23794118	1.205315	-0.10048846	1.7344142e-09	-0.008592045	1.37090685e-08	0.004268638	261.49573	-20.846527	3.278277	-2.2026157	0.4186066	-0.015936047	79.0	0.5637359	0.007396376	9200	15.399719715118408
23	129.0	2.1602468	132.0	127.0	5.180312	2.1504457	8.174849	3.2234905	129.0	177.86574	0.018527681	34.029896	9.692575	38.22131	-12.9312315	2.3148565	0.9429429	4.324003	-0.8220838	-1.8614505e-08	-0.0043239784	-1.1920929e-09	-0.0055102496	361.65134	-41.066406	1.4903708	-0.35218346	0.40267056	-0.0020090044	79.0	0.58259714	0.005071976	9600	16.080098152160645
24	126.0	21.64871	152.0	99.0	2.0790074	0.84740436	2.8245146	0.89366204	126.0	184.35156	0.018435156	40.124367	0.05930986	40.188396	39.922325	2.1809623	0.41654003	2.7297738	0.8208581	2.0606228e-08	-0.00741177	2.0712614e-08	0.0067020324	438.83453	-8.062103	1.9625937	-1.5907156	0.40066156	-0.010669917	79.0	0.57563376	0.008434011	10000	16.903993368148804
