Epoch	AverageEpRet	StdEpRet	MaxEpRet	MinEpRet	AverageEpCost	StdEpCost	MaxEpCost	MinEpCost	EpLen	CumulativeCost	CostRate	AverageVVals	StdVVals	MaxVVals	MinVVals	AverageCostVVals	StdCostVVals	MaxCostVVals	MinCostVVals	LossPi	DeltaLossPi	SurrCost	DeltaSurrCost	LossV	DeltaLossV	LossVC	DeltaLossVC	Penalty	DeltaPenalty	Optim_A	Optim_B	Optim_c	Optim_q	Optim_r	Optim_s	Optim_Lam	Optim_Nu	OptimCase	Margin	BacktrackIters	Entropy	KL	TotalEnvInteracts	Time
0	15.425926	10.070312	82.0	5.0	2.4979331	12.894479	102.918945	0.036148135	15.425926	809.3347	0.16186695	0.0011702839	0.11412707	0.43635264	-0.41405174	0.0014052695	0.15203011	0.5183726	-0.5004153	-1.2435913e-07	-0.004894235	1.525879e-08	-0.11856928	180.23265	-22.10411	297.1036	-9.468964	0.29094535	0.0	0.04280848	0.0023448314	0.12951787	0.04604021	-0.08415307	2.191314	4.272766	0.29094535	1.0	0.0	0.0	0.9189385	0.004157904	5000	3.5775907039642334
1	15.710691	9.178075	62.0	4.0	0.7209775	1.7846783	15.561766	0.017825428	15.710691	1038.6167	0.10386167	1.08212	0.17994647	1.8671136	0.16936201	0.74288905	0.5927154	3.0968165	-2.4795828	-3.1280518e-08	0.002096485	-3.0517577e-09	-0.013454846	140.51869	-51.264053	4.725855	-0.39392042	2.2492409	0.0	0.034828246	0.0040077907	0.014065421	0.06740705	-0.03279645	0.03301555	2.9479036	2.2492409	1.0	0.0	0.0	0.90524364	0.0043308577	10000	6.787029504776001
2	15.98718	7.772805	41.0	5.0	0.43895945	0.7143399	7.8501487	0.009088224	15.98718	1175.6313	0.07837542	4.5539045	0.205085	5.5457606	2.7260976	0.9479099	0.2822528	2.355239	-0.6653527	6.5612795e-08	-0.020559184	2.1314621e-08	0.0037995928	69.93016	-23.721706	0.8086012	-0.22260314	0.7700047	0.0	0.0258859	0.008451389	-0.0038180938	0.046501044	-0.013930565	0.009413498	1.7501191	0.7700047	2.0	0.0	0.0	0.88140535	0.0045801383	15000	9.963176250457764
3	17.508772	9.079615	51.0	5.0	0.48394412	0.9298741	10.486902	0.04709909	17.508772	1313.5857	0.06567928	8.106063	0.30195713	9.32395	6.670073	0.67236036	0.21650118	1.9291116	-0.39454246	8.106232e-09	-0.014581323	-1.9550324e-09	0.0008187072	63.07573	-7.1562805	1.0358907	-0.11579734	1.1749713	0.0	0.028780306	0.009919896	-0.0009170193	0.04717617	-0.013896656	0.010497851	1.7033117	1.1749713	2.0	0.0	1.0	0.8606779	0.0029235533	20000	13.079009294509888
4	18.123636	9.021147	64.0	6.0	0.3576997	0.4808594	5.6445084	0.022479912	18.123636	1412.0846	0.056483384	10.216756	0.40338907	11.571789	7.904585	0.5512663	0.10045157	1.0449697	-0.06277523	3.2424927e-09	-0.021438126	-1.01089475e-08	0.004163382	58.176926	-1.3777199	0.28696546	-0.05845262	0.0	0.0	0.025046073	-0.006601073	-0.007851643	0.043694433	-0.008321714	0.0037135126	2.0903213	0.0	3.0	0.0	0.0	0.84026325	0.0045863753	25000	16.45128583908081
5	21.327587	9.342409	51.0	6.0	0.50181943	0.82707256	6.157567	0.026318772	21.327587	1532.6501	0.051088337	10.756812	0.7838955	12.637632	5.276952	0.41874146	0.07332426	0.7219189	0.08557353	-2.2888184e-08	-0.013285078	-1.3828277e-09	-3.4551715e-05	67.078156	-3.3391113	0.61254686	-0.0024713874	1.4077736	0.0	0.016857667	0.009998985	8.530884e-05	0.030753208	-0.009980118	0.0071679647	1.2984368	1.4077736	1.0	0.0	0.0	0.8272474	0.004477196	30000	19.815823554992676
6	24.661692	10.180216	62.0	7.0	0.5791784	0.87606615	6.298495	0.01665233	24.661692	1651.9716	0.047199186	12.231059	1.0727803	14.569772	4.558351	0.434585	0.076927714	0.75734514	0.0059287716	-1.1444092e-08	-0.008553841	3.4809113e-09	-0.0029131093	78.86261	-3.1965256	0.62729573	-0.010794878	1.5485646	0.0	0.016051114	0.009002465	0.0032105823	0.02933208	-0.011714792	0.01033331	1.3352785	1.5485646	1.0	0.0	0.0	0.79779196	0.0041275294	35000	23.02023673057556
7	26.542553	10.90741	69.0	8.0	0.40984696	0.47153836	3.245334	0.021351095	26.542553	1729.0619	0.043226548	13.468194	0.6242326	14.741143	8.482729	0.4679089	0.027386924	0.5881471	0.33526945	-2.7656554e-08	-0.013647308	-4.7445297e-09	0.0028450433	84.81535	-4.4835663	0.1915777	-0.023648769	0.5441921	0.0	0.014308226	0.0065823505	-0.0033965474	0.028187266	-0.0068446877	0.0033755759	1.4743562	0.5441921	2.0	0.0	1.0	0.7791835	0.0028563964	40000	26.032984018325806
8	29.690475	10.2614355	71.0	8.0	0.6418892	0.749911	6.5370817	0.017040826	29.690475	1836.9766	0.0408217	14.298248	1.9297096	17.546247	2.5736506	0.36629555	0.041342482	0.5211969	0.15314917	1.2588501e-08	-0.007325266	2.193451e-09	-0.004857716	84.87815	-6.30114	0.3989261	-0.015480936	1.3434322	0.0	0.013436931	0.007214362	0.004778947	0.015898354	-0.0044922405	0.008198601	1.3647436	1.3434322	1.0	0.0	0.0	0.7686998	0.0043010945	45000	27.24154496192932
9	31.0625	10.255296	67.0	11.0	0.52969635	0.45301083	2.2694116	0.015236141	31.0625	1921.8608	0.038437217	15.132872	1.9703023	17.893486	1.3547723	0.4296982	0.020571198	0.4897079	0.2956175	-2.322197e-08	-0.0041919174	-1.5735626e-09	-0.0010038293	82.48145	-10.39901	0.12832505	-0.0025173724	1.7782677	0.0	0.0038179643	0.009706469	0.00095601915	0.01164737	-0.0049374723	0.0031137273	0.62717	1.7782677	1.0	0.0	0.0	0.758808	0.0041083246	50000	30.389171361923218
10	32.135483	11.03781	82.0	14.0	0.46395427	0.37625802	2.1534631	0.022952665	32.135483	1993.8439	0.036251705	15.519671	2.6686192	18.655882	-1.2946596	0.40306625	0.014810062	0.43565357	0.29497492	-1.9645691e-08	-0.008042163	1.6689301e-09	0.0009790442	80.87394	-12.744514	0.09079923	-0.0062567666	1.211749	0.0	0.006872863	0.009344608	-0.00112168	0.012505032	-0.0032881836	0.0019197136	0.85760695	1.211749	2.0	0.0	1.0	0.71397406	0.0028103937	55000	33.567102670669556
11	34.10274	9.376252	63.0	16.0	0.50715214	0.3107834	1.5059588	0.014860833	34.10274	2067.939	0.03446565	15.971435	3.8508441	19.608599	-3.7990992	0.34641582	0.020846615	0.41726977	0.25411338	8.010864e-09	-0.0067236833	-2.3841857e-11	-0.00023717649	61.09832	-12.040997	0.062272105	-0.0001447387	2.145588	0.0	0.0049358904	0.009970052	0.00020972332	0.0110786995	-0.00300363	0.0014686756	0.7036133	2.145588	1.0	0.0	0.0	0.6828889	0.0044612475	60000	36.6113600730896
12	35.557144	10.81221	97.0	18.0	0.52857876	0.39075243	2.289952	0.07052654	35.557144	2142.3284	0.0329589	16.434004	4.9445543	20.33673	-4.145246	0.3557516	0.020855306	0.4237891	0.26495567	1.373291e-08	-0.0071660145	-4.4703485e-09	-0.0008693666	61.84738	-11.194435	0.091093466	-0.00074218214	1.5882753	0.0	0.006498898	0.009660351	0.0008037417	0.009431283	-0.002361632	0.001901969	0.8202069	1.5882753	1.0	0.0	0.0	0.6557955	0.004077628	65000	39.64892578125
13	37.313435	10.044244	80.0	23.0	0.52925265	0.28899685	1.799065	0.067815736	37.313435	2213.2483	0.03161783	17.117857	5.8639297	21.83744	-3.9256103	0.3710779	0.037689053	0.48583886	0.2207668	-5.340576e-09	-0.004583859	9.23872e-11	-0.00078319944	49.315895	-8.672306	0.05175932	-0.0003440976	1.7389933	0.0	0.0033712138	0.009511039	0.0007839709	0.0057224487	-0.0017191378	0.0012569713	0.5953593	1.7389933	1.0	0.0	0.0	0.6327408	0.004373555	70000	42.711333990097046
14	39.054688	10.562542	99.0	21.0	0.49204466	0.24142519	1.6115562	0.13035381	39.054688	2276.242	0.030349893	17.794786	6.5677924	23.15769	-3.159003	0.36469176	0.02270935	0.4345312	0.2631401	1.7929077e-08	-0.004564622	-3.8146972e-10	0.00016367921	45.582855	-7.153225	0.036797166	-0.00087935105	2.2117178	0.0	0.0029845703	0.009941384	-0.0002036975	0.006958679	-0.0016772506	0.00070787437	0.5479204	2.2117178	2.0	0.0	1.0	0.6110707	0.0025359073	75000	45.7725670337677
15	40.276424	11.039693	81.0	22.0	0.5208743	0.21340722	1.5696448	0.14979908	40.276424	2340.7063	0.029258829	18.202625	7.580287	24.432316	-2.4117713	0.34443906	0.019262133	0.4088547	0.2582701	2.0313262e-08	-0.0038926147	1.013279e-09	-0.0005623302	41.025185	-5.9730034	0.031823967	-9.3277544e-05	3.4579372	0.0	0.0029633893	0.009520364	0.0005182764	0.007809597	-0.0016474285	0.00056002976	0.5579144	3.4579372	1.0	0.0	0.0	0.577182	0.0031616692	80000	48.80418825149536
16	41.441666	11.009689	90.0	23.0	0.47331187	0.1814029	1.0773118	0.1323989	41.441666	2397.744	0.028208751	19.0948	7.861517	25.9481	-1.2282914	0.34715837	0.016132483	0.39824262	0.27653867	-2.670288e-09	-0.0046971263	7.390976e-10	0.0005202168	39.193645	-4.0946884	0.024468265	-0.00089675374	2.5072455	0.0	0.001465511	0.009242039	-0.0006439927	0.0063113905	-0.0016283354	0.000547161	0.39820862	2.5072455	2.0	0.0	1.0	0.5826869	0.002433942	85000	51.836960315704346
17	42.555557	11.226072	86.0	26.0	0.4721838	0.14967069	0.938443	0.186188	42.555557	2453.02	0.027255777	19.304588	8.338638	26.599096	-0.06615673	0.32344887	0.0046005277	0.33224612	0.28934163	1.935959e-08	-0.0073224087	1.4901161e-10	0.00056218414	36.106976	-3.8855782	0.017823756	-0.00010113232	1.6854781	0.0	0.005132368	0.008304285	-0.0006536445	0.008628503	-0.0009385543	0.00025195937	0.78615427	1.6854781	2.0	0.0	1.0	0.5588513	0.0027470056	90000	54.821797609329224
18	43.99115	10.435216	82.0	27.0	0.5044404	0.15861648	0.9574055	0.18603969	43.99115	2510.0403	0.026421476	19.765293	8.791887	27.707556	0.3401515	0.32369965	0.009515571	0.35390472	0.2731892	1.27792354e-08	-0.004106197	-1.7166137e-09	-0.00012086755	31.145275	-3.1094875	0.019062452	-0.00031728484	4.784553	0.0	0.0020555067	0.009958722	0.00010093909	0.0072760372	-0.0011351552	0.0002468288	0.4543156	4.784553	1.0	0.0	0.0	0.5380651	0.0035308667	95000	57.734901666641235
19	44.91892	11.069099	90.0	28.0	0.4766585	0.14120997	0.94073194	0.1942877	44.91892	2562.9636	0.025629636	20.459553	8.893245	28.634474	1.4946283	0.33737972	0.013211454	0.3788061	0.2731583	1.001358e-08	-0.0048298878	-3.576279e-11	0.0004379976	31.729195	-3.1874752	0.016438128	-0.00025014952	3.514588	0.0	0.0014191242	0.00888942	-0.00051963644	0.0060594343	-0.0010621803	0.0002431361	0.39955217	3.514588	2.0	0.0	1.0	0.5092297	0.0024180992	100000	58.722747802734375
