Epoch	AverageEpRet	StdEpRet	MaxEpRet	MinEpRet	AverageEpCost	StdEpCost	MaxEpCost	MinEpCost	EpLen	CumulativeCost	CostRate	AverageVVals	StdVVals	MaxVVals	MinVVals	AverageCostVVals	StdCostVVals	MaxCostVVals	MinCostVVals	LossPi	DeltaLossPi	SurrCost	DeltaSurrCost	LossV	DeltaLossV	LossVC	DeltaLossVC	Penalty	DeltaPenalty	StopIter	Entropy	KL	TotalEnvInteracts	Time
0	15.496124	7.9383516	48.0	5.0	0.30636013	0.2960432	3.7021306	0.013310278	15.496124	79.05209	0.019763023	0.0009637835	0.2158181	0.61961627	-0.6465393	0.0006471308	0.067772835	0.26103956	-0.316499	-8.177757e-08	-0.0118359355	-9.9390745e-09	-0.002235908	136.72926	-22.066528	0.15434095	-0.051546134	0	0	6.0	0.9189385	0.015684836	4000	3.773202419281006
1	18.924171	7.952104	45.0	5.0	0.2967979	0.29158992	2.4980526	0.017733553	18.924171	141.84744	0.01773093	1.2420546	0.2019848	1.9622664	0.45013082	0.21807098	0.04397416	0.48418295	-0.06164796	6.973743e-08	-0.011273471	-8.791685e-10	-0.00032688613	138.74664	-59.45047	0.07549823	-0.0016343072	0	0	9.0	0.91693896	0.013980817	8000	7.9002814292907715
2	20.699482	8.823711	54.0	5.0	0.29771858	0.546541	6.7040877	0.015368796	20.699482	199.30904	0.016609086	5.1196065	0.54114246	7.6651096	1.3327628	0.20954663	0.01632553	0.26910385	0.13974407	1.1062622e-07	-0.015384456	-1.4901161e-10	0.002192753	102.00665	-38.70891	0.28663006	-0.016782284	0	0	79.0	0.91427714	0.0077644605	12000	11.489055156707764
3	24.310976	10.212719	71.0	7.0	0.4916061	0.7681859	5.695822	0.015720198	24.310976	279.95654	0.017497284	9.592484	0.33725834	10.818455	6.56405	0.21932654	0.16418691	1.3227983	-0.55153173	-4.768372e-10	-0.013332544	-2.3543836e-09	0.0071479543	90.39766	-13.982788	0.57205373	-0.060260236	0	0	79.0	0.9243233	0.008277183	16000	15.50675892829895
4	29.614815	11.964753	84.0	9.0	0.75359946	0.97590834	7.1681776	0.031161427	29.614815	381.69553	0.019084776	12.529791	0.25886482	13.060935	11.246092	0.4251883	0.04564781	0.60891646	0.19593601	-3.3140182e-08	-0.011986897	-2.8312206e-09	0.009953704	110.28088	-12.420517	0.6986556	-0.048754215	0	0	79.0	0.9324735	0.006681418	20000	20.184648513793945
5	31.76	10.781763	70.0	9.0	1.1281376	1.0850677	6.600532	0.011519107	31.76	522.78625	0.021782761	14.815598	1.4402757	17.314499	6.23219	0.60832936	0.07245208	0.9242304	0.20378277	2.0980835e-08	-0.012805024	-1.6093255e-08	0.015002852	93.69697	-7.0996246	0.7886522	-0.07523161	0	0	79.0	0.9438596	0.009098026	24000	23.795511484146118
6	40.896908	15.350533	99.0	18.0	2.0709882	1.8428886	9.179523	0.014055548	40.896908	725.0616	0.025895057	15.241424	4.084872	19.798891	-8.51174	0.87276185	0.038456496	1.0219527	0.6954654	-6.6757204e-09	-0.0064208107	2.5629998e-09	0.02985311	157.66162	-27.253006	2.2776453	-0.3717383	0	0	12.0	0.9718199	0.012862415	28000	27.067710399627686
7	45.284092	15.079297	118.0	13.0	4.322824	3.3116186	17.898184	0.08068094	45.284092	1105.518	0.034547437	19.230421	5.122774	22.513805	-13.766164	1.4456109	0.07713022	1.6337386	0.93537503	-6.198883e-09	-0.0073451563	1.2457371e-08	0.027143857	160.20197	-8.69574	8.43265	-2.518303	0	0	79.0	0.96975446	0.0057599507	32000	31.23333740234375
8	49.209877	16.422445	102.0	6.0	6.541108	5.214665	29.739397	0.06503961	49.209877	1635.3943	0.04542762	21.441296	3.9198244	23.419655	-10.0758915	2.9827938	0.29573303	3.7077663	1.6858873	-4.172325e-09	-0.0060957177	-2.193451e-08	0.021963323	176.38332	-7.895035	17.246574	-2.3121777	0	0	79.0	0.9681741	0.0041929237	36000	35.179458141326904
9	52.18421	14.607776	91.0	26.0	8.402965	8.003673	57.847157	0.17364733	52.18421	2274.4321	0.056860805	22.553055	3.9161873	24.148386	-13.479842	4.4923186	0.37481964	5.344161	2.707519	-5.3644182e-09	-0.0030537662	7.152557e-09	0.013097168	167.83186	-5.2614594	41.757538	-2.018608	0	0	79.0	0.96987796	0.0026993377	40000	39.84264159202576
10	55.541668	17.363705	119.0	34.0	7.666998	8.15867	64.474464	0.53211117	55.541668	2826.4614	0.06423776	22.861916	5.1431537	24.773647	-15.03326	5.8774405	0.29773256	6.550654	4.1186004	9.536743e-09	-0.008204955	-1.3351441e-08	0.033416692	189.53745	-8.723984	40.50018	-2.233593	0	0	79.0	0.96015584	0.0046673603	44000	43.7915244102478
11	58.880596	16.888151	120.0	36.0	7.5955524	4.536161	25.363907	1.0748754	58.880596	3335.694	0.06949363	24.942501	3.8218894	26.241348	-6.798466	4.9723926	1.3992232	9.325488	-0.31803656	-2.6226044e-08	-0.006175953	2.8848648e-08	0.027941879	197.7473	-12.182739	13.431217	-2.613758	0	0	79.0	0.97207904	0.0042760507	48000	48.455968141555786
12	62.809525	19.951414	131.0	36.0	10.80469	9.794874	70.7104	1.667634	62.809525	4018.7598	0.077283844	25.838356	3.769024	27.42483	-9.419758	4.860914	0.29779738	5.6427474	3.5618558	-1.0728836e-09	-0.004387821	6.4134596e-08	0.04256653	219.36792	-22.298767	58.649635	-4.6946564	0	0	79.0	0.9900911	0.003330709	52000	53.114227533340454
13	64.1129	19.414083	131.0	34.0	11.828757	12.247365	92.73117	1.2798784	64.1129	4752.2734	0.08486202	27.185608	3.126817	29.1974	-0.18941176	7.0612335	0.42588937	8.202416	5.0274034	1.0967255e-08	-0.0071306787	2.4318695e-08	0.031286642	200.93263	-56.148743	73.91711	-2.006546	0	0	79.0	0.99576503	0.0050299494	56000	57.3238582611084
14	65.45	16.939524	121.0	40.0	17.831057	17.430216	71.39248	0.9010342	65.45	5829.477	0.09715795	25.925505	5.8048534	30.828892	1.8903687	7.2704806	1.8238851	12.31011	-1.4116374	-1.8835069e-08	-0.0069517875	1.1539459e-07	0.036710635	137.95097	-41.480087	184.87416	-23.33841	0	0	79.0	1.0117515	0.0030827376	60000	60.90608787536621
15	75.471695	24.565355	139.0	46.0	18.076208	16.92592	75.82058	0.64714134	75.471695	6787.516	0.10605494	26.24272	8.849419	33.44013	3.3256836	11.977504	0.8621763	14.203306	6.3013916	4.1723253e-10	-0.0061278674	-9.775162e-08	0.1156636	163.3645	-41.586685	141.57547	-0.22309875	0	0	5.0	1.0185697	0.016967166	64000	64.22385096549988
16	84.78723	28.813362	207.0	39.0	30.107912	22.614338	78.57686	1.9393777	84.78723	8203.294	0.12063668	28.357468	11.212058	37.062218	2.9829097	11.224576	0.9575698	13.350868	7.4515443	-1.1324882e-09	-0.005254897	1.4591217e-07	0.12168772	179.34854	-36.59703	298.3173	-62.683273	0	0	6.0	1.0184189	0.015552257	68000	68.37799382209778
17	93.2619	29.699335	220.0	42.0	39.198277	20.86556	80.02283	6.5476103	93.2619	9852.519	0.13684054	30.840559	12.169559	40.251663	2.619266	18.48116	1.1041224	20.319292	9.782483	-8.702278e-09	-0.0044636223	-3.051758e-08	0.053530328	163.37975	-32.08693	244.72	-27.265259	0	0	6.0	1.0178379	0.01684586	72000	72.61190843582153
18	98.25	30.198303	185.0	58.0	42.94686	22.206429	82.06153	3.1749146	98.25	11575.76	0.15231262	32.866486	13.008209	43.111557	2.0287974	22.754742	0.23984714	23.320923	20.926985	-3.5762786e-09	-0.0077136736	2.002716e-08	-0.0084183235	152.34917	-25.375679	244.14944	-4.454132	0	0	5.0	1.0179639	0.020674141	76000	75.57286262512207
19	112.14286	49.73711	375.0	68.0	46.18067	13.916657	70.129654	14.684446	112.14286	13193.767	0.16492209	34.283592	13.637055	45.432137	1.838767	24.136318	0.38756016	24.823364	21.41143	5.0723553e-08	-0.0039478987	7.009506e-08	0.032396056	233.57506	-45.118805	150.32027	-1.2909241	0	0	5.0	1.0177388	0.017295467	80000	78.71356320381165
20	126.129036	41.267612	257.0	39.0	47.17653	14.765339	79.195656	4.295102	126.129036	14665.848	0.17459342	37.76418	14.305093	48.435246	1.3879846	24.833614	0.17402734	25.249067	23.608965	1.26361845e-08	-0.007846368	-7.867813e-09	-0.008896491	199.93178	-35.55858	132.70949	-0.45333862	0	0	79.0	1.0174546	0.004923877	84000	82.86014795303345
21	143.33333	30.704084	201.0	39.0	38.9279	11.138049	54.086445	0.28737116	143.33333	15719.298	0.17862839	40.86528	14.383225	50.998463	1.5848936	24.496456	0.12796909	24.844166	23.60053	3.6478042e-08	-0.008209777	1.257658e-07	0.0066399667	203.09677	-38.418274	88.96878	-23.984787	0	0	79.0	1.0179933	0.0045186537	88000	86.45666170120239
22	154.88	43.746838	265.0	106.0	44.284496	12.005949	65.15437	22.24056	154.88	16833.043	0.18296786	42.44376	15.560366	53.549656	0.8045276	20.174313	0.2297622	20.78891	18.846111	6.175041e-08	-0.007057505	-3.385544e-08	0.008343178	210.63997	-39.579346	103.4388	-0.07626343	0	0	6.0	1.0117537	0.01489657	92000	89.6704728603363
23	204.52632	73.84363	331.0	31.0	34.2364	12.29965	50.93735	0.6301022	204.52632	17491.164	0.18219963	46.718006	15.097277	56.033825	1.5602758	20.066828	0.2747115	20.758926	18.746786	1.502037e-08	-0.0031967803	-1.4019012e-07	-0.013679989	375.40457	-75.17468	112.46917	-42.318863	0	0	8.0	1.0123369	0.013029692	96000	92.87732267379761
24	207.78947	52.63237	307.0	111.0	40.206932	11.01961	72.23582	25.020912	207.78947	18255.408	0.18255408	48.157207	16.529047	59.240643	0.9657072	13.573719	0.5752876	15.1103945	10.713678	-2.8848648e-08	-0.008372742	-4.529953e-08	-0.031232854	261.96643	-53.02768	78.21035	-11.328224	0	0	4.0	1.0127693	0.016849885	100000	96.38910603523254
25	280.14285	108.87795	571.0	158.0	36.817204	16.14949	74.33845	7.36812	280.14285	18774.43	0.18052337	52.68011	15.3294525	61.801918	2.2900577	13.885185	2.4444315	18.44554	5.188721	-4.583597e-08	-0.005603798	-3.9339067e-08	-0.046195097	440.02213	-90.88486	109.69412	-33.668404	0	0	5.0	1.0124363	0.017948436	104000	100.35649085044861
26	430.8889	100.840294	670.0	285.0	32.91057	7.51178	42.13699	18.10033	430.8889	19071.584	0.17658874	56.57041	15.312747	64.82781	5.684141	11.023928	0.6388414	12.991381	8.6986	8.2492825e-08	-0.0037869485	-4.36306e-08	-0.0043971576	573.3059	-147.56714	45.39398	-18.321552	0	0	5.0	1.012217	0.012846907	108000	104.47777462005615
27	751.0	317.8402	1000.0	140.0	23.680904	15.980326	49.417053	8.089611	751.0	19222.033	0.1716253	64.38687	9.359987	68.253006	7.0259886	6.543778	1.3043815	10.517729	2.0680172	-8.9883805e-08	-0.0052129743	8.106232e-09	-0.0019448067	829.9854	-215.44684	21.215092	-10.780772	0	0	8.0	1.0124536	0.013132203	112000	107.84894609451294
28	831.5	291.85056	1000.0	326.0	6.7352076	5.3324347	15.63468	1.5105354	831.5	19258.723	0.16602348	71.647705	0.6208434	71.76166	59.941963	3.7167177	0.5486945	5.449044	1.8112768	-4.9352646e-08	-0.00271284	-2.2292138e-08	0.0028366216	673.2475	-134.91907	7.760099	-6.8523083	0	0	9.0	1.0122927	0.015544943	116000	111.57209205627441
29	1000.0	0.0	1000.0	1000.0	7.0029263	2.471285	10.000142	3.5928977	1000.0	19286.734	0.16072279	74.77935	0.02821945	74.79113	74.40125	1.2911372	0.41546646	2.5298798	-0.107257724	-1.4827251e-06	-0.005562237	7.808208e-09	-0.0024099413	541.4991	-115.564545	0.6941997	-0.32484818	0	0	79.0	1.0116255	0.006193235	120000	115.53001737594604
30	1000.0	0.0	1000.0	1000.0	6.4065113	1.2110593	7.5674324	4.5861635	1000.0	19312.361	0.15574485	77.479904	0.027170314	77.492805	76.96958	0.6183204	0.38597795	1.7782192	-0.6118718	-5.2165984e-07	-0.0054018167	6.6757204e-09	0.0003846642	431.53265	-87.746796	0.35337597	-0.045423567	0	0	79.0	0.97168267	0.0040055593	124000	119.86470985412598
31	1000.0	0.0	1000.0	1000.0	7.992775	1.9582931	10.608224	5.094306	1000.0	19344.332	0.15112759	79.77156	0.017293734	79.782684	79.51199	0.5979381	0.29374242	1.6939882	-0.38492844	4.0626526e-07	-0.001465271	1.5050173e-09	-0.0002262034	348.32175	-68.58325	0.3444356	-0.040852427	0	0	79.0	0.9630039	0.0030925134	128000	124.17444276809692
32	702.8	282.30368	1000.0	176.0	7.985606	2.4304187	10.437598	4.4147434	702.8	19389.883	0.14689305	81.7617	0.010945192	81.7709	81.64497	0.7097587	0.29123378	1.8805032	-0.24255416	8.8214875e-09	-0.010634627	7.927418e-09	0.0022720944	451.33887	-14.207977	0.44103742	-0.07553774	0	0	28.0	0.9761145	0.012353704	132000	128.3930881023407
33	1000.0	0.0	1000.0	1000.0	9.90766	3.8159049	14.636254	5.2075076	1000.0	19429.514	0.14286408	82.71599	0.03385018	82.732445	82.28873	0.88158447	0.21354339	1.5980978	0.19254822	-6.270409e-08	-0.0028964952	3.606081e-09	0.00027688206	254.35144	-47.921585	0.71246356	-0.039199352	0	0	79.0	0.9762045	0.0052914657	136000	133.09193921089172
34	1000.0	0.0	1000.0	1000.0	11.935078	1.5503849	13.841376	9.537224	1000.0	19477.254	0.13912325	84.33965	0.017915359	84.35129	84.15017	0.96882385	0.2198273	1.8250927	0.27875608	4.7683715e-09	-0.004190324	1.0401011e-08	-0.00058073335	208.7791	-41.517548	0.6362086	-0.040822864	0	0	79.0	0.97622025	0.008827322	140000	137.24976778030396
35	1000.0	0.0	1000.0	1000.0	8.273073	2.0932248	11.5670595	6.354222	1000.0	19510.348	0.13548853	85.902054	0.0058463677	85.90642	85.8054	1.10767	0.17727074	1.7430748	0.502765	-6.9141386e-09	-0.0032554637	-3.4570693e-09	-0.00038637477	169.18304	-33.765976	0.6994778	-0.16399598	0	0	79.0	0.9866065	0.0042272406	144000	140.67616248130798
36	789.5	364.5967	1000.0	158.0	6.127836	1.1697913	7.3258405	4.220573	789.5	19541.604	0.13203786	87.31004	0.0037842083	87.31299	87.26471	0.7409009	0.15286961	1.2730634	0.2593547	1.45435335e-08	-0.0070223827	-7.808208e-09	0.00045284562	205.09056	-19.418411	0.26055	-0.026276827	0	0	79.0	0.9670814	0.008833153	148000	145.3098430633545
37	822.0	308.30505	1000.0	288.0	7.8226705	2.0546355	9.870401	4.422216	822.0	19581.955	0.12882864	88.39413	0.05873161	88.4014	86.666534	0.6284847	0.13763665	1.0503608	-0.022724144	1.990795e-08	-0.0042435974	4.5895576e-09	-0.0011312655	182.60701	-24.858688	0.48315716	-0.04482466	0	0	79.0	0.9745766	0.0043447604	152000	149.96387219429016
38	1000.0	0.0	1000.0	1000.0	9.654078	1.60206	11.66758	7.8113775	1000.0	19620.572	0.1257729	89.28347	0.40449813	89.345726	77.704735	0.7928443	0.10931871	1.173245	0.440422	5.531311e-08	-0.0019458466	5.9604646e-09	-0.002463832	98.04741	-21.138374	0.82298094	-0.015750766	0	0	9.0	0.96948427	0.014361895	156000	154.23871779441833
39	1000.0	0.0	1000.0	1000.0	3.8174105	0.9188341	4.6268797	2.3245397	1000.0	19635.842	0.12272401	90.44698	0.013637661	90.45261	90.08869	0.85617125	0.09027712	1.1240865	0.5661696	-5.6576727e-07	-0.002524959	-8.046627e-09	0.001603338	77.68273	-16.767975	0.39019775	-0.26960063	0	0	7.0	0.9668807	0.016211612	160000	158.47633409500122
40	1000.0	0.0	1000.0	1000.0	6.4983764	0.6247383	7.1952953	5.530079	1000.0	19661.834	0.11988923	91.47866	0.024131784	91.488396	91.11398	0.4873698	0.10821745	0.85718054	0.19030425	-3.6907196e-07	-0.0017885912	-7.1525574e-10	-0.00036650168	61.811203	-13.645996	0.16056433	-0.012420654	0	0	79.0	0.96507	0.0031783723	164000	163.33410239219666
41	1000.0	0.0	1000.0	1000.0	6.831884	0.5574374	7.5386624	6.2259173	1000.0	19689.162	0.117197394	92.42806	0.011771197	92.434845	92.21749	0.57128894	0.10387533	0.8855121	0.14679047	4.606247e-07	-0.0028531912	2.9802323e-09	0.0007364743	48.80183	-11.041737	0.23896344	-0.0028844029	0	0	79.0	0.97573525	0.0059978487	168000	167.98349332809448
42	1000.0	0.0	1000.0	1000.0	5.820211	1.9364663	7.9612346	2.8822498	1000.0	19712.443	0.11460723	93.29344	0.0057003396	93.29836	93.222855	0.57698923	0.09026616	0.8368349	0.27135435	2.4318695e-08	-0.004485315	4.082918e-09	-0.000109707966	38.286945	-8.894234	0.21666865	-0.003086269	0	0	79.0	0.9950188	0.005808325	172000	170.70042634010315
43	1000.0	0.0	1000.0	1000.0	6.9531894	1.4053704	9.178837	5.5910482	1000.0	19740.256	0.11216054	94.08064	0.005535255	94.08532	93.975204	0.54119426	0.08160347	0.81238455	0.21665175	2.0742416e-07	-0.002222056	-1.1622906e-09	0.00034337482	29.826488	-7.1265583	0.23042962	-0.001237005	0	0	79.0	1.0205853	0.0034921838	176000	174.48668670654297
44	1000.0	0.0	1000.0	1000.0	8.671982	2.2586923	12.5406885	6.8396955	1000.0	19774.943	0.10986079	94.79621	0.0059235683	94.80137	94.68136	0.57154286	0.07593649	0.86104405	0.2959112	9.703636e-08	-0.0026593078	-1.1444092e-08	-0.00033574383	23.051773	-5.672058	0.4629369	-0.018332899	0	0	79.0	0.99146295	0.0049769687	180000	178.0933701992035
45	1000.0	0.0	1000.0	1000.0	7.237508	0.87597793	8.365149	5.952739	1000.0	19803.895	0.10762986	95.44692	0.003829208	95.45116	95.40309	0.6824821	0.08690249	0.9437728	0.27653182	1.9192696e-07	-0.0012065988	1.013279e-09	0.0007414535	17.648285	-4.4760914	0.24393566	-0.009803399	0	0	79.0	1.0090213	0.0030432486	184000	182.31077980995178
46	1000.0	0.0	1000.0	1000.0	8.517448	1.5311177	10.59532	6.3973455	1000.0	19837.963	0.10552108	96.033195	0.010482208	96.03879	95.84876	0.5876427	0.107708186	0.9444584	0.132373	-6.232262e-07	-0.0045004706	-2.95043e-09	-0.0019548938	13.387869	-3.5015469	0.49045864	-0.010711014	0	0	79.0	1.0184622	0.004338188	188000	187.01333618164062
47	1000.0	0.0	1000.0	1000.0	5.2838745	0.29075322	5.5278034	4.7948856	1000.0	19859.1	0.10343281	96.56465	0.00353001	96.56779	96.49453	0.66615003	0.09796705	1.068937	0.274517	1.5807151e-07	-0.0018207663	1.4007091e-09	-0.0025069236	10.045852	-2.7129512	0.21429615	-0.057427436	0	0	7.0	0.9956043	0.01519989	192000	191.23861050605774
48	1000.0	0.0	1000.0	1000.0	2.3336496	0.42458552	3.0206869	1.858415	1000.0	19868.434	0.10136956	97.040085	0.0021158773	97.04251	97.0154	0.37917626	0.099134244	0.7010845	0.09524563	-5.235672e-07	-0.0016796773	7.0035455e-10	-0.00043908137	7.4580016	-2.0800362	0.0688631	-0.038278904	0	0	79.0	0.99537206	0.0052677	196000	195.24668860435486
49	1000.0	0.0	1000.0	1000.0	2.399963	0.56526375	3.371457	1.9679612	1000.0	19878.033	0.099390164	97.463356	0.004008455	97.46612	97.33661	0.17112608	0.09546126	0.51733494	-0.15129542	-3.004074e-08	-0.0010330727	-4.991889e-10	0.00023616158	5.47679	-1.5776904	0.043801714	-0.0017839149	0	0	79.0	0.99314916	0.0022361872	200000	199.1028437614441
