Epoch	AverageEpRet	StdEpRet	MaxEpRet	MinEpRet	AverageEpCost	StdEpCost	MaxEpCost	MinEpCost	EpLen	CumulativeCost	CostRate	AverageVVals	StdVVals	MaxVVals	MinVVals	AverageCostVVals	StdCostVVals	MaxCostVVals	MinCostVVals	LossPi	DeltaLossPi	SurrCost	DeltaSurrCost	LossV	DeltaLossV	LossVC	DeltaLossVC	Penalty	DeltaPenalty	StopIter	Entropy	KL	TotalEnvInteracts	Time
0	174.59279	87.967926	720.65295	59.931805	0.3515909	0.15260775	1.477337	0.062990524	7.9483104	176.85515	0.044213787	-0.0019381299	0.074571714	0.1544593	-0.15361959	0.0025771752	0.06582174	0.23848361	-0.23328558	-1.2159347e-08	-0.018379934	-3.963709e-09	-0.0022932715	18899.404	-265.73633	0.09672023	-0.074145935	0	0	4.0	0.9189385	0.022869008	4000	1.7955493927001953
1	212.11804	109.337715	711.06067	66.34842	0.341165	0.1857682	1.9863601	0.039549828	9.365339	322.5353	0.040316913	1.2183722	0.24550985	1.967095	-0.3011335	0.27087635	0.016402336	0.30895382	0.11975279	-4.2915346e-08	-0.017552875	2.0563602e-09	0.00013149783	27227.82	-1171.0996	0.035725806	-0.0011435673	0	0	5.0	0.91750515	0.021073941	8000	4.014377593994141
2	258.6134	141.50752	1025.6387	69.317474	0.43854958	1.4160303	23.860601	0.02238861	11.288136	477.81494	0.03981791	5.709996	0.71694803	7.17446	3.265734	0.25581706	0.047658723	0.53631365	-0.19861513	-1.3351441e-08	-0.02606924	-8.702278e-09	0.012237609	40877.688	-2145.711	4.0929275	-0.3507893	0	0	5.0	0.9158003	0.018492477	12000	6.184261322021484
3	299.37396	155.65524	1020.68164	81.3814	0.52902883	1.1914533	12.030379	0.035297893	12.941559	640.8547	0.040053416	12.697314	0.535214	14.733914	8.001363	0.52868706	0.43192765	4.2113705	-3.0841362	4.172325e-08	-0.021482859	9.536743e-09	0.0030675048	47128.152	-1805.2656	2.19844	-0.1844554	0	0	5.0	0.914322	0.017501418	16000	8.353511810302734
4	387.4103	211.74231	1234.9088	103.20025	1.3088856	5.4333696	57.83226	0.017300075	17.004255	948.565	0.04742825	18.11252	0.28790137	19.15008	15.42752	0.5838544	0.24093027	2.5298152	-1.6982592	-1.2087823e-07	-0.013027911	-7.086992e-08	0.029567895	75386.15	-1660.4922	45.582462	-4.8188934	0	0	7.0	0.9127824	0.017468521	20000	10.60692048072815
5	490.58765	270.01566	1905.8334	120.29514	1.065958	2.7158756	24.733774	0.02463334	21.360214	1149.9171	0.047913212	22.08061	0.11654178	22.407856	21.314259	1.9876108	1.2316732	7.0640173	-3.6834269	5.710125e-08	-0.015396364	4.6014787e-08	0.016606411	116396.16	-1710.375	10.334229	-2.240862	0	0	9.0	0.9104279	0.014656004	24000	12.806425333023071
6	668.7157	281.58133	1675.8771	151.8534	4.4368734	8.511076	48.962685	0.028630638	31.338583	1713.8204	0.061207872	25.335026	0.10927513	25.560047	24.425959	1.3745513	0.2053955	2.2438855	-0.05016717	2.6702882e-08	-0.010326891	-1.3834239e-07	0.06338326	143945.6	-1701.3125	59.432713	-10.529556	0	0	79.0	0.9080273	0.0060172053	28000	15.39035439491272
7	759.2565	448.87	3046.3838	153.4867	7.8651977	13.992826	90.05373	0.030058473	37.14151	2548.4216	0.079638176	28.168373	0.08606045	28.32472	27.2957	4.477279	0.6452419	7.0180974	2.3630564	-1.001358e-08	-0.012611639	2.0623206e-08	0.06656547	235708.45	-1994.8281	129.60904	-8.913246	0	0	79.0	0.91190505	0.0061741057	32000	17.99232769012451
8	817.64795	297.5255	1622.8011	205.04604	13.377678	12.603027	45.18913	0.014873351	43.184784	3779.3577	0.10498216	30.907297	0.113723576	31.07436	30.164764	7.1984005	1.1466901	10.129208	2.6321611	-7.688999e-08	-0.006264434	1.2326241e-07	0.045639794	162277.36	-1294.6719	98.49396	-16.370148	0	0	79.0	0.91102636	0.003155685	36000	20.74359965324402
9	1029.3696	475.94022	2461.9907	285.32977	15.696903	12.608088	57.85109	0.23412943	55.083332	4914.3467	0.122858666	33.027718	0.10368293	33.17695	32.34539	11.173792	0.57288283	12.428915	7.6133432	3.5405158e-08	-0.0044954163	3.683567e-08	0.053187683	272225.94	-1849.4062	78.9045	-1.3271713	0	0	79.0	0.89804745	0.0036440117	40000	23.43757438659668
10	1029.9471	322.51358	2074.3394	546.2388	18.84661	9.890851	44.436726	0.09062748	57.550724	6215.111	0.14125252	35.42737	0.025742836	35.480198	35.278572	10.651466	0.7366117	12.042843	6.131463	9.6559525e-08	-0.0016738261	9.775162e-08	-0.00057617185	210769.34	-1382.1719	55.814228	-5.5358543	0	0	79.0	0.8952536	0.0024260855	44000	26.236984491348267
11	1220.8395	542.1805	2886.7263	591.51117	17.953175	8.921341	37.397034	2.6669114	66.5	7292.5264	0.15192764	37.459866	0.011477821	37.491505	37.38517	12.602869	0.85900056	14.487363	6.5841317	7.629395e-09	-0.0028439576	-6.604195e-08	0.005049215	337514.62	-1973.0625	48.766907	-5.210266	0	0	79.0	0.8755406	0.003099668	48000	28.919705629348755
12	1235.1506	512.37476	3240.7493	579.24097	16.83529	6.9812484	40.096287	0.4882369	67.59322	8285.873	0.15934372	39.749798	0.009296438	39.77792	39.70354	11.096762	1.0946395	13.205251	4.76261	1.179874e-07	-0.0036758266	2.8133393e-08	0.02038867	323634.3	-1833.5312	29.502544	-1.0670795	0	0	79.0	0.8599281	0.003557366	52000	31.583434581756592
13	1308.0435	529.06525	3862.1504	698.3492	19.579659	8.230495	44.859795	0.19881321	73.611115	9343.225	0.1668433	41.909782	0.008869103	41.93094	41.859024	10.392841	0.7622527	11.745713	5.375535	-5.2392483e-08	-0.0033693558	2.8371812e-08	0.02792988	336008.25	-1798.8125	38.331673	-2.730606	0	0	79.0	0.8607275	0.003900912	56000	33.58545732498169
14	1386.9745	525.5486	3310.127	647.2903	23.039862	9.636029	44.16395	7.9990396	79.84	10495.312	0.17492186	43.991478	0.0083458405	44.010227	43.95496	11.732512	1.1316228	13.633493	4.6344295	6.2942505e-08	-0.004429827	-1.1444092e-08	0.028351238	346569.47	-1790.1562	49.35503	-1.9488487	0	0	79.0	0.87954146	0.004426136	60000	36.2949538230896
15	1714.4365	720.1205	3636.7954	628.9489	24.178429	9.363732	45.372845	5.9465575	96.925	11470.515	0.17922679	46.023705	0.007412008	46.038853	45.97372	13.053739	0.970279	14.486526	5.058405	8.046627e-09	-0.0044247294	-9.775162e-09	0.01833655	519427.2	-2593.8438	48.687233	-1.7542801	0	0	79.0	0.89736927	0.0038605174	64000	38.99003791809082
16	2341.397	1289.0608	5633.1104	817.70593	21.27641	8.467815	35.89306	1.1470251	128.35484	12130.146	0.17838451	48.36978	0.006888507	48.38208	48.329945	11.974637	1.84368	15.230241	1.6104763	-3.7908553e-08	-0.005301763	-4.1007997e-08	-0.00010200739	874856.2	-4080.25	41.616936	-9.363201	0	0	79.0	0.90760994	0.0042732637	68000	41.6191463470459
17	2382.7065	1117.4097	6166.8545	907.5537	26.152746	11.827754	59.44704	1.6928164	135.82759	12889.251	0.17901738	51.15232	0.008317005	51.16578	51.105125	9.504091	0.87169534	10.48137	4.508779	-9.608269e-08	-0.0034433652	3.7908553e-08	-0.010544832	780032.94	-3395.0	56.628033	-4.0667114	0	0	79.0	0.90544057	0.0025024053	72000	44.322425365448
18	3060.3289	1363.0505	5921.015	1248.4429	21.58564	9.690698	37.851437	0.7175332	165.95833	13407.388	0.176413	53.610603	0.0048748534	53.619408	53.582966	11.4945965	0.64706224	12.195643	5.998726	3.3020974e-08	-0.003644676	8.8214875e-08	-0.002601893	1086010.6	-4436.0	40.245907	-7.6268997	0	0	79.0	0.8907205	0.0028251386	76000	47.055604219436646
19	4472.628	2883.6658	12241.725	1703.8799	21.887571	9.120766	38.273796	4.4233103	240.3125	13762.425	0.17203031	56.258923	0.0016343208	56.26358	56.251892	8.7383	0.68720955	10.125608	4.7751904	2.384186e-10	-0.0042119967	-6.854534e-08	-0.0048520355	1659059.2	-6548.125	31.694914	-6.9111385	0	0	79.0	0.8924081	0.0043168967	80000	49.612980365753174
20	6817.1143	3033.3713	10715.728	1205.5873	21.907877	8.036503	37.11963	9.913869	363.8	13995.778	0.16661641	59.262936	0.0025963823	59.26784	59.252148	6.008706	0.5309869	6.944022	2.6719673	-1.09434126e-07	-0.004061666	1.859665e-08	-0.00416746	2138036.8	-8143.75	17.73884	-4.0673122	0	0	79.0	0.8928388	0.0039019543	84000	52.27505946159363
21	13065.703	7909.8975	20916.725	1052.8774	13.769246	9.119155	30.720827	1.0045872	637.0	14081.112	0.16001263	62.380985	0.001853323	62.38681	62.37425	4.377089	0.37573108	5.538959	2.7103553	-5.1498414e-08	-0.005003095	1.7166137e-08	-0.0048041935	3102877.2	-11026.5	11.256621	-5.7992854	0	0	79.0	0.8834513	0.004412346	88000	54.779436349868774
22	19245.586	5073.2075	22632.328	10503.818	5.8245997	2.892519	10.17331	2.07198	846.75	14107.93	0.15334706	65.69655	0.0014776709	65.70006	65.6903	1.9353105	0.31760687	2.93748	0.55807024	-2.4318695e-08	-0.0076359697	-2.0742416e-08	-0.0019906259	3948480.0	-12527.5	2.2022493	-1.7104592	0	0	79.0	0.8867409	0.00641406	92000	57.26944971084595
23	23266.219	115.73803	23399.344	23099.836	3.0916197	0.62939966	3.758167	2.217452	1000.0	14120.296	0.14708641	68.95005	0.0008345982	68.95271	68.946335	0.6448915	0.23453459	1.6118283	-0.35339049	-4.861355e-07	-0.00920051	-4.7683715e-09	-0.00023410612	4330029.5	-12140.5	0.23286535	-0.13428408	0	0	79.0	0.8560642	0.0071859886	96000	59.848968744277954
24	23621.625	85.70373	23761.506	23535.318	2.4026363	0.23565024	2.6716843	2.115692	1000.0	14129.906	0.14129907	71.942	0.000414646	71.94317	71.9405	0.28734732	0.1594562	0.81444633	-0.34732875	8.392334e-07	-0.004623248	1.5646219e-09	-0.000337897	4458676.0	-11256.5	0.082773164	-0.019953974	0	0	79.0	0.8782269	0.0043872274	100000	62.33086323738098
25	24003.523	145.28198	24153.79	23793.21	1.2787993	0.4094614	1.9450892	0.8605825	1000.0	14135.021	0.13591367	74.67271	0.00021158716	74.67342	74.671844	0.20197557	0.117608085	0.5992528	-0.2942284	-4.0507317e-07	-0.004657821	-5.364418e-10	-0.00015672794	4600434.5	-10646.5	0.032169312	-0.012021663	0	0	79.0	0.8886431	0.0032946835	104000	64.77765893936157
26	24133.469	93.04982	24238.592	23986.17	1.0978415	0.15587562	1.341314	0.9546529	1000.0	14139.413	0.13092048	77.21622	0.00015008335	77.21668	77.21569	0.10461461	0.09775337	0.47789448	-0.22821757	-2.6917456e-07	-0.0042928793	3.5762787e-10	-7.784259e-05	4642198.5	-10049.5	0.018206906	-0.0022789482	0	0	79.0	0.8592845	0.0073368065	108000	66.49690294265747
27	24396.0	54.022144	24457.691	24315.508	0.88228524	0.097379215	0.9583693	0.71534336	1000.0	14142.942	0.12627627	79.60543	0.000121926285	79.605804	79.604904	0.08582315	0.074808456	0.4132983	-0.24736114	-4.1985513e-07	-0.0028031569	6.556511e-10	-0.0005522375	4742628.5	-9699.5	0.010521528	-0.0013621235	0	0	79.0	0.8814012	0.004834921	112000	68.9104585647583
28	24396.592	56.462486	24474.719	24329.908	0.7258576	0.258632	1.1644732	0.495673	1000.0	14145.846	0.121946946	81.88691	9.986568e-05	81.88732	81.886536	0.04920078	0.066047765	0.2721635	-0.2266267	5.0759314e-07	-0.00281117	1.4901161e-10	-4.696554e-05	4728695.5	-9240.5	0.007346797	-0.00053569535	0	0	79.0	0.861208	0.0061198208	116000	71.34936618804932
29	24502.156	42.52743	24542.041	24431.861	0.61805457	0.07930492	0.74697864	0.53042257	1000.0	14148.317	0.117902644	84.0639	0.000101913334	84.06419	84.06351	0.052080404	0.059339598	0.24710396	-0.20009844	2.1851062e-07	-0.0032322835	-1.4901161e-10	0.00017398041	4767322.5	-8956.5	0.0063529615	-0.0005721161	0	0	79.0	0.8664226	0.005441643	120000	73.8530342578888
30	24551.545	79.42894	24680.545	24465.422	0.7082243	0.16308768	0.98256934	0.5598747	1000.0	14151.15	0.11412218	86.1651	8.968977e-05	86.16535	86.16478	0.053138185	0.054138526	0.2737268	-0.22374837	-1.0633469e-07	-0.0018158955	7.748604e-10	-0.00021081882	4781101.0	-8683.5	0.0052419356	-0.00032219663	0	0	5.0	0.84403247	0.021645164	124000	76.18805861473083
31	24713.797	34.94213	24774.113	24690.746	0.80651295	0.31451538	1.3379842	0.5166672	1000.0	14154.377	0.11058107	88.20017	9.00077e-05	88.200485	88.19981	0.030979548	0.05257797	0.22407734	-0.20552221	-1.2803077e-06	-0.00070309424	3.5762787e-10	0.00018123334	4836030.5	-8532.0	0.00735369	-0.00063048117	0	0	4.0	0.84396154	0.016746351	128000	78.4225549697876
32	19354.693	6478.3574	24767.092	11306.407	1.0775535	0.36906153	1.7361922	0.7239474	784.0	14160.196	0.10727421	90.18784	0.0001005459	90.188126	90.18745	0.03656725	0.052345205	0.26545414	-0.29829174	-2.964735e-07	-0.003426339	-7.748604e-10	-2.317065e-05	4495546.5	-7628.0	0.013771456	-0.0018970026	0	0	79.0	0.8438898	0.0029134145	132000	80.88031029701233
33	17011.322	9163.901	24678.652	4605.713	0.946716	0.31490096	1.409685	0.438308	694.6	14165.635	0.10415908	92.052216	8.317466e-05	92.052475	92.05192	0.07054364	0.04960362	0.2590905	-0.17450383	-8.2015994e-08	-0.0074601425	7.748604e-10	-6.822622e-05	4369970.0	-7264.0	0.00898644	-0.00043358188	0	0	79.0	0.8517364	0.0071604354	136000	83.46195268630981
34	24896.453	83.808556	24997.553	24798.691	0.7805535	0.19506213	1.1153554	0.6262388	1000.0	14168.757	0.10120541	93.85374	7.9311954e-05	93.85393	93.85336	0.08855098	0.04553175	0.21029307	-0.1954803	2.1696091e-07	-0.0032161272	-4.768372e-10	0.00012234217	4880575.5	-8088.0	0.0062681846	-0.0017624139	0	0	79.0	0.82416856	0.0045803715	140000	85.97152829170227
35	23611.719	2657.1604	25192.143	19009.727	0.73242855	0.18836308	1.0329796	0.56907934	942.25	14172.474	0.09841996	95.72984	7.683296e-05	95.73006	95.72943	0.05568743	0.04473847	0.21897992	-0.22809848	-1.5103817e-07	-0.0041692457	7.748604e-10	5.3145286e-05	4744662.5	-7707.0	0.005928872	-0.0002350756	0	0	79.0	0.8346378	0.004285717	144000	88.48445415496826
36	25194.527	49.508358	25248.77	25132.271	0.78265464	0.09970713	0.91661793	0.63824415	1000.0	14175.6045	0.09578111	97.554	6.997178e-05	97.554184	97.5537	0.058724724	0.038675543	0.21001852	-0.16175397	-4.1198732e-07	-0.0019199532	6.854534e-10	-9.487481e-05	4993685.5	-8040.5	0.005322207	-0.0002628509	0	0	4.0	0.80516607	0.010713633	148000	90.6932647228241
37	25325.201	48.79323	25367.693	25243.59	0.74080133	0.08898507	0.88522416	0.6573263	1000.0	14178.567	0.09328005	99.39658	7.5191354e-05	99.39674	99.3963	0.037175354	0.03831386	0.18199871	-0.25000158	2.913475e-07	-0.007124298	3.427267e-10	-7.98328e-05	5040811.0	-7999.0	0.0040764534	-0.000326636	0	0	79.0	0.8036424	0.007906918	152000	93.20395755767822
38	21689.66	4392.3506	25559.143	14788.235	0.6673248	0.12936021	0.8851779	0.56590635	848.0	14182.236	0.09091177	101.22228	6.50478e-05	101.222466	101.22206	0.047630187	0.035743814	0.20079078	-0.16229151	6.3085554e-07	-0.0054134554	-7.301569e-10	9.583721e-05	4915247.0	-7610.0	0.004377576	-0.00023523578	0	0	79.0	0.7722088	0.0045292103	156000	95.69191837310791
39	25615.988	80.42915	25707.25	25504.424	0.66177386	0.123014964	0.85881126	0.54602647	1000.0	14184.883	0.08865552	102.99322	5.4300042e-05	102.99336	102.99302	0.04851281	0.03008287	0.20028082	-0.12076226	-5.4216383e-07	-0.0032729534	-1.0430813e-10	0.00020199882	5146005.5	-7933.5	0.0032942027	-0.00014086766	0	0	2.0	0.7385909	0.026301336	160000	97.19130873680115
40	11375.944	9117.976	25878.629	1455.2496	0.7149123	0.2176148	1.0464995	0.35153812	438.85715	14190.905	0.08652991	104.784966	6.595776e-05	104.78512	104.78475	0.03560003	0.035686888	0.20855825	-0.14633441	-2.7012825e-07	-0.0021258395	1.847744e-09	-0.0001714861	4667066.5	-6881.0	0.009951246	-0.0018311441	0	0	2.0	0.7380734	0.017720718	164000	99.460613489151
41	25613.793	64.127335	25686.133	25510.217	0.8844496	0.17619799	1.1469756	0.68574566	1000.0	14194.442	0.08449073	106.45554	4.467253e-05	106.45567	106.45537	0.07887767	0.031031491	0.1729514	-0.06769203	1.8572807e-07	-0.0011247584	1.4901161e-10	0.00012548381	5124953.0	-7737.5	0.004938553	-0.0008422127	0	0	3.0	0.73727286	0.018084286	168000	101.58261370658875
42	10088.1	9956.375	26167.0	1689.4325	0.65498227	0.28260785	1.1689416	0.2908705	385.7	14201.659	0.08256779	108.205315	5.037943e-05	108.205475	108.20517	0.054844387	0.03047663	0.1575823	-0.095693074	1.2505055e-07	-0.004991705	1.5497208e-09	-0.0002849133	4457820.0	-6305.5	0.008902264	-0.00081764814	0	0	2.0	0.7369551	0.0129184015	172000	103.7283890247345
43	25344.676	937.2991	26050.219	23733.523	0.66786087	0.05241229	0.7387931	0.61318195	979.75	14204.675	0.08070838	109.79673	3.3774184e-05	109.796844	109.79657	0.0861364	0.026275957	0.16662696	-0.025053738	-1.0211468e-06	-0.005619339	4.61936e-10	-1.7577388e-05	5114919.0	-7520.0	0.005071934	-0.0017888991	0	0	79.0	0.7367287	0.004754253	176000	106.14777994155884
44	19648.934	11106.652	26152.87	411.9209	0.63857865	0.07289802	0.760662	0.57763064	754.0	14207.643	0.07893135	111.509285	3.1769352e-05	111.50938	111.50916	0.04836225	0.021666652	0.15075888	-0.024095181	1.8072129e-07	-0.004584416	-1.11758706e-10	-0.00013045318	5254626.5	-7783.0	0.002219534	-0.00012259325	0	0	79.0	0.7129916	0.005014051	180000	108.67929363250732
45	26084.88	86.67938	26234.625	26026.842	0.5918027	0.06796234	0.7029051	0.52005994	1000.0	14210.01	0.077228315	113.25079	3.0508756e-05	113.25091	113.25066	0.03659367	0.020644274	0.11360587	-0.038721927	-3.7240983e-07	-0.0013560198	4.4703483e-10	4.578717e-05	5303596.0	-7813.5	0.0017780575	-2.717867e-05	0	0	3.0	0.69947284	0.015326712	184000	110.88916516304016
46	11766.745	9318.386	26682.756	861.18164	0.7234093	0.16860633	0.9534549	0.45432526	444.22223	14216.524	0.07561981	114.98795	3.7427217e-05	114.98807	114.98787	0.042381506	0.02262542	0.14886585	-0.06270786	-2.026558e-07	-0.0062967506	7.4505807e-10	-0.00035058366	4729415.5	-6599.5	0.008223232	-0.0009927722	0	0	2.0	0.69917125	0.013096164	188000	113.09374499320984
47	26137.484	133.3641	26284.564	25965.646	0.7187057	0.13243695	0.886275	0.517569	1000.0	14219.399	0.074059375	116.58883	3.1063442e-05	116.58891	116.58874	0.07399761	0.021910576	0.18469058	0.009541087	1.733303e-07	-0.00021195269	1.2665988e-10	-0.00033069772	5327924.0	-7687.0	0.0033838411	-0.00079782587	0	0	2.0	0.6986984	0.02035077	192000	115.24902009963989
48	14722.472	7099.281	26395.24	7376.3145	0.8130785	0.09168301	0.9793568	0.68580043	554.0	14225.767	0.07258044	118.29506	3.2618227e-05	118.29513	118.29496	0.035970636	0.02049471	0.15997268	-0.033364832	2.2649764e-09	-0.0069157607	4.842877e-10	-1.97464e-05	4616993.0	-6442.0	0.009920824	-0.0018528905	0	0	79.0	0.698334	0.003319994	196000	117.68983507156372
49	18529.3	10133.807	26911.523	5496.244	0.8506134	0.21466729	1.1698213	0.49521467	691.2	14231.008	0.07115504	119.87016	2.8168382e-05	119.870224	119.870094	0.078564435	0.02158755	0.17093831	0.008430716	-5.4121017e-08	-0.0049623195	2.9802322e-10	2.8089926e-05	5163598.0	-7242.0	0.0062388033	-0.0001247013	0	0	79.0	0.67642444	0.0044472106	200000	120.29600095748901
