Epoch	AverageEpRet	StdEpRet	MaxEpRet	MinEpRet	AverageEpCost	StdEpCost	MaxEpCost	MinEpCost	EpLen	CumulativeCost	CostRate	AverageVVals	StdVVals	MaxVVals	MinVVals	AverageCostVVals	StdCostVVals	MaxCostVVals	MinCostVVals	LossPi	DeltaLossPi	SurrCost	DeltaSurrCost	LossV	DeltaLossV	LossVC	DeltaLossVC	Penalty	DeltaPenalty	StopIter	Entropy	KL	TotalEnvInteracts	Time
0	16.666666	7.294785	59.0	8.0	0.4192931	0.2970359	1.5863305	0.03187399	16.666666	100.63035	0.0251575870513916	0.002997426	0.233145	0.50635165	-0.53105533	-0.01136532	0.58911514	1.4102253	-1.3556671	1.8370152e-07	-0.016097818	-2.2530555e-08	-0.00056120934	140.17688	-21.9253	0.46808678	-0.4219796	0	0	7.0	0.6741072	0.018088814	4000	3.845444440841675
1	20.551546	10.173238	81.0	9.0	0.3778218	0.3093346	1.7178222	0.021820955	20.551546	173.98909	0.02174863624572754	1.183959	0.19571668	1.8761554	0.49688596	0.2644106	0.0193772	0.31501818	0.12752897	6.771088e-08	-0.013600801	2.7418137e-09	6.60401e-05	192.51222	-73.05055	0.06778378	-0.0049891025	0	0	9.0	0.6916545	0.01511968	8000	7.272140264511108
2	28.676258	14.317678	88.0	11.0	0.39796433	0.34942186	2.2222073	0.027655957	28.676258	229.39754	0.019116461435953774	5.339609	0.4646568	6.6939306	3.686551	0.23532134	0.057387207	0.4544962	0.0021676226	-2.8371812e-08	-0.015074923	2.2873283e-09	0.0014945169	240.7453	-92.721344	0.0856707	-0.0077077076	0	0	79.0	0.6817399	0.0054037147	12000	11.080585718154907
3	36.412846	21.445133	112.0	9.0	0.969127	2.5970063	23.018728	0.023853974	36.412846	335.1085	0.020944280624389647	11.158658	0.8553358	14.369933	3.1877413	0.23911457	0.06490166	0.55448425	-0.26456675	-2.2888184e-08	-0.018541172	-3.1381845e-08	0.007332453	301.4969	-72.628815	6.305835	-0.8585572	0	0	79.0	0.6730094	0.0057682064	16000	14.862386226654053
4	46.4	26.885902	131.0	10.0	1.929993	4.02649	25.031233	0.018901197	46.4	499.37958	0.024968978881835937	16.123714	1.0817635	18.002947	10.328857	0.9490245	0.7272699	4.269413	-2.2526174	-5.197525e-08	-0.016268408	9.059906e-09	0.020934286	348.69888	-56.34012	11.041184	-0.8639717	0	0	79.0	0.66283196	0.005323722	20000	15.7215416431427
5	61.84375	36.56767	156.0	13.0	8.823818	37.92252	304.30447	0.028395718	61.84375	1064.1787	0.04434077962239583	19.76765	1.3450413	21.645834	9.108628	1.732632	0.4990938	3.82777	-0.32435295	3.2901763e-08	-0.014333741	-1.784563e-07	0.06899309	501.14612	-75.21286	912.54987	-65.61432	0	0	79.0	0.6475686	0.0052837934	24000	19.66598153114319
6	92.40476	41.176197	208.0	18.0	16.139727	48.801525	292.22485	0.08824134	92.40476	1744.8568	0.062316314697265625	23.43299	1.584616	24.71142	6.3605466	7.012181	4.158002	16.042984	-10.4874325	-1.5377998e-08	-0.010524957	-1.9073487e-09	0.050433777	686.80963	-103.44391	970.37	-18.936218	0	0	79.0	0.6314855	0.0031284662	28000	23.56198763847351
7	99.82051	50.79212	239.0	18.0	78.42002	157.87505	674.271	0.16280867	99.82051	4804.6216	0.15014442443847656	26.293348	5.161983	27.738832	-22.283073	9.21969	6.962728	19.942713	-17.826696	-3.2901763e-08	-0.010916439	5.7792664e-07	0.35595566	747.18164	-86.908325	11601.94	-1118.9102	0	0	79.0	0.62136245	0.0038506826	32000	27.37998652458191
8	153.23077	57.729015	329.0	57.0	100.47169	170.45134	643.52496	1.2129642	153.23077	7416.93	0.20602583821614584	29.487152	2.3865554	30.23673	-5.095703	22.578928	0.9317699	24.215618	15.72572	-1.8715859e-08	-0.010366326	9.2697144e-07	0.22522457	1048.1785	-124.890015	8991.7	-213.25781	0	0	79.0	0.61806	0.0036302095	36000	31.198363065719604
9	166.66667	68.00715	306.0	45.0	102.763695	120.60905	369.45816	0.5155277	166.66667	9883.259	0.2470814697265625	31.825066	4.3921137	33.175762	-13.804601	27.34138	0.7065588	28.501865	23.242298	-1.1563301e-08	-0.011948322	8.5830686e-07	0.16703841	1094.5768	-116.75604	4543.159	-150.06396	0	0	79.0	0.60968614	0.0050840643	40000	35.11014199256897
10	228.05882	73.92084	418.0	125.0	250.52708	196.59615	662.51434	6.343291	228.05882	14143.249	0.3214374778053977	32.95076	8.710806	35.823338	-26.404325	30.649128	0.18755634	31.067936	29.68551	6.3180923e-09	-0.009538655	-3.1709672e-07	0.20807163	1351.2881	-167.44604	13619.895	-577.05664	0	0	79.0	0.601297	0.0058794008	44000	39.1072211265564
11	281.2857	118.77135	500.0	49.0	285.58884	243.95029	725.7654	1.3329159	281.2857	18142.834	0.3779757080078125	36.97155	5.550396	38.60568	-13.661825	35.41078	0.29007244	35.71547	32.49594	3.5643577e-08	-0.005977468	1.001358e-07	0.042039588	1602.8018	-169.93604	14770.987	-350.67578	0	0	79.0	0.60830826	0.005284786	48000	42.98300528526306
12	300.0	133.32042	500.0	107.0	227.95844	317.05457	1108.4458	4.981971	300.0	21099.826	0.4057658879206731	40.415585	3.2653425	41.34292	2.665012	38.732132	0.06889966	38.827957	38.08851	2.6106834e-08	-0.0059903003	1.5792847e-06	0.0034191418	1600.6661	-149.31958	14088.835	-90.52539	0	0	79.0	0.5965283	0.0029737966	52000	46.928017139434814
13	290.46155	142.16383	500.0	128.0	425.97015	382.74698	957.83044	5.812592	290.46155	26700.344	0.47679185267857144	42.32481	5.844956	43.78916	-14.245588	40.33605	0.16718571	40.486637	38.855236	-4.196167e-08	-0.0066407965	6.656647e-07	-0.13129605	1383.7465	-112.38977	33931.836	-504.72266	0	0	79.0	0.59665126	0.0043846904	56000	47.876742362976074
14	391.5	116.54119	500.0	205.0	215.17485	222.44826	570.62305	4.4846816	391.5	28854.096	0.48090159505208335	45.717484	0.5206057	45.85843	39.666714	43.63808	0.04931144	43.70084	43.301468	2.0861626e-09	-0.0032009776	-1.4066696e-07	0.021210473	1530.9805	-120.76416	6823.582	-11.347656	0	0	79.0	0.5865965	0.003799961	60000	51.89512896537781
15	255.28572	91.48647	427.0	135.0	176.91489	132.96533	467.76553	12.199898	255.28572	31484.836	0.4919505615234375	47.778046	1.3088169	47.943356	17.527845	44.297844	0.031461343	44.351624	44.12855	5.233288e-08	-0.0060531404	1.5854836e-07	-0.0029811843	1083.0052	-60.579224	4112.0503	-18.031738	0	0	79.0	0.59484667	0.008869495	64000	55.771409034729004
16	240.1875	125.527	500.0	35.0	566.7565	568.5489	1972.2985	0.8797916	240.1875	40864.773	0.6009525505514706	45.55237	11.06763	49.41206	-35.080303	44.897232	0.03328938	44.962757	44.684036	6.3478947e-09	-0.009506802	2.0656585e-06	0.4562791	906.1629	-60.210144	78644.55	-1309.0078	0	0	79.0	0.5941053	0.005578933	68000	59.57280230522156
17	388.3	107.15694	500.0	209.0	438.04413	235.52477	907.2306	152.14932	388.3	45246.84	0.6284283311631944	49.52862	6.4116745	50.779564	-29.955427	49.285015	0.13849941	49.369778	47.646534	5.9604643e-10	-0.008854673	-2.2721291e-07	-0.07856133	1222.374	-90.948	14642.306	-190.2832	0	0	79.0	0.5825608	0.0081400005	72000	63.40279936790466
18	374.6	126.107254	500.0	162.0	267.9302	233.25218	648.53735	13.188934	374.6	47934.105	0.6307119140625	52.44814	0.39098898	52.52657	47.806717	51.050087	0.025785571	51.081615	50.826008	3.6478042e-08	-0.006392775	2.0980835e-08	-0.08718369	1170.4857	-78.50244	9337.763	-7.96875	0	0	79.0	0.5747244	0.0037511874	76000	67.28003764152527
19	329.16666	105.26698	500.0	193.0	209.74426	149.00014	497.72366	13.421298	329.16666	50451.3	0.630641259765625	52.94767	6.3948264	54.152946	-19.02616	51.44299	0.01216911	51.4612	51.32689	-2.7894973e-08	-0.0067952746	-5.1546095e-07	-0.006533786	947.4623	-54.68402	5176.9756	-1.9472656	0	0	79.0	0.5784364	0.0035687226	80000	71.2049868106842
20	440.33334	91.15554	500.0	256.0	365.59094	411.4311	1122.4044	0.8280187	440.33334	53741.73	0.6397825055803571	53.044384	7.5878925	55.49917	7.151951	51.618317	0.012885746	51.63395	51.511803	-1.1920929e-08	-0.004788582	-5.8460233e-07	0.16581231	1226.2063	-167.70032	15817.538	-41.072266	0	0	79.0	0.578251	0.0036718878	84000	75.18938064575195
21	361.18182	111.1713	500.0	175.0	355.90372	250.55327	758.6408	12.376858	361.18182	57656.73	0.6551901189630682	57.06495	0.0053229127	57.069843	57.027363	52.36389	0.02841201	52.39229	52.12551	-2.360344e-08	-0.006684314	5.7220458e-08	0.117137074	955.135	-39.99054	13335.688	-95.490234	0	0	79.0	0.58910155	0.006151445	88000	76.16037583351135
22	495.625	11.575162	500.0	465.0	100.20906	130.90007	408.25925	3.2753818	495.625	58458.45	0.6354179262907609	58.30211	0.0023166947	58.3058	58.285072	53.57263	0.008696785	53.586143	53.50415	-2.4557114e-08	-0.003773527	2.9087067e-07	0.008518196	1069.1771	-63.88495	2763.548	-56.51294	0	0	79.0	0.57997245	0.0042710733	92000	80.00072884559631
23	314.75	154.12178	500.0	117.0	181.89949	224.47026	720.7705	7.0508537	314.75	60699.652	0.6322880452473958	59.826164	0.0019375575	59.82951	59.813488	52.733624	0.008822068	52.74785	52.65084	-3.1352045e-08	-0.0076031783	-2.412796e-07	0.07683769	868.2379	-24.060242	8326.115	-3.319336	0	0	79.0	0.5886031	0.00246582	96000	83.8244252204895
24	470.125	76.79915	500.0	267.0	180.80649	202.34883	525.73627	16.357601	470.125	62153.97	0.6215396875	60.81521	0.004913451	60.81973	60.73585	52.43957	0.015973901	52.45532	52.19397	-4.2915346e-08	-0.0043993923	-1.1062622e-07	-0.014146126	940.02844	-48.865784	4922.605	-19.766113	0	0	79.0	0.5854742	0.0024438	100000	87.83119750022888
