Epoch	AverageEpRet	StdEpRet	MaxEpRet	MinEpRet	AverageEpCost	StdEpCost	MaxEpCost	MinEpCost	EpLen	CumulativeCost	CostRate	AverageVVals	StdVVals	MaxVVals	MinVVals	AverageCostVVals	StdCostVVals	MaxCostVVals	MinCostVVals	LossPi	DeltaLossPi	SurrCost	DeltaSurrCost	LossV	DeltaLossV	LossVC	DeltaLossVC	Penalty	DeltaPenalty	StopIter	Entropy	KL	TotalEnvInteracts	Time
0	17.285715	7.5784903	47.0	8.0	0.36461312	0.25153533	1.5033904	0.041372787	17.285715	84.39288	0.021098220825195312	0.007883236	0.22921805	0.5162069	-0.5158688	-0.016923476	0.5780185	1.3491151	-1.3938476	5.725268e-09	-0.011948766	1.192093e-10	-0.0034262645	146.88396	-23.045296	0.4172242	-0.3820466	0.84999996	-0.020936072	7.0	0.6747955	0.017876107	4000	3.9425065517425537
1	20.957672	11.337455	79.0	9.0	0.41632128	0.3069771	1.7567958	0.018645126	20.957672	163.80278	0.020475347518920897	1.2117593	0.20733157	2.024246	0.1051674	0.22362888	0.019347642	0.27970827	0.11632943	-6.510985e-08	-0.007502712	0.0	0.00092767784	219.9735	-79.00267	0.06038817	-0.003031347	0.8290639	-0.021046698	9.0	0.69155395	0.01509687	8000	7.4672181606292725
2	27.694445	13.572479	84.0	10.0	0.45062882	0.519084	4.606178	0.031583693	27.694445	228.71794	0.019059828440348307	5.406324	0.24396841	6.1624117	3.6172826	0.25829965	0.039707437	0.5099284	0.09008014	-1.1830807e-08	-0.008174084	9.685754e-10	0.0017192316	215.61497	-82.48468	0.20025265	-0.0066021234	0.8080172	-0.033206284	79.0	0.6821493	0.005513518	12000	11.400892972946167
3	32.504066	18.063742	133.0	10.0	0.55109674	1.3219581	14.34871	0.03472882	32.504066	296.5825	0.018536405563354494	11.005306	0.6029524	13.4464	8.025379	0.2808911	0.064645864	0.7616888	0.02070701	1.24768444e-08	-0.008291229	3.0398368e-09	0.0024768417	223.86888	-45.500534	1.7187583	-0.2772138	0.7748109	-0.032280922	79.0	0.6723952	0.004850765	16000	15.377763509750366
4	46.40698	28.090128	165.0	11.0	1.1560214	1.8177	11.2893095	0.03702512	46.40698	396.08923	0.019804461669921874	15.069175	1.6511959	18.667208	4.4715433	0.48745412	0.7417912	4.251312	-3.0282242	1.3417893e-08	-0.0066469046	2.3782253e-08	0.00490858	398.16928	-78.636536	2.456829	-0.51554585	0.74253	-0.030670404	79.0	0.66079444	0.0038310231	20000	16.335206747055054
5	56.57143	29.938307	136.0	13.0	1.6100342	2.4462938	13.261272	0.07296486	56.57143	508.8401	0.02120167032877604	19.414175	1.3756152	21.408352	8.547235	0.8360605	0.24695292	1.98578	-0.32686418	-1.7538593e-08	-0.0047036367	8.732081e-09	0.0038684374	385.9189	-51.052032	3.2675169	-0.26795292	0.7118596	-0.026351511	79.0	0.6464658	0.0036874833	24000	20.198364734649658
6	80.734695	36.902397	203.0	26.0	2.734451	3.8512354	21.459688	0.20228776	80.734695	643.08624	0.02296736580984933	22.666426	1.6714344	24.123398	4.582507	1.1144973	0.16980363	1.6459714	0.5260082	-1.032634e-08	-0.005076826	-1.37388705e-08	0.0021070065	557.7329	-76.80792	5.6365943	-0.36363554	0.6855081	-0.018559873	79.0	0.6323344	0.004900876	28000	24.249266147613525
7	75.0566	39.23101	198.0	12.0	2.6986635	3.975062	20.83531	0.034162723	75.0566	786.5774	0.024580543518066406	25.167255	4.019566	27.029776	-18.091991	1.6400654	0.59137416	3.5520766	-0.8203215	-1.7736433e-08	-0.0044365483	-6.437302e-09	-0.016192246	458.20187	-41.866913	7.319611	-0.7312155	0.6669482	-0.00787437	15.0	0.6263767	0.013125475	32000	27.72878861427307
8	76.55769	23.589775	146.0	38.0	1.6865761	1.3942146	6.59727	0.09024787	76.55769	874.34607	0.024287390814887153	27.642689	3.684674	29.137413	-11.142687	1.8160982	0.2253931	2.49991	0.6348403	2.1220783e-08	-0.0038572152	3.1352045e-08	0.007875736	302.0856	-13.110535	1.6507587	-0.8974914	0.6590738	-0.018868506	79.0	0.6179867	0.0026947972	36000	31.62945866584778
9	80.083336	27.840193	171.0	26.0	2.7449703	2.1027765	8.626655	0.15935072	80.083336	1007.59467	0.025189866638183595	27.428368	7.568591	30.261215	-25.124418	1.0090103	0.25542736	1.7025015	0.2378231	1.26450255e-08	-0.003320952	1.3589859e-08	0.005635822	371.19006	-21.875702	2.0671382	-0.37881696	0.6402053	-0.015188873	79.0	0.61510414	0.0026712317	40000	35.544007539749146
10	103.289474	36.74156	213.0	49.0	4.1190886	3.163627	18.053831	0.51573426	103.289474	1164.9088	0.02647520030628551	29.923933	5.181971	31.663395	-14.772021	1.568223	0.14423054	1.9335866	1.0870439	-3.211233e-08	-0.0020262832	-7.770955e-09	-0.006919287	502.83987	-41.716644	3.6923342	-0.2592306	0.62501645	0.0052261353	79.0	0.60586303	0.006226505	44000	39.781373023986816
11	84.347824	32.854897	206.0	23.0	2.5056105	2.1310203	8.853796	0.049003538	84.347824	1280.8071	0.02668348185221354	32.23054	5.820377	33.787357	-23.389	2.0119424	0.092172146	2.2424	1.6688747	2.5382096e-08	-0.0038270436	1.8179417e-08	0.005699278	383.44913	-7.4859314	1.8803469	-0.5116831	0.6302426	-0.007242918	79.0	0.61154866	0.007537113	48000	43.70312166213989
12	99.1	35.855125	223.0	13.0	3.3413231	2.7924054	13.684113	0.32263085	99.1	1415.0502	0.027212503286508413	32.582848	6.3984737	34.706474	-19.436193	1.5899684	0.4467939	2.8921378	-0.17950621	4.8676396e-09	-0.003618313	2.4437905e-09	-0.0018493765	406.60544	-19.626007	3.0490015	-0.16394281	0.62299967	-5.9068203e-05	79.0	0.6035251	0.0042294655	52000	44.643659591674805
13	98.3	29.740711	169.0	53.0	3.5589828	1.6440833	7.305534	0.52578735	98.3	1557.5068	0.0278126220703125	33.93218	7.179113	36.13389	-21.922117	1.7788486	0.18384208	2.2464793	1.2591031	-3.7084805e-10	-0.0029478306	-4.4107438e-09	0.0050774636	366.7658	-11.113861	1.1359253	-0.013611674	0.6229406	-0.0031258464	79.0	0.6008114	0.003591102	56000	48.523037910461426
14	107.432434	31.746922	217.0	46.0	4.733533	2.6089578	10.014703	0.7943075	107.432434	1732.8115	0.028880192057291667	35.62616	6.0179267	37.185463	-19.980656	1.8080934	0.20697182	2.3783078	1.0064889	-1.1710212e-08	-0.0014510558	-1.5601517e-08	-0.0050309813	414.37497	-11.373688	3.119644	-0.42968893	0.61981475	0.012643039	79.0	0.60038286	0.0062877187	60000	52.3823459148407
15	112.828575	29.060022	177.0	47.0	5.592405	2.6549127	10.539793	1.1478882	112.828575	1929.3544	0.030146162033081056	36.20979	7.254084	38.286922	-18.449778	2.353062	0.19329016	2.9348543	1.5442185	-1.7654394e-08	-0.0028505782	-3.1590461e-09	-0.011686349	408.7193	-14.586243	2.8168	-0.35264444	0.6324578	0.022318542	79.0	0.6029532	0.004290447	64000	56.316678285598755
16	88.28889	29.64353	169.0	13.0	3.480793	1.8724915	7.588746	0.15446396	88.28889	2086.0332	0.030676958869485293	39.086617	2.3856416	39.504265	2.3980772	2.733758	0.2972872	3.4405727	1.3704352	4.5350927e-09	-0.002125813	3.8146974e-09	-0.009978047	366.18237	-5.443268	2.3567367	-0.88920176	0.65477633	0.023613572	79.0	0.6012295	0.008816025	68000	60.214436531066895
17	77.17647	23.58772	162.0	34.0	2.877495	1.9079145	7.874313	0.12866002	77.17647	2232.9675	0.03101343790690104	38.75368	1.7953881	39.004784	3.065543	1.8958417	0.2210049	2.5782187	1.2099957	5.4645315e-09	-0.0018776563	6.1392784e-09	-0.00335372	351.1519	-15.660767	1.4566061	-0.060913324	0.6783899	0.016532421	79.0	0.5988419	0.004973583	72000	64.08435153961182
18	88.0	36.054897	270.0	55.0	2.2221222	1.3790028	6.3202853	0.2355872	88.0	2333.5557	0.030704679790296053	36.992657	4.3052325	37.601837	-25.487667	1.6436272	0.24139069	2.4051197	0.8499426	2.2929858e-09	-0.0012383868	1.1324882e-09	-0.001578043	413.26157	-3.2062683	0.9168956	-0.23083496	0.6949223	0.013818026	79.0	0.5904201	0.005021405	76000	68.08165621757507
19	93.88095	33.390335	202.0	46.0	2.5801768	1.3915306	5.2785754	0.2772555	93.88095	2443.7197	0.03054649658203125	36.335724	4.44444	37.295494	-7.3726435	1.1440637	0.1344967	1.5062422	0.60461426	-4.9532742e-09	-0.0014439346	0.0	-0.0036792927	388.07144	-2.578003	0.8294636	-0.04444641	0.70874035	0.015456796	79.0	0.5902957	0.0017097015	80000	72.27810978889465
20	83.85107	20.841835	138.0	51.0	1.9568624	1.0469981	5.1421194	0.33983436	83.85107	2535.9258	0.03018959263392857	36.29	5.803804	37.67447	-10.966782	1.3440291	0.11999605	1.7039223	0.8641588	-8.331895e-09	-0.0024547118	-1.4007091e-09	0.004837433	299.54938	-2.842804	0.56977355	-0.16168973	0.72419715	0.00047165155	79.0	0.5914913	0.00366373	84000	74.0453953742981
21	93.666664	30.194344	188.0	48.0	2.1605184	1.2297437	5.1668563	0.46502784	93.666664	2626.7388	0.02984930419921875	36.521645	3.4779189	37.162086	-2.4039195	1.0341257	0.22856505	1.7515479	0.024212755	1.57088e-08	-0.0019896918	2.0861626e-10	0.0021311352	380.13898	-1.0959778	0.5713969	-0.030026138	0.7246688	0.0015181303	79.0	0.58721817	0.007783293	88000	78.04784822463989
22	117.64706	49.074303	272.0	63.0	2.461131	0.9851608	4.892348	0.93590415	117.64706	2710.4172	0.029461056916610055	35.126797	7.4817133	37.384323	-14.223419	1.1815146	0.11886074	1.5233243	0.54219025	-1.639768e-08	-0.0032691704	-1.2218953e-09	0.0025875734	544.3099	-39.61566	0.4947766	-0.042204082	0.72618693	-0.00020706654	79.0	0.5930847	0.005383276	92000	81.99053239822388
23	113.88571	35.970444	189.0	31.0	2.9966924	1.4230014	6.609504	0.66750294	113.88571	2815.3752	0.029326825459798176	38.38373	5.375517	39.698193	-8.843797	1.1508244	0.10407664	1.492592	0.63670105	-1.9835436e-09	-0.00324787	-7.748604e-10	0.002524108	442.85138	-9.723694	0.8669143	-0.12010664	0.72597986	-0.0007690191	79.0	0.58388096	0.0063504307	96000	86.00521922111511
24	140.42857	37.26395	219.0	77.0	3.6780446	1.7188267	7.0471416	0.68861	140.42857	2918.5598	0.02918559814453125	37.126858	9.3002825	40.943275	-8.971807	1.4923345	0.11811306	1.7696075	0.55883324	1.2771257e-08	-0.0023068064	4.738569e-09	0.0049648015	474.95856	-55.74942	1.0043428	-0.033665657	0.72521085	-0.0009499192	79.0	0.58939755	0.0040093334	100000	90.03838634490967
