Epoch	AverageEpRet	StdEpRet	MaxEpRet	MinEpRet	AverageEpCost	StdEpCost	MaxEpCost	MinEpCost	EpLen	CumulativeCost	CostRate	AverageVVals	StdVVals	MaxVVals	MinVVals	AverageCostVVals	StdCostVVals	MaxCostVVals	MinCostVVals	LossPi	DeltaLossPi	SurrCost	DeltaSurrCost	LossV	DeltaLossV	LossVC	DeltaLossVC	Penalty	DeltaPenalty	StopIter	Entropy	KL	TotalEnvInteracts	Time
0	15.5859375	9.387513	50.0	5.0	0.0	0.0	0.0	0.0	15.5859375	0.0	0.0	0.0012196132	0.11105736	0.4411924	-0.337274	0.0043066316	0.15025866	0.50125074	-0.48457336	-5.6743623e-08	-0.021527708	-2.0861626e-10	0.00020397463	163.35472	-20.999496	0.022617433	-0.02260693	0	0	5.0	0.9189385	0.01865696	4000	4.635042905807495
1	19.607843	10.900763	59.0	6.0	0.0	0.0	0.0	0.0	19.607843	0.0	0.0	1.053102	0.65718454	3.846676	-1.9530898	0.00015935312	0.0026397656	0.010059763	-0.020505097	5.9127807e-08	-0.015889315	3.5390257e-11	-1.060424e-05	196.80191	-69.722786	6.9937546e-06	-4.682734e-06	0	0	7.0	0.9172188	0.016603185	8000	7.784617185592651
2	25.664516	15.804155	79.0	5.0	0.0	0.0	0.0	0.0	25.664516	0.0	0.0	4.8273244	0.64967453	6.7986035	2.3937235	8.083299e-06	0.0030020382	0.02558539	-0.03191218	-1.9431114e-08	-0.016298192	7.450581e-12	-1.2764447e-06	247.22487	-94.251526	9.0179055e-06	-2.1360847e-06	0	0	9.0	0.9149964	0.014501901	12000	11.857015609741211
3	37.54717	20.089485	103.0	11.0	0.0	0.0	0.0	0.0	37.54717	0.0	0.0	10.574353	1.0784771	13.035521	5.0603075	7.6171695e-05	0.0038953226	0.031497087	-0.03822933	4.148483e-08	-0.013554242	-4.0046872e-11	1.2647643e-05	292.86713	-76.09688	1.5178439e-05	-4.147879e-06	0	0	14.0	0.91245985	0.012184844	16000	14.909617185592651
4	45.95402	19.085354	105.0	8.0	0.0	0.0	0.0	0.0	45.95402	0.0	0.0	15.197775	0.9429233	16.934105	10.935245	0.00034149652	0.003821202	0.030616058	-0.021558184	4.8816204e-08	-0.012417073	2.3283065e-11	4.192764e-06	245.8229	-40.47107	1.4718852e-05	-4.654098e-06	0	0	79.0	0.9091293	0.005094638	20000	18.269872665405273
5	63.98387	24.020483	144.0	17.0	0.0	0.0	0.0	0.0	63.98387	0.0	0.0	18.41528	0.8692155	19.667253	12.14687	-0.00027852017	0.0031192314	0.026862636	-0.025322763	3.3974647e-08	-0.0123367775	1.30385164e-11	6.542422e-06	380.20926	-64.197876	9.802844e-06	-2.8028076e-06	0	0	79.0	0.9058605	0.0054822504	24000	21.642889261245728
6	76.63461	31.441662	142.0	6.0	0.0	0.0	0.0	0.0	76.63461	0.0	0.0	21.599964	1.8650069	22.969902	6.760918	0.0001526679	0.0028396419	0.018270481	-0.021412235	-3.1113625e-08	-0.0033350184	1.2572855e-11	4.97832e-06	481.5515	-70.245514	8.093513e-06	-2.7505598e-06	0	0	79.0	0.9049627	0.0020720668	28000	24.915613174438477
7	88.77778	39.110035	191.0	29.0	0.0	0.0	0.0	0.0	88.77778	0.0	0.0	23.737335	3.390937	25.694923	-5.048842	-0.0002683251	0.0021844632	0.014839874	-0.014904895	-4.9948692e-08	-0.008573059	2.0954757e-12	5.523169e-06	580.68115	-75.053314	4.845906e-06	-1.4605687e-06	0	0	79.0	0.8865234	0.0048911343	32000	28.193847179412842
8	104.210526	40.984695	209.0	42.0	0.0	0.0	0.0	0.0	104.210526	0.0	0.0	26.444925	3.766551	28.32093	-2.1403086	2.3624398e-05	0.0017591539	0.010727125	-0.013944909	5.51939e-08	-0.00827538	-1.8626452e-12	-2.8658892e-06	624.4225	-74.95233	3.0943545e-06	-9.105613e-07	0	0	79.0	0.8916075	0.0043188105	36000	31.481093168258667
9	124.5	49.812145	259.0	56.0	0.0	0.0	0.0	0.0	124.5	0.0	0.0	29.470297	4.274959	30.800293	-10.150938	4.4932738e-05	0.0011989245	0.012180075	-0.01142358	5.1259995e-08	-0.0038020927	2.0489097e-11	-2.2902116e-06	766.44586	-77.724976	1.4401277e-06	-2.9206387e-07	0	0	79.0	0.88894796	0.0036550723	40000	34.814634561538696
10	144.88889	70.66684	334.0	53.0	0.0	0.0	0.0	0.0	144.88889	0.0	0.0	31.761703	4.3214183	33.245335	-4.0291805	-6.163237e-05	0.0011570146	0.008582926	-0.012537793	-2.157688e-08	-0.006237634	-1.1641532e-12	-3.5086252e-06	946.8512	-96.25098	1.7854624e-06	-3.4987215e-07	0	0	79.0	0.9152302	0.0043820343	44000	38.236846923828125
11	218.61111	118.37048	490.0	53.0	0.0	0.0	0.0	0.0	218.61111	0.0	0.0	34.64338	3.228257	35.802166	-5.87659	-1.6635928e-05	0.0010353635	0.006798966	-0.0075036585	-2.1457673e-08	-0.0064703496	7.916242e-12	7.509622e-07	1531.4712	-192.30505	1.0798927e-06	-1.7611848e-07	0	0	79.0	0.9243889	0.004219479	48000	41.61856007575989
12	234.05882	90.7203	426.0	92.0	0.0	0.0	0.0	0.0	234.05882	0.0	0.0	38.83984	0.042187523	38.866943	38.420677	0.00010182474	0.0008907755	0.0051683146	-0.008632357	3.4809112e-08	-0.00712463	-6.053597e-12	1.7447262e-06	1313.8864	-117.324585	8.0412343e-07	-1.0329876e-07	0	0	79.0	0.9493427	0.0041966657	52000	44.91153693199158
13	569.0	306.86432	1000.0	192.0	0.0	0.0	0.0	0.0	569.0	0.0	0.0	41.32499	0.11561682	41.367496	40.15008	-4.5408287e-05	0.0010056007	0.00678756	-0.0071800556	1.1885166e-07	-0.0031963482	4.6566128e-12	3.627489e-06	2409.2356	-291.69556	1.1771581e-06	-1.3028216e-07	0	0	7.0	0.97348845	0.014445797	56000	47.92980933189392
14	963.0	64.08588	1000.0	852.0	0.0	0.0	0.0	0.0	963.0	0.0	0.0	44.77781	0.054516938	44.814747	44.307777	-2.483056e-05	0.00078978617	0.008276666	-0.0060806056	-3.731251e-07	-0.0028800291	-1.0593794e-11	-6.570547e-07	2477.8716	-291.08618	6.972366e-07	-1.3535805e-07	0	0	79.0	0.9754767	0.0032862446	60000	51.141648292541504
15	1000.0	0.0	1000.0	1000.0	0.0	0.0	0.0	0.0	1000.0	0.0	0.0	47.929638	0.03881458	47.9663	47.650257	-2.0224665e-05	0.00077303284	0.0069156187	-0.004812454	1.8906593e-07	-0.0021653185	1.1408701e-11	2.2275437e-06	2307.7734	-249.40967	5.979316e-07	-6.046946e-08	0	0	8.0	0.9537367	0.013324468	64000	54.1050238609314
16	901.25	171.04002	1000.0	605.0	0.0	0.0	0.0	0.0	901.25	0.0	0.0	50.682125	0.012835305	50.69561	50.596622	-5.0993954e-06	0.0007872673	0.0049656173	-0.008455246	1.2326241e-07	-0.004464953	-4.1909514e-12	2.3058656e-06	1952.3274	-185.98376	6.27981e-07	-9.290932e-08	0	0	79.0	0.95128477	0.0051614046	68000	57.34961438179016
17	1000.0	0.0	1000.0	1000.0	0.0	0.0	0.0	0.0	1000.0	0.0	0.0	52.94799	0.028751796	52.969933	52.731113	5.02595e-05	0.0006622507	0.005863589	-0.0042832517	3.3044816e-07	-0.0027084288	-3.2596291e-12	-1.1890088e-06	1884.6997	-178.21362	4.444641e-07	-3.5970885e-08	0	0	79.0	0.961275	0.005294391	72000	60.612013816833496
18	966.75	57.59069	1000.0	867.0	0.0	0.0	0.0	0.0	966.75	0.0	0.0	55.108196	0.017767007	55.121998	54.938248	-1.7112183e-05	0.0006517676	0.0056514503	-0.009487821	-1.5318393e-07	-0.0038089575	3.3760442e-12	-7.6574446e-07	1640.9598	-142.01086	4.2887706e-07	-4.9937256e-08	0	0	79.0	0.99407864	0.0039052325	76000	63.92990803718567
19	1000.0	0.0	1000.0	1000.0	0.0	0.0	0.0	0.0	1000.0	0.0	0.0	57.007496	0.013815835	57.02225	56.949455	2.0959975e-05	0.0005251848	0.004921767	-0.0068085194	5.3310396e-07	-0.0022911662	-6.5192582e-12	5.985145e-07	1573.5333	-140.7738	2.8026284e-07	-2.8789799e-08	0	0	79.0	0.9801967	0.003880716	80000	67.2046914100647
20	1000.0	0.0	1000.0	1000.0	0.0	0.0	0.0	0.0	1000.0	0.0	0.0	58.86583	0.014223328	58.881065	58.799892	9.888801e-06	0.0006084479	0.0061358716	-0.0039919396	-2.0766258e-07	-0.0019418936	6.9849194e-13	-1.2341955e-06	1440.4011	-127.60791	3.946981e-07	-1.88397e-08	0	0	79.0	0.99101853	0.00276639	84000	70.58523344993591
21	787.0	250.74768	1000.0	320.0	0.0	0.0	0.0	0.0	787.0	0.0	0.0	60.633244	0.012740154	60.642197	60.470097	-0.00016870868	0.00057516206	0.0060677864	-0.0034953894	-2.5629998e-08	-0.001356937	-6.4028427e-12	-9.29305e-07	1203.9625	-83.06482	3.5856502e-07	-5.3842143e-08	0	0	8.0	0.98363996	0.012703869	88000	73.62385416030884
22	1000.0	0.0	1000.0	1000.0	0.0	0.0	0.0	0.0	1000.0	0.0	0.0	62.07285	0.0040493254	62.078053	62.053608	-2.629843e-05	0.00046365027	0.004216951	-0.0053430535	-8.4877016e-08	-0.0028053026	-6.984919e-12	-1.4463291e-06	1224.5028	-106.48413	2.1764892e-07	-2.675175e-08	0	0	79.0	0.98249805	0.0056541283	92000	76.93875765800476
23	432.25	269.16943	1000.0	126.0	0.0	0.0	0.0	0.0	432.25	0.0	0.0	63.646202	0.028258068	63.6721	63.48302	-0.00018162803	0.00087259867	0.0068431376	-0.0065471753	-1.3351441e-08	-0.0023677156	-1.8626452e-12	-2.537667e-06	906.8762	-34.99884	8.381417e-07	-2.0303531e-07	0	0	5.0	0.98670185	0.015163088	96000	79.94391179084778
24	1000.0	0.0	1000.0	1000.0	0.0	0.0	0.0	0.0	1000.0	0.0	0.0	64.632805	0.008359733	64.641556	64.58387	-3.119753e-05	0.0005324734	0.0042121327	-0.0027985338	5.903244e-07	-0.0023503837	-3.958121e-12	-1.3845639e-06	1064.7932	-92.47827	2.8184394e-07	-8.0778776e-08	0	0	7.0	0.987731	0.017222684	100000	82.90765714645386
25	1000.0	0.0	1000.0	1000.0	0.0	0.0	0.0	0.0	1000.0	0.0	0.0	66.12131	0.003986322	66.12673	66.09521	-6.1112123e-06	0.0005134346	0.0042902143	-0.003864145	-1.1992455e-07	-0.0038465925	-2.0954757e-12	3.113826e-07	977.05	-89.301025	2.6645336e-07	-4.078109e-08	0	0	79.0	0.9899803	0.005616499	104000	86.1395354270935
26	768.6	332.3538	1000.0	147.0	0.0	0.0	0.0	0.0	768.6	0.0	0.0	67.61744	0.010693312	67.62567	67.50608	-3.4514135e-06	0.00048796998	0.00447347	-0.0026406972	-2.0205974e-08	-0.0027810123	-3.958121e-12	-6.205125e-07	858.623	-61.413147	2.6675656e-07	-2.7862882e-08	0	0	79.0	0.977206	0.0030659337	108000	89.45305919647217
27	1000.0	0.0	1000.0	1000.0	0.0	0.0	0.0	0.0	1000.0	0.0	0.0	68.88014	0.007831894	68.88798	68.82608	-6.166711e-05	0.00045307566	0.0032482906	-0.0037314384	-1.0919571e-07	-0.003219427	0.0	-6.58141e-07	824.3882	-75.83417	2.1264289e-07	-2.6845257e-08	0	0	79.0	0.9818827	0.003161755	112000	92.73505735397339
28	1000.0	0.0	1000.0	1000.0	0.0	0.0	0.0	0.0	1000.0	0.0	0.0	70.26658	0.0047260593	70.2731	70.2371	3.5543235e-05	0.00037830585	0.002804202	-0.0027540564	-2.102852e-07	-0.0017800351	-4.423782e-12	2.9202226e-07	752.58966	-71.03088	1.4724795e-07	-1.693067e-08	0	0	7.0	0.9633213	0.013730029	116000	95.80025124549866
29	1000.0	0.0	1000.0	1000.0	0.0	0.0	0.0	0.0	1000.0	0.0	0.0	71.62469	0.0045333044	71.6314	71.603546	2.463725e-05	0.0004291536	0.002892384	-0.0025861056	8.127689e-07	-0.0040067546	1.8626452e-12	5.944725e-07	685.3996	-65.46173	1.8840889e-07	-2.6197327e-08	0	0	79.0	0.9625708	0.0034848023	120000	99.13826251029968
30	1000.0	0.0	1000.0	1000.0	0.0	0.0	0.0	0.0	1000.0	0.0	0.0	72.93878	0.0037058846	72.94545	72.92467	2.8034043e-05	0.0005033784	0.0033166534	-0.0025006535	1.3995171e-07	-0.0014393103	3.7252905e-12	3.3581537e-07	623.37445	-60.34082	2.608559e-07	-4.0431587e-08	0	0	79.0	0.93546045	0.004203556	124000	102.53126835823059
31	1000.0	0.0	1000.0	1000.0	0.0	0.0	0.0	0.0	1000.0	0.0	0.0	74.21123	0.0019477154	74.214645	74.1983	8.355506e-06	0.00030332227	0.0016692724	-0.0020327515	5.0354004e-07	-0.0030360324	4.7730283e-12	-2.5905098e-07	566.1306	-55.62094	9.321298e-08	-2.3346331e-08	0	0	7.0	0.9394028	0.013106718	128000	105.57027173042297
32	1000.0	0.0	1000.0	1000.0	0.0	0.0	0.0	0.0	1000.0	0.0	0.0	75.44194	0.0014272474	75.44447	75.42675	-4.916497e-06	0.00030960757	0.0043259016	-0.0024412991	-5.774498e-07	-0.0018874302	2.211891e-12	2.0853767e-07	513.39465	-51.28537	9.86182e-08	-1.7238548e-08	0	0	79.0	0.93873155	0.0047689755	132000	108.91042470932007
33	1000.0	0.0	1000.0	1000.0	0.0	0.0	0.0	0.0	1000.0	0.0	0.0	76.63257	0.0012383169	76.63462	76.624886	5.5426945e-06	0.00018770606	0.0015114795	-0.0016388664	-5.745888e-07	-0.0027584876	1.2805685e-12	9.711366e-08	464.82126	-47.281586	3.5612384e-08	-6.7899304e-09	0	0	79.0	0.94555485	0.0067135505	136000	112.21252202987671
34	1000.0	0.0	1000.0	1000.0	0.0	0.0	0.0	0.0	1000.0	0.0	0.0	77.78717	0.0010735132	77.78949	77.78294	-1.0101045e-06	0.00022753554	0.001705432	-0.0022134855	1.3518333e-07	-0.001534304	-9.313226e-13	1.1767694e-06	420.01917	-43.558655	5.2175295e-08	-6.365525e-09	0	0	79.0	0.9506657	0.0049676085	140000	115.47373342514038
35	1000.0	0.0	1000.0	1000.0	0.0	0.0	0.0	0.0	1000.0	0.0	0.0	78.906425	0.0014437594	78.90874	78.89726	6.2632275e-06	0.00031499335	0.0027326874	-0.0018552281	1.9025802e-07	-0.002476745	4.656613e-13	-7.780036e-07	378.7579	-40.092896	1.02570006e-07	-8.641187e-09	0	0	79.0	0.9463785	0.0056288177	144000	119.02879881858826
36	1000.0	0.0	1000.0	1000.0	0.0	0.0	0.0	0.0	1000.0	0.0	0.0	79.99274	0.0012441411	79.99467	79.987335	-4.2818915e-06	0.0003452363	0.0017695288	-0.0025708575	-1.5759468e-07	-0.002524381	-5.5588316e-12	1.0869306e-06	340.7514	-36.85434	1.2370248e-07	-1.7220948e-08	0	0	79.0	0.9495274	0.0040874574	148000	122.31890797615051
37	1000.0	0.0	1000.0	1000.0	0.0	0.0	0.0	0.0	1000.0	0.0	0.0	81.04607	0.0009266726	81.04779	81.0405	3.0349194e-05	0.000296155	0.0020986372	-0.002427583	5.8460233e-07	-0.0015290597	6.984919e-12	-6.171572e-08	305.81714	-33.82901	8.8858016e-08	-1.1566492e-08	0	0	79.0	0.91927993	0.0022455724	152000	125.61783528327942
38	592.1667	347.4447	1000.0	144.0	0.0	0.0	0.0	0.0	592.1667	0.0	0.0	82.06675	0.0013650137	82.068726	82.05508	-8.6442415e-06	0.0004811492	0.0027267772	-0.0064740134	5.3644182e-09	-0.005841026	2.3283064e-12	9.251083e-07	449.40155	-7.9382935	2.4327596e-07	-6.1858316e-08	0	0	79.0	0.9078855	0.004436727	156000	128.89009809494019
39	1000.0	0.0	1000.0	1000.0	0.0	0.0	0.0	0.0	1000.0	0.0	0.0	82.59929	0.001093451	82.601	82.593185	2.574042e-06	0.00027704606	0.0018422403	-0.0015213746	6.079674e-08	-0.0012101743	-3.4924596e-12	-4.8716785e-08	257.74533	-28.53273	7.939295e-08	-8.050989e-09	0	0	7.0	0.8840627	0.013491585	160000	131.9152135848999
40	1000.0	0.0	1000.0	1000.0	0.0	0.0	0.0	0.0	1000.0	0.0	0.0	83.53776	0.00091454043	83.53918	83.530334	-9.173083e-06	0.00031982063	0.0027162014	-0.0030519934	1.1992455e-07	-0.00213272	5.355105e-12	8.432637e-07	230.69585	-27.731659	1.0263475e-07	-1.6465684e-08	0	0	79.0	0.88452756	0.0046040695	164000	135.31108403205872
41	1000.0	0.0	1000.0	1000.0	0.0	0.0	0.0	0.0	1000.0	0.0	0.0	84.50428	0.00080880366	84.50558	84.50028	2.86025e-05	0.00039085172	0.0022565513	-0.0042561195	-8.3208086e-08	-0.0016371071	-2.0954757e-12	-1.0009111e-06	204.402	-25.187271	1.555028e-07	3.6157064e-07	0	0	79.0	0.88090926	0.0035817698	168000	138.60203981399536
42	632.0	376.58774	1000.0	125.0	0.0	0.0	0.0	0.0	632.0	0.0	0.0	85.43777	0.0008934037	85.43893	85.43013	0.0006726779	0.0006846571	0.005141871	-0.0041274223	-1.7106533e-08	-0.0033460623	7.450581e-12	7.871967e-07	351.11316	-6.5063477	8.512208e-07	-5.4090924e-07	0	0	79.0	0.89125526	0.004848481	172000	141.91403341293335
43	804.75	338.18292	1000.0	219.0	0.0	0.0	0.0	0.0	804.75	0.0	0.0	85.94539	0.0006137044	85.94668	85.941864	7.008353e-05	0.00032270272	0.001937695	-0.002807342	-4.7683715e-09	-0.0021531782	4.1909514e-12	-3.2445368e-07	227.9069	-14.424866	1.09004354e-07	-1.989136e-08	0	0	5.0	0.88884056	0.014857739	176000	144.94226837158203
44	1000.0	0.0	1000.0	1000.0	0.0	0.0	0.0	0.0	1000.0	0.0	0.0	86.65823	0.00088850124	86.65987	86.65433	2.1647387e-05	0.00028106695	0.0017487279	-0.0010455885	7.498264e-07	-0.0017955715	-4.656613e-13	-6.9844583e-07	151.52509	-20.064178	8.1214196e-08	-3.7012104e-08	0	0	79.0	0.88918644	0.0036393781	180000	148.20805835723877
45	1000.0	0.0	1000.0	1000.0	0.0	0.0	0.0	0.0	1000.0	0.0	0.0	87.52384	0.0011167375	87.52558	87.51588	8.8451e-06	0.0003234542	0.0034700467	-0.0027956478	-1.9383431e-07	-0.0027911172	0.0	-6.937608e-08	132.50256	-18.371109	1.0754782e-07	-1.8778984e-08	0	0	79.0	0.87700975	0.0041864803	184000	151.47259902954102
46	1000.0	0.0	1000.0	1000.0	0.0	0.0	0.0	0.0	1000.0	0.0	0.0	88.37309	0.00088671304	88.3747	88.36515	-9.273856e-06	0.00020765775	0.0019930773	-0.0021176087	1.2922287e-07	-0.002502115	-5.5879355e-12	-4.5611264e-07	115.078156	-16.399826	4.5903356e-08	-3.9231303e-09	0	0	79.0	0.88592607	0.006622322	188000	154.7049527168274
47	1000.0	0.0	1000.0	1000.0	0.0	0.0	0.0	0.0	1000.0	0.0	0.0	89.187065	0.0010766613	89.18895	89.1807	-1.7297307e-06	0.000207944	0.002611518	-0.0023600461	-2.8443336e-07	-0.0035131308	-9.313226e-13	5.0718216e-07	99.5298	-14.591171	4.3648875e-08	-4.3709925e-09	0	0	79.0	0.8633578	0.0067313793	192000	158.07454800605774
48	1000.0	0.0	1000.0	1000.0	0.0	0.0	0.0	0.0	1000.0	0.0	0.0	89.96689	0.0012708317	89.96904	89.962	2.034766e-06	0.00023819241	0.0017972908	-0.0012845033	-6.468296e-07	-0.0019377663	1.2805685e-12	7.1526856e-08	85.691696	-12.932198	5.6994875e-08	-8.629797e-09	0	0	79.0	0.85727227	0.0031572627	196000	161.45210671424866
49	1000.0	0.0	1000.0	1000.0	0.0	0.0	0.0	0.0	1000.0	0.0	0.0	90.711914	0.0023710218	90.71534	90.69849	-5.0646318e-06	0.0004917318	0.002794332	-0.005993769	-2.18153e-07	-0.0023428716	-2.3283064e-12	-1.4459971e-06	73.43692	-11.417156	2.4298296e-07	-7.7527844e-08	0	0	79.0	0.8342845	0.0050963755	200000	164.81644797325134
50	1000.0	0.0	1000.0	1000.0	0.0	0.0	0.0	0.0	1000.0	0.0	0.0	91.42436	0.001984368	91.4269	91.41095	1.6648355e-05	0.00024043204	0.0022084042	-0.001978638	-4.7349928e-07	-0.0026299367	4.1909514e-12	-4.670238e-07	62.605236	-10.031853	5.830208e-08	-7.5842195e-09	0	0	79.0	0.8571387	0.005648076	204000	168.23384594917297
51	916.25	145.05925	1000.0	665.0	0.0	0.0	0.0	0.0	916.25	0.0	0.0	92.102135	0.0033657106	92.1059	92.06927	-3.878148e-06	0.00038400813	0.0022947663	-0.0023207157	-6.556511e-09	-0.0052365414	1.3969839e-12	1.756974e-06	137.26521	-3.9580688	1.4842695e-07	-4.527775e-08	0	0	4.0	0.8524474	0.020069886	208000	171.29150819778442
52	1000.0	0.0	1000.0	1000.0	0.0	0.0	0.0	0.0	1000.0	0.0	0.0	92.55059	0.0015202787	92.552765	92.543564	-4.9735213e-06	0.00027418305	0.00090958545	-0.0012919902	6.437302e-09	-0.0024251665	3.2596291e-12	-4.9106312e-08	47.239902	-7.7781296	7.594001e-08	-3.3274873e-08	0	0	79.0	0.85272384	0.003555011	212000	174.64327192306519
53	1000.0	0.0	1000.0	1000.0	0.0	0.0	0.0	0.0	1000.0	0.0	0.0	93.15737	0.00179019	93.15995	93.14831	-2.0062273e-05	0.00023378123	0.0012638608	-0.0013202525	3.8981437e-07	-0.0027668057	-6.9849194e-13	2.9301947e-07	39.858517	-7.0365257	5.745217e-08	-7.236693e-09	0	0	79.0	0.86117697	0.0050882455	216000	178.4346103668213
54	964.75	61.05479	1000.0	859.0	0.0	0.0	0.0	0.0	964.75	0.0	0.0	93.75665	0.0019307369	93.75932	93.74121	-3.198652e-06	0.0002247148	0.0020411387	-0.0012993094	-1.1444092e-08	-0.0037193345	9.313226e-13	5.2608505e-07	125.83789	-2.0966644	5.1284886e-08	-8.985591e-09	0	0	8.0	0.8560545	0.012846514	220000	181.46681952476501
55	752.2	304.41708	1000.0	343.0	0.0	0.0	0.0	0.0	752.2	0.0	0.0	94.10192	0.0038468868	94.10657	94.07371	-9.130308e-06	0.00036281304	0.0024140924	-0.001932861	2.4437905e-09	-0.0025337408	-1.8626452e-12	-9.359671e-07	218.803	-0.08093262	1.342504e-07	-1.4387496e-08	0	0	7.0	0.8567716	0.014665058	224000	184.4746425151825
56	1000.0	0.0	1000.0	1000.0	0.0	0.0	0.0	0.0	1000.0	0.0	0.0	94.182076	0.0022478239	94.185394	94.168396	0.0001351941	0.00021108928	0.0010715186	-0.0009547074	-3.0755996e-07	-0.004914784	2.3283065e-13	1.943881e-07	28.810696	-5.116703	6.356163e-08	-3.450646e-08	0	0	79.0	0.85740787	0.007906001	228000	187.81809329986572
57	975.0	43.30127	1000.0	900.0	0.0	0.0	0.0	0.0	975.0	0.0	0.0	94.69673	0.0023557607	94.69889	94.68384	1.6584117e-05	0.00033889286	0.0025036244	-0.0031815616	-3.695488e-09	-0.0031887533	4.656613e-13	-2.355326e-06	121.29301	-1.2947693	1.18190556e-07	-5.4265755e-08	0	0	5.0	0.898284	0.02615671	232000	190.87691259384155
58	1000.0	0.0	1000.0	1000.0	0.0	0.0	0.0	0.0	1000.0	0.0	0.0	94.98822	0.0030826947	94.99191	94.96601	-2.0300839e-05	0.000249889	0.0017242111	-0.0017189779	9.942055e-08	-0.0030265348	0.0	-2.4386682e-07	21.382896	-4.236702	6.400596e-08	-7.380798e-09	0	0	79.0	0.89950746	0.0038400344	236000	194.32732963562012
59	1000.0	0.0	1000.0	1000.0	0.0	0.0	0.0	0.0	1000.0	0.0	0.0	95.48561	0.0025737185	95.48833	95.46923	-1.4122956e-05	0.00021833405	0.0014519037	-0.0015277325	-1.4472008e-06	-0.0023175739	-4.656613e-13	1.4221528e-08	17.349117	-3.7517614	4.80014e-08	-3.9102908e-09	0	0	79.0	0.9136114	0.0043636668	240000	197.83785724639893
