Epoch	AverageEpRet	StdEpRet	MaxEpRet	MinEpRet	AverageEpCost	StdEpCost	MaxEpCost	MinEpCost	EpLen	CumulativeCost	CostRate	AverageVVals	StdVVals	MaxVVals	MinVVals	AverageCostVVals	StdCostVVals	MaxCostVVals	MinCostVVals	LossPi	DeltaLossPi	SurrCost	DeltaSurrCost	LossV	DeltaLossV	LossVC	DeltaLossVC	Penalty	DeltaPenalty	Optim_A	Optim_B	Optim_c	Optim_q	Optim_r	Optim_s	Optim_Lam	Optim_Nu	OptimCase	Margin	BacktrackIters	Entropy	KL	TotalEnvInteracts	Time
0	15.873015	9.158034	58.0	4.0	0.48570856	1.7429807	26.168007	0.008394787	15.873015	305.99643	0.030599643	-0.0014340541	0.11424637	0.40831572	-0.4200092	0.0056921737	0.15068617	0.46794242	-0.7059324	-5.493164e-08	-0.019387916	2.4414062e-08	0.00060262455	161.37257	-20.635605	4.605021	-0.58772707	1.2702036	0.0	0.033441454	0.009937183	-0.00090036046	0.058669865	-0.01804358	0.012904924	1.8344713	1.2702036	2.0	0.0	0.0	0.9189385	0.0046812124	10000	3.9754788875579834
1	17.025597	9.606118	68.0	5.0	0.42051956	1.2782233	16.951242	0.003851336	17.025597	552.6842	0.02763421	1.0337954	0.2555191	2.395823	-0.5618665	0.5658958	0.2876937	2.1166549	-1.324446	2.1362304e-08	-0.017905487	3.8146972e-10	0.003987692	157.02171	-57.384964	2.1642694	-0.101500034	0.8488525	0.0	0.028031383	0.00855672	-0.004668291	0.057984155	-0.021266753	0.015099597	1.8099585	0.8488525	2.0	0.0	1.0	0.89785707	0.002948067	20000	9.582833766937256
2	20.139112	11.456211	81.0	5.0	0.70399725	2.0640461	16.271603	0.007151899	20.139112	901.98804	0.030066269	4.6644096	0.22320805	5.283585	3.4078906	0.55955505	0.052301224	0.7106996	0.3423685	4.348755e-08	-0.0015370441	-5.340576e-09	-0.011327079	143.07817	-52.087723	5.045531	-0.20496178	1.6991233	0.0	0.023055442	0.0065288404	0.010129406	0.055965815	-0.031189838	0.029559253	1.8791814	1.6991233	1.0	0.0	0.0	0.8832596	0.0048159696	30000	15.152230262756348
3	21.002106	11.788754	83.0	4.0	0.42235285	1.0223053	11.337555	0.0063782237	21.002106	1102.6934	0.027567334	9.498581	0.2442262	10.061907	7.7841454	0.9681198	0.15056868	1.6480793	0.12102382	-7.629395e-09	-0.014150188	-4.577637e-09	0.003169931	98.520134	-11.1855545	1.3678781	-0.2951628	0.9587506	0.0	0.01690512	0.008895914	-0.0036971127	0.040155698	-0.016965952	0.012380059	1.3785224	0.9587506	2.0	0.0	1.0	0.87758136	0.0029238327	40000	20.741417407989502
4	21.956043	11.563596	89.0	5.0	0.39514637	0.84641546	8.84521	0.011845481	21.956043	1282.4974	0.025649948	11.928021	0.51178354	13.719329	8.72295	0.4816538	0.08177232	1.1306657	-0.0952103	1.926422e-08	-0.017131878	-4.577637e-09	0.0039325934	85.56247	-1.7641525	0.6872943	-0.0069995522	0.7469982	0.0	0.024829794	0.008114847	-0.004775616	0.04982905	-0.017390806	0.012097965	1.7492279	0.7469982	2.0	0.0	1.0	0.8628692	0.0028214667	50000	26.296971559524536
5	26.75067	13.41499	89.0	5.0	0.6173502	1.0990596	8.905903	0.0075199674	26.75067	1512.8163	0.025213605	12.787935	0.42967683	14.133781	9.330437	0.4177165	0.062212892	0.8389393	-0.035832264	1.5258789e-09	-0.008183238	8.392334e-09	-0.004765102	114.56761	-6.3455963	1.0081877	-0.049008965	1.5004902	0.0	0.018334458	0.008585349	0.0043868143	0.03274499	-0.014001177	0.013603451	1.4613528	1.5004902	1.0	0.0	0.0	0.84626174	0.004464149	60000	31.85755753517151
6	28.424501	13.364894	98.0	7.0	0.44526124	0.62656957	4.440626	0.006508802	28.424501	1669.1879	0.02384554	14.64125	0.62422645	15.875864	11.469404	0.6025546	0.07026641	0.8950395	0.2830037	-1.6784668e-08	-0.014189443	-7.629395e-09	0.0019240387	112.35781	-4.126938	0.3215765	-0.04813823	1.510002	0.0	0.011621321	0.009429588	-0.0019257597	0.033604953	-0.0119552165	0.0065015284	1.1101493	1.510002	2.0	0.0	0.0	0.8336077	0.0044238344	70000	35.5161075592041
7	33.82373	15.030459	154.0	6.0	0.53571796	0.5551471	4.3578515	0.0054073385	33.82373	1827.2823	0.022841029	15.3191185	1.9240357	17.976587	3.0413668	0.3844708	0.042841703	0.5804828	0.19644725	1.525879e-08	-0.0059401016	2.2888185e-09	-0.0011315324	141.16223	-11.71376	0.18995218	-0.0029687285	2.0108085	0.0	0.006352027	0.00966861	0.0010560032	0.01673365	-0.005910555	0.003365048	0.8105394	2.0108085	1.0	0.0	0.0	0.81285906	0.0042136796	80000	41.06931138038635
8	34.783974	12.592322	79.0	10.0	0.47550875	0.48128554	3.465379	0.014287817	34.783974	1963.772	0.021819688	17.108774	3.5500267	20.17571	-6.2659955	0.41401407	0.019272828	0.47040796	0.30662534	-7.629395e-09	-0.0067481953	0.0	0.00058845367	107.36153	-4.5535126	0.13958682	-0.0035492182	1.4222419	0.0	0.0053140842	0.009835473	-0.0007040958	0.0129702	-0.0048030666	0.0030132055	0.7350495	1.4222419	2.0	0.0	1.0	0.7871265	0.0026255639	90000	46.6799418926239
9	36.298183	11.642173	88.0	15.0	0.47297487	0.43055743	3.3468056	0.009441795	36.298183	2093.8655	0.020938655	17.51595	3.7657802	20.319328	-8.018659	0.35696962	0.010845351	0.38523054	0.24795234	-9.155274e-09	-0.007199845	1.335144e-09	0.0006374853	102.51439	-7.5519943	0.10897848	-0.0013963357	1.9817861	0.0	0.005306691	0.009759005	-0.0007445313	0.016647777	-0.005107484	0.002300167	0.7374102	1.9817861	2.0	0.0	1.0	0.76976436	0.0025877242	100000	52.302794218063354
10	37.02222	12.150272	105.0	15.0	0.4905932	0.33101502	1.6688423	0.0142983515	37.02222	2226.331	0.020239374	17.420237	4.097052	20.423923	-7.783325	0.346706	0.036505315	0.4351069	0.20427915	-1.2969971e-08	-0.006533056	-2.193451e-09	0.00021348124	97.88981	-9.267021	0.06581763	-0.00032384694	2.5351887	0.0	0.0034727687	0.009954659	-0.00025408537	0.013401119	-0.0037598773	0.0014238697	0.5906426	2.5351887	2.0	0.0	0.0	0.7454291	0.0037889709	110000	58.004680156707764
11	39.8247	11.984766	106.0	21.0	0.49723625	0.27832952	1.4050695	0.0537125	39.8247	2351.152	0.019592933	17.982288	4.1574326	21.08135	-6.715929	0.34526196	0.02036192	0.40547445	0.24738073	3.0517577e-09	-0.0030328124	-1.0490417e-09	6.526575e-05	96.05818	-10.197304	0.048228905	-0.0009074919	2.3519685	0.0	0.0012330227	0.009995404	-6.939784e-05	0.007144422	-0.0024887442	0.0010477803	0.35122496	2.3519685	2.0	0.0	1.0	0.73588574	0.0025524383	120000	61.60370111465454
12	42.67094	11.723244	99.0	19.0	0.5197551	0.278424	1.8513385	0.016486708	42.67094	2472.8267	0.019021744	18.78377	5.086164	22.0828	-9.240018	0.34594172	0.013416202	0.39038786	0.274445	2.4414062e-08	-0.004189358	1.5258789e-09	-0.0004826328	91.31387	-9.622536	0.047052883	-0.0004832372	2.1284304	0.0	0.0027572783	0.00976988	0.00046296438	0.005994829	-0.0017365166	0.0009314109	0.531246	2.1284304	1.0	0.0	0.0	0.73021984	0.0033673416	130000	67.20895075798035
13	43.056034	12.882136	106.0	21.0	0.4749846	0.20197156	1.3973017	0.07228433	43.056034	2583.0352	0.01845025	19.893503	4.9671254	23.20039	-5.9763355	0.35753155	0.012005471	0.38204074	0.2588316	1.9836426e-08	-0.0039022064	-5.722046e-10	0.00049799884	91.41705	-10.361946	0.028576767	-0.001318194	1.8938494	0.0	0.001350461	0.009250738	-0.0005809967	0.0039166124	-0.0010752215	0.0004505195	0.3820787	1.8938494	2.0	0.0	1.0	0.7049776	0.0025236541	140000	72.89037013053894
14	47.461906	14.190908	106.0	26.0	0.48365945	0.2024444	1.4170089	0.09180005	47.461906	2684.6409	0.017897606	20.252062	5.593063	24.204792	-4.7765317	0.32294607	0.0122929	0.35778835	0.23931462	6.1035155e-09	-0.0035559135	-7.6293943e-10	0.00030520605	98.03999	-14.774704	0.027140826	-7.946044e-05	1.7102516	0.0	0.0012855473	0.009628399	-0.00034428778	0.0026985526	-0.0006713598	0.00031898255	0.36539868	1.7102516	2.0	0.0	1.0	0.6730807	0.0022525997	150000	78.54093265533447
15	46.15278	11.07089	85.0	28.0	0.5002569	0.17625606	0.9698751	0.13042334	46.15278	2792.9675	0.017456047	21.314384	6.285798	26.132025	-3.2353952	0.31706217	0.008500004	0.33628908	0.23548731	3.242493e-08	-0.004116911	1.1444092e-09	-1.4491653e-05	64.57707	-9.107452	0.0227596	-0.00044140778	2.7073205	0.0	0.0016035035	0.009999884	5.566209e-06	0.0035617147	-0.0007254976	0.00026878956	0.40044	2.7073205	1.0	0.0	0.0	0.6562348	0.003738744	160000	84.15270233154297
16	48.241547	11.5494995	103.0	29.0	0.4772849	0.15301357	0.90516466	0.15011181	48.241547	2891.779	0.017010465	20.932783	7.0915422	26.62759	-1.7897038	0.33785975	0.009650555	0.3594381	0.23100837	1.1444092e-09	-0.00459268	-1.4305115e-10	0.0003896218	60.540264	-9.039219	0.017850092	-0.0004516933	3.8251748	0.0	0.0012748516	0.008806656	-0.0004708616	0.0055369935	-0.0008898658	0.00018578948	0.3804734	3.8251748	2.0	0.0	1.0	0.63387704	0.0022131675	170000	89.75916576385498
17	50.201004	11.634716	86.0	30.0	0.50463796	0.15428804	1.0495573	0.16199219	50.201004	2992.2212	0.01662345	21.769703	7.3069806	28.012926	-0.23413542	0.32012808	0.007530244	0.3374728	0.24235865	-1.2969971e-08	-0.0034512947	9.536743e-11	-0.000114383125	56.716957	-12.057732	0.018898116	-0.00024995208	3.7898862	0.0	0.0013707555	0.009961837	9.238772e-05	0.004329016	-0.00081341754	0.00022366119	0.37094566	3.7898862	1.0	0.0	0.0	0.61233974	0.0035034874	180000	93.48036599159241
18	50.258884	11.301542	89.0	32.0	0.4935155	0.13776748	0.9127295	0.18736698	50.258884	3089.6106	0.016261108	22.19475	7.915172	29.354553	0.9032954	0.33524254	0.0069634295	0.34635168	0.27882323	-4.577637e-09	-0.0045293593	1.192093e-10	0.0001165909	48.88965	-11.017216	0.015564212	-8.0510974e-05	5.07191	0.0	0.00139724	0.009890792	-0.00012902214	0.0058263005	-0.0008216606	0.000152431	0.3758547	5.07191	2.0	0.0	0.0	0.5811003	0.00386325	190000	99.10867285728455
19	52.72487	13.543911	119.0	32.0	0.48405635	0.15890391	1.0753291	0.17726153	52.72487	3181.1511	0.015905757	22.37993	9.276437	30.60733	1.8681018	0.32994527	0.007069432	0.34027812	0.2672775	-8.392334e-09	-0.0044071367	-9.536743e-11	0.00027422237	47.959743	-8.440083	0.018818876	-0.00038069114	4.1687946	0.0	0.00075040804	0.009526761	-0.00030239328	0.004853705	-0.00089042756	0.00019322541	0.28065714	4.1687946	2.0	0.0	0.0	0.55260485	0.0033990995	200000	104.70741081237793
20	54.037838	12.566523	103.0	34.0	0.49477398	0.1456695	1.0443294	0.23217915	54.037838	3272.6863	0.01558422	22.972023	10.243826	32.252377	1.4376857	0.314436	0.010968867	0.34523442	0.25148076	2.2888184e-08	-0.0037812178	-7.6293943e-10	5.3608706e-05	37.145645	-4.958538	0.016126096	-0.00012807362	3.988688	0.0	0.0011611588	0.009926262	-9.671031e-05	0.0034519862	-0.0005390465	0.00012684111	0.34202114	3.988688	2.0	0.0	0.0	0.54460216	0.0036671131	210000	110.44162321090698
21	56.106743	12.423468	111.0	35.0	0.4742629	0.14083418	1.0129068	0.15845786	56.106743	3357.1118	0.015259599	23.638296	10.719212	33.436245	1.4217968	0.32481188	0.009136917	0.34726503	0.26568604	7.629395e-09	-0.007015916	6.198883e-10	0.00044966256	34.456886	-4.273905	0.015222973	-0.00028041005	1.0678614	0.0	0.0028757202	0.007247106	-0.00045871682	0.004672496	-0.00037059272	7.6436336e-05	0.6299281	1.0678614	2.0	0.0	0.0	0.5194689	0.004737366	220000	116.1334547996521
22	57.6763	12.375594	107.0	38.0	0.50365627	0.13568409	0.84732753	0.21913734	57.6763	3444.313	0.014975274	24.032364	11.148534	34.598206	1.1006793	0.30878028	0.008345416	0.32686839	0.245487	2.2888185e-09	-0.0031904348	8.5830687e-10	-0.00016265412	32.525543	-3.5881405	0.015352789	-0.00043845363	5.6735005	0.0	0.001129771	0.00991104	6.33929e-05	0.0023517301	-0.00023494854	4.517403e-05	0.33762577	5.6735005	1.0	0.0	0.0	0.49755841	0.002440026	230000	121.79029536247253
23	57.612717	13.7267	129.0	36.0	0.4987161	0.12921289	0.91271305	0.1539688	57.612717	3530.6084	0.014710869	24.664703	11.425675	35.804585	1.1519555	0.32878307	0.013230021	0.3706814	0.2605485	-1.9836426e-08	-0.006136641	-1.9073486e-10	-4.0934565e-06	33.553463	-3.0775871	0.014494455	-0.00013052393	4.4743953	0.0	0.0033346508	0.0099916225	-2.228525e-05	0.004639894	-0.00027816553	5.928096e-05	0.5777064	4.4743953	2.0	0.0	0.0	0.50129485	0.0034701729	240000	125.48709225654602
24	59.628742	14.703248	139.0	40.0	0.4889107	0.13580029	1.0052036	0.17912997	59.628742	3612.2786	0.014449114	25.175093	11.784198	36.686993	0.9106972	0.32077843	0.007973261	0.3368487	0.22357751	-2.1362304e-08	-0.0071321838	-9.536743e-11	0.00016709758	36.094036	-3.6813812	0.014451106	-0.00011878181	1.6535898	0.0	0.0042498126	0.009637713	-0.00018597231	0.0050791157	-0.00028137086	9.546517e-05	0.6640456	1.6535898	2.0	0.0	0.0	0.47335654	0.0041828416	250000	131.09671902656555
25	60.156628	13.80543	108.0	40.0	0.5118832	0.13385278	0.913912	0.20113853	60.156628	3697.26	0.014220231	25.39185	12.114042	37.844807	0.6796279	0.31230512	0.00982957	0.33863693	0.2544417	-7.6293943e-10	-0.0064701107	5.9604643e-10	-0.0002584038	27.709581	-2.4821167	0.0150860045	-0.00019438472	4.9882526	0.0	0.004645953	0.009482045	0.00019753765	0.0053951577	-0.00023757691	7.5336946e-05	0.6999813	4.9882526	1.0	0.0	0.0	0.4484614	0.0034793303	260000	136.70661091804504
26	62.23125	13.022203	114.0	43.0	0.5054232	0.12976511	0.8983712	0.22191602	62.23125	3778.4744	0.013994349	25.96018	12.37154	38.670105	0.23723012	0.32531124	0.011476918	0.3606552	0.26022592	1.411438e-08	-0.007554246	-8.34465e-11	-0.00010088436	25.639957	-2.1994915	0.013508801	-0.00010319799	4.3036757	0.0	0.0055696247	0.009762003	8.714574e-05	0.0057300455	-7.154702e-05	3.1909654e-05	0.75534177	4.3036757	1.0	0.0	0.0	0.45799977	0.003959395	270000	142.34114980697632
27	64.129036	14.0159855	115.0	44.0	0.48678032	0.11833799	0.90407467	0.22904344	64.129036	3853.9685	0.013764173	26.674772	12.608269	39.570534	0.31420863	0.32145604	0.018386645	0.3862476	0.22323677	-1.525879e-08	-0.008829389	0.0	0.00012065315	27.312634	-2.5766277	0.012020869	-0.00038906094	0.0	0.0	0.0070786336	0.008939324	-0.00020614195	0.00730346	-9.490707e-05	4.0063627e-05	0.8546029	0.0	2.0	0.0	0.0	0.42712408	0.004439279	280000	147.96679210662842
28	64.681816	14.592163	130.0	42.0	0.4973356	0.11471212	0.80687195	0.21754459	64.681816	3930.584	0.013553738	26.955128	12.930154	40.54602	0.6818606	0.3062621	0.008901996	0.32689068	0.23997453	2.4414062e-08	-0.008399273	-3.8146972e-10	3.40641e-05	27.222412	-2.301094	0.011735416	-5.414337e-05	0.15449715	0.0	0.0067153387	0.009934052	-4.1192216e-05	0.0067710024	-3.7844376e-05	2.5729398e-05	0.82218724	0.15449715	2.0	0.0	0.0	0.41763103	0.0042029903	290000	153.56974983215332
29	71.11429	21.524101	196.0	45.0	0.48399973	0.13046141	0.8386863	0.16667402	71.11429	3998.3735	0.0133279115	28.23526	13.096238	41.47766	0.6740338	0.31206533	0.009794008	0.3394996	0.24838993	0.0	-0.008351292	0.0	0.00020997047	54.701042	-7.8477745	0.014748912	-0.00067491364	0.0	0.0	0.0059440453	0.0086550545	-0.00022499375	0.006628765	-0.00016053674	3.763883e-05	0.81417227	0.0	2.0	0.0	0.0	0.39727056	0.0043278076	300000	157.11707639694214
30	72.45652	17.182364	129.0	49.0	0.48897564	0.1252995	0.9317932	0.226361	72.45652	4065.853	0.013115655	29.49235	14.057881	43.745663	0.38903716	0.28654492	0.008530953	0.3076292	0.21758117	3.0517577e-09	-0.008177925	-5.722046e-10	0.00014058551	32.640312	-3.0431366	0.012268195	-0.0001653703	0.47426856	0.0	0.005424057	0.008752156	-0.00015215133	0.0063152486	-0.0001285823	1.8552024e-05	0.7872354	0.47426856	2.0	0.0	0.0	0.38462424	0.004269789	310000	162.8064353466034
31	76.184616	19.216894	157.0	48.0	0.47557768	0.12734948	0.7952329	0.17657119	76.184616	4127.784	0.012899325	30.310112	14.182484	44.648705	0.7355404	0.29419005	0.013326001	0.33602458	0.225912	2.1362304e-08	-0.008755737	2.861023e-10	8.524237e-05	38.285362	-4.268261	0.012527281	-0.00031812862	0.0	0.0	0.007042321	0.008172488	-0.00032056757	0.0071035284	-5.8666585e-05	5.6231394e-05	0.84282434	0.0	2.0	0.0	0.0	0.36751294	0.004490244	320000	168.43043541908264
32	75.80153	16.188026	133.0	52.0	0.48373637	0.11229611	0.7671534	0.24379426	75.80153	4191.257	0.012700778	30.545366	14.695928	46.2227	0.6762385	0.27694237	0.010687312	0.30161512	0.17927563	1.5258789e-09	-0.009402313	-3.8146972e-10	3.6592293e-05	25.230476	-2.1379223	0.01027662	-0.00014613941	0.0	0.0	0.007909635	0.006441017	-0.00021455549	0.007915697	-8.85483e-06	1.2934611e-05	0.889702	0.0	2.0	0.0	0.0	0.371791	0.0042263474	330000	174.05439829826355
33	80.314514	19.423285	138.0	48.0	0.47215036	0.124072574	0.853032	0.22108538	80.314514	4249.8574	0.012499581	31.355175	14.830475	46.944557	0.6013718	0.28733927	0.00981755	0.3078023	0.18282315	-1.525879e-08	-0.009789328	9.536744e-10	8.464699e-05	34.259792	-3.6684551	0.0115221115	-0.00023902301	0.0	0.0	0.008785234	0.0061326744	-0.0003467573	0.008952021	-7.2011295e-05	3.109142e-05	0.9461512	0.0	2.0	0.0	0.0	0.36746693	0.0041595763	340000	179.6582155227661
34	83.21008	20.085478	163.0	54.0	0.4772224	0.12467821	0.73092324	0.19738121	83.21008	4306.672	0.012304776	32.456512	15.281459	48.504234	0.9658009	0.2739235	0.0092971455	0.29048434	0.20563401	2.1362304e-08	-0.009857546	-8.493662e-11	4.0184573e-06	35.480537	-3.704441	0.011383883	-6.119162e-05	0.0	0.0	0.009294004	0.00678881	-0.0002737359	0.009332569	2.999838e-05	2.3334445e-05	0.96605223	0.0	2.0	0.0	0.0	0.36223733	0.0043846196	350000	183.33179140090942
35	89.74775	22.110073	169.0	54.0	0.44647232	0.1099541	0.7187726	0.20878214	89.74775	4356.274	0.012100761	34.060825	15.687602	49.92249	0.72134125	0.27262697	0.011900199	0.30426067	0.19340126	-2.0599366e-08	-0.010509845	-4.2915344e-10	-0.00011655786	40.82566	-4.776409	0.009668422	-0.00060100853	0.0	0.0	0.009502149	-0.01086501	-0.0005964237	0.010619017	0.00013798966	1.7048696e-05	1.0304862	0.0	3.0	0.0	0.0	0.34305227	0.0043657026	360000	188.92173528671265
36	91.18349	26.21197	215.0	57.0	0.46884134	0.12299356	0.7563271	0.19303982	91.18349	4407.6177	0.01191248	34.562317	16.216629	51.547382	0.30526888	0.24942793	0.013066199	0.28567633	0.15919241	3.6621095e-08	-0.010023235	5.722046e-10	-8.698807e-05	47.881683	-4.8817253	0.011320194	-0.00010205526	0.0	0.0	0.008548797	-0.0056047663	-0.0003417138	0.009714348	9.338981e-05	7.482863e-06	0.98561394	0.0	3.0	0.0	0.0	0.33246017	0.0044182474	370000	194.5394470691681
37	100.26263	31.75429	244.0	60.0	0.44479433	0.119429976	0.7403489	0.1540337	100.26263	4451.6826	0.011714954	36.65529	16.58215	53.233864	0.94064915	0.2579831	0.01387026	0.29427755	0.16688134	-6.1035155e-09	-0.010176074	-1.9073486e-10	-4.1010477e-05	63.415676	-9.394764	0.011334283	-0.0007145712	0.0	0.0	0.009498275	-0.027326299	-0.00055061065	0.009696293	4.010414e-05	8.1222115e-06	0.9846976	0.0	3.0	0.0	0.0	0.34307647	0.0041141175	380000	200.1167232990265
38	104.072914	30.595903	224.0	63.0	0.4463346	0.1392243	0.9139649	0.19760892	104.072914	4494.534	0.011524446	38.0836	17.386835	55.67393	0.4610798	0.23340823	0.013370393	0.2724168	0.12364173	-2.861023e-09	-0.0104384525	-5.2452087e-10	3.6187314e-05	50.700825	-6.4150543	0.0111923665	-7.728953e-05	0.0	0.0	0.010454088	-0.010937624	-0.00051565195	0.0104682585	-1.3414848e-05	1.2699481e-05	1.0231451	0.0	3.0	0.0	0.0	0.3366102	0.0042195795	390000	205.71837091445923
39	106.935486	30.70176	266.0	72.0	0.44158387	0.11422803	0.695218	0.15055119	106.935486	4535.619	0.011339048	38.89266	17.907675	57.46864	0.35604054	0.2292334	0.016639471	0.27306584	0.113174245	-3.528595e-08	-0.011631442	-4.2915344e-10	3.1562948e-05	46.88433	-4.6162796	0.009020845	-5.10104e-05	0.0	0.0	0.012958483	-0.026029995	-0.0005462745	0.013055496	-2.834613e-05	8.282427e-06	1.1426065	0.0	3.0	0.0	0.0	0.33370793	0.0042096307	400000	211.36614608764648
40	113.579544	31.888557	255.0	71.0	0.42813435	0.11819525	0.74416035	0.17318724	113.579544	4573.2993	0.011154389	40.1498	18.28622	59.058884	0.52819806	0.22453682	0.019436281	0.2803572	0.12077968	1.8310548e-08	-0.011030545	0.0	1.683712e-05	47.064568	-5.790428	0.008851239	-0.00018650386	0.0	0.0	0.011792858	-0.09166883	-0.0006327341	0.011809876	-8.186161e-06	3.937809e-06	1.0867325	0.0	3.0	0.0	0.0	0.32744122	0.0042460775	410000	215.15174674987793
41	124.425	38.939945	345.0	79.0	0.4028015	0.10795708	0.66419363	0.12020783	124.425	4605.577	0.01096566	42.26227	18.725325	60.824593	0.22018135	0.2133146	0.018341336	0.26889616	0.13133954	3.2806398e-08	-0.012074224	7.6293943e-10	-3.5451343e-05	59.781563	-8.500118	0.008320462	-0.00051222695	0.0	0.0	0.013099444	-0.28936696	-0.0007811813	0.0137795545	3.7233985e-05	2.038449e-06	1.1738634	0.0	3.0	0.0	0.0	0.3211112	0.004327944	420000	220.7934215068817
42	125.48101	32.338737	233.0	76.0	0.41645065	0.1074843	0.6667893	0.19031495	125.48101	4638.4897	0.010787185	43.195805	19.3456	63.057667	0.70380485	0.19706312	0.012956586	0.22612824	0.109213	-1.2207031e-08	-0.012053851	7.6293943e-10	8.953476e-06	40.454285	-4.976143	0.0069080866	-0.00013696449	0.0	0.0	0.014022771	-0.06688464	-0.0006658326	0.014038307	-9.464753e-06	5.7662114e-06	1.1848336	0.0	3.0	0.0	0.0	0.32066584	0.00423757	430000	226.37720799446106
43	140.60564	37.525383	254.0	91.0	0.38582274	0.10722232	0.66946495	0.18198077	140.60564	4665.8955	0.010604308	45.24023	19.49182	64.644196	0.46514463	0.19778194	0.018434253	0.24916409	0.09381364	1.1062622e-08	-0.012653361	4.842877e-10	1.0387995e-05	50.93668	-9.532055	0.006609575	-0.0005889423	0.0	0.0	0.015909184	-0.07981789	-0.00081203895	0.01591056	-3.17832e-06	7.3416027e-06	1.2613708	0.0	3.0	0.0	0.0	0.30852282	0.004180593	440000	232.0299141407013
44	159.85484	48.791145	319.0	89.0	0.35844505	0.112284355	0.629966	0.17433348	159.85484	4688.2563	0.010418347	48.59758	20.207788	67.02041	0.40838975	0.17337283	0.021361027	0.22765741	0.08191237	3.8146974e-09	-0.0129262945	1.4305115e-10	-6.9103626e-05	69.41055	-13.867905	0.0070027504	-0.0005726218	0.0	0.0	0.015104565	-0.15896124	-0.0008855218	0.01664545	8.4565036e-05	4.6409987e-06	1.2901725	0.0	3.0	0.0	0.0	0.30449307	0.004169359	450000	237.63737082481384
45	179.6	60.24544	393.0	113.0	0.3428311	0.09677411	0.53539604	0.13946632	179.6	4707.1206	0.0102328705	51.304665	20.632324	69.70808	0.70144594	0.15189679	0.017356254	0.1990499	0.050368927	-1.9836426e-08	-0.012534567	3.8146972e-10	4.0316485e-05	81.37751	-20.41946	0.005704701	-0.00037517538	0.0	0.0	0.014090473	-0.28542283	-0.00087510515	0.01535449	-5.724199e-05	2.5922473e-06	1.2391324	0.0	3.0	0.0	0.0	0.2933532	0.0041908277	460000	243.32742834091187
46	186.1132	48.907177	343.0	107.0	0.32558006	0.08571333	0.54191357	0.15482886	186.1132	4724.412	0.010051941	53.73028	21.55333	72.92771	0.34124345	0.13330379	0.012949288	0.16843875	0.05517876	2.5939942e-08	-0.01440227	4.7683715e-11	-4.1733074e-05	52.547974	-8.463661	0.00390937	-7.410068e-05	0.0	0.0	0.018424783	-0.33144906	-0.0009371712	0.020200223	6.757858e-05	2.572243e-06	1.4212749	0.0	3.0	0.0	0.0	0.29098272	0.004412166	470000	246.93656706809998
47	211.48936	66.56236	378.0	128.0	0.31380072	0.100573346	0.51701224	0.1513931	211.48936	4739.167	0.0098732645	55.92783	21.769787	74.87964	0.80879354	0.1261681	0.010884007	0.15495153	0.05958959	2.4414062e-08	-0.015717568	-1.9073486e-10	-4.234848e-05	68.623474	-17.53907	0.004663844	-0.00029627	0.0	0.0	0.021004135	-0.4609229	-0.0008804191	0.023995915	7.0174516e-05	1.6459973e-06	1.5490615	0.0	3.0	0.0	0.0	0.28002012	0.004320184	480000	252.50925493240356
48	236.9762	73.97216	457.0	144.0	0.2968706	0.08760042	0.47448632	0.14359489	236.9762	4751.6406	0.009697226	58.873093	22.117517	77.65362	0.7656089	0.11040195	0.008436509	0.1306143	0.046052247	7.6293943e-10	-0.017030982	0.0	-4.045911e-05	67.64518	-17.806908	0.0035343936	-0.00021784962	0.0	0.0	0.026468406	-0.27464455	-0.0008571722	0.02843225	7.11984e-05	2.5812692e-06	1.6861866	0.0	3.0	0.0	0.0	0.27578974	0.0045114267	490000	258.11438751220703
49	284.7143	96.354576	523.0	147.0	0.27933526	0.09504833	0.6003627	0.1395364	284.7143	4761.4243	0.009522849	62.559044	22.329643	80.413086	0.12715518	0.09515365	0.0069801295	0.11212534	0.044234745	-4.4250488e-08	-0.018945957	0.0	-2.6121903e-05	76.57337	-26.519024	0.0033297462	-0.0003108452	0.0	0.0	0.034003727	-0.5450199	-0.0007750392	0.03531718	3.7703074e-05	1.0822779e-06	1.8792865	0.0	3.0	0.0	0.0	0.27067184	0.0044800406	500000	263.7404935359955
50	354.7143	114.25281	619.0	193.0	0.25620362	0.090583704	0.44048166	0.124411635	354.7143	4768.621	0.009350237	67.51591	22.1564	83.57311	0.3756987	0.07830866	0.009549511	0.103736974	0.041845992	3.2043456e-08	-0.019553993	-1.9073486e-10	-1.0435295e-05	76.48539	-29.476757	0.002515311	-0.00038217474	0.0	0.0	0.037344754	-0.82702315	-0.0006873035	0.03834768	2.379109e-05	5.643644e-07	1.9582564	0.0	3.0	0.0	0.0	0.26589894	0.0045155054	510000	269.4820899963379
51	415.75	100.220695	582.0	221.0	0.23412251	0.06347423	0.3861468	0.14204143	415.75	4774.249	0.009181248	70.662834	22.272903	86.63011	0.4349742	0.05478523	0.007036673	0.07791113	0.023746435	-2.746582e-08	-0.021968523	-4.7683715e-11	-1.0126699e-05	68.57714	-29.240257	0.0014946188	-0.00034256047	0.0	0.0	0.046152644	-1.0436331	-0.0006395129	0.04705714	1.8737337e-05	3.881586e-07	2.1692657	0.0	3.0	0.0	0.0	0.26058495	0.004692197	520000	273.2095944881439
52	491.25	159.00531	965.0	280.0	0.2347358	0.0531122	0.3646695	0.15967296	491.25	4778.957	0.0090169	74.78049	21.90406	89.31476	0.24740851	0.046547472	0.008866614	0.07174953	0.0073100636	2.2888184e-08	-0.023569556	0.0	-7.58872e-06	56.889774	-25.404425	0.00088702166	-7.079088e-05	0.0	0.0	0.055691477	-1.104357	-0.00053997803	0.056026295	9.359857e-06	2.6165426e-07	2.3669875	0.0	3.0	0.0	0.0	0.2602234	0.0046517076	530000	278.89216899871826
53	909.2	149.34511	1000.0	579.0	0.09320605	0.06823858	0.23317604	0.030289512	909.2	4779.9985	0.0088518495	87.43723	11.83334	91.70061	0.91361433	0.042365603	0.009196289	0.07991738	-0.00039262837	3.967285e-08	-0.023602577	-1.6763807e-10	2.9407286e-06	71.1719	-46.68463	0.0009918608	-0.00089313934	0.0	0.0	0.051718857	-8.762169	-0.00044741965	0.054967154	-8.609728e-06	2.2820393e-08	2.3445075	0.0	3.0	0.0	0.0	0.256765	0.0045292466	540000	284.56350326538086
54	1000.0	0.0	1000.0	1000.0	0.05382949	0.021497231	0.10632623	0.031569008	1000.0	4780.537	0.0086918855	94.43061	1.8069897	94.92467	74.179115	0.011805136	0.007105367	0.039710473	-0.011744737	-3.6621095e-08	-0.013659663	7.152558e-11	-1.5982986e-06	27.270693	-19.825972	9.059743e-05	-6.135239e-05	0.0	0.0	0.029664682	-6.525411	-0.0004461705	0.030642927	5.4586867e-06	3.0459923e-08	1.7505121	0.0	3.0	0.0	0.0	0.25572705	0.002829253	550000	290.20121932029724
55	1000.0	0.0	1000.0	1000.0	0.041639138	0.01826939	0.08295913	0.016531989	1000.0	4780.9536	0.008537417	97.04803	0.07063276	97.09756	96.15959	0.003621032	0.003886781	0.016251933	-0.015532924	4.096985e-07	-0.010293746	-2.9802324e-11	3.3435404e-06	7.4203796	-5.0747614	2.6438958e-05	-5.8568694e-06	0.0	0.0	0.012434872	-22.753193	-0.00045836085	0.019530328	-8.092469e-06	9.229578e-09	1.3975096	0.0	3.0	0.0	0.0	0.25298452	0.0024844878	560000	295.84515619277954
56	1000.0	0.0	1000.0	1000.0	0.04294884	0.016744982	0.071332395	0.02215853	1000.0	4781.383	0.008388391	98.30692	0.033682194	98.33304	97.89134	0.0034279877	0.0033123929	0.013201755	-0.020860314	-1.8882751e-08	-0.0063476847	-1.4528632e-11	1.4403183e-06	2.445342	-1.6909044	1.7796021e-05	-3.257098e-06	0.0	0.0	0.0036842756	-9.645406	-0.00045705115	0.0037810765	-1.4471692e-06	2.1635108e-08	0.6149046	0.0	3.0	0.0	0.0	0.24181724	0.003972374	570000	301.4653158187866
57	1000.0	0.0	1000.0	1000.0	0.04355036	0.008131287	0.055791106	0.029152526	1000.0	4781.8184	0.008244514	99.04178	0.017021945	99.058	98.759224	0.0032057636	0.0025513293	0.01004782	-0.0156629	8.106232e-07	-0.006264173	1.3411045e-11	-3.4248337e-06	0.781396	-0.5504534	1.3106045e-05	-1.4698635e-06	0.0	0.0	0.0043660696	-27.487476	-0.00045644963	0.005214198	2.5349962e-06	7.576923e-09	0.72209406	0.0	3.0	0.0	1.0	0.22441697	0.0030031072	580000	305.16793274879456
58	1000.0	0.0	1000.0	1000.0	0.034811474	0.007417173	0.049627066	0.025389588	1000.0	4782.1665	0.0081053665	99.46632	0.011887182	99.47918	99.30596	0.0022098746	0.002220321	0.007825126	-0.017238865	-2.0627975e-07	-0.0073218876	8.940697e-12	5.250519e-06	0.24274722	-0.17425539	9.4350025e-06	-7.620647e-07	0.0	0.0	0.0058783437	-11.927137	-0.00046518852	0.006649862	-3.7398315e-06	1.8128329e-08	0.8154669	0.0	3.0	0.0	0.0	0.2110672	0.0040460643	590000	310.80768489837646
59	1000.0	0.0	1000.0	1000.0	0.034878463	0.008515971	0.052956253	0.025131706	1000.0	4782.515	0.007970858	99.709755	0.009187191	99.720566	99.57032	0.0022414944	0.0019011216	0.006939676	-0.009648031	-5.493164e-08	-0.0070675444	4.4703486e-12	1.288546e-06	0.07179554	-0.0524524	8.198e-06	-4.029116e-07	0.0	0.0	0.0070057553	-19.072176	-0.00046512153	0.007118733	-1.1317458e-06	1.1337178e-08	0.84372586	0.0	3.0	0.0	0.0	0.1817286	0.00478679	600000	316.48389768600464
60	1000.0	0.0	1000.0	1000.0	0.033567123	0.007941271	0.04285362	0.020948121	1000.0	4782.851	0.00784074	99.846176	0.007911461	99.85521	99.73433	0.0021250665	0.0016818658	0.0055194334	-0.012102985	-1.6326905e-07	-0.00602088	5.2154062e-12	5.0863326e-07	0.020278824	-0.015107188	6.9054468e-06	-4.4226408e-07	0.0	0.0	0.0032345725	-16.005995	-0.00046643286	0.0038332324	-2.85169e-06	1.3583896e-08	0.619131	0.0	3.0	0.0	0.0	0.1451726	0.0037457177	610000	322.26450991630554
61	1000.0	0.0	1000.0	1000.0	0.0358758	0.015591031	0.065407574	0.020073531	1000.0	4783.2095	0.007714854	99.92063	0.008101481	99.93006	99.66533	0.0014851041	0.0015856659	0.0043514976	-0.012278222	2.2888184e-08	-0.005696208	7.450581e-12	9.058863e-07	0.0054397928	-0.004082522	6.659741e-06	-1.9413574e-07	0.0	0.0	0.004959169	-25.732367	-0.0004641242	0.006002452	-2.9546848e-06	8.367967e-09	0.77475494	0.0	3.0	0.0	0.0	0.10404885	0.0020038115	620000	327.9301323890686
62	1000.0	0.0	1000.0	1000.0	0.024310797	0.007692413	0.042800944	0.016108634	1000.0	4783.4526	0.007592782	99.96077	0.0052977526	99.96897	99.836525	0.001505416	0.0013637795	0.0039563286	-0.0121903205	1.2397766e-08	-0.006933325	-8.195639e-12	4.504171e-06	0.0013473005	-0.0010238232	3.925129e-06	-9.942096e-08	0.0	0.0	0.0029622277	-45.42968	-0.00047568922	0.0067469473	-4.3413274e-06	4.979794e-09	0.821398	0.0	3.0	0.0	1.0	0.07008588	0.0039182566	630000	333.5765016078949
63	1000.0	0.0	1000.0	1000.0	0.032428037	0.009768483	0.046592735	0.019722097	1000.0	4783.7773	0.007474652	99.981445	0.0051516783	99.988235	99.882454	0.0016565918	0.0012936095	0.004383805	-0.010038753	-3.1280518e-08	-0.0041285222	-1.04308125e-11	6.160498e-07	0.00031952714	-0.00022697344	5.1684583e-06	-1.199237e-07	0.0	0.0	0.0023635793	-42.826416	-0.00046757198	0.0028366474	-1.5538309e-06	5.1036846e-09	0.5326019	0.0	3.0	0.0	0.0	0.03672898	0.0035723248	640000	337.2480776309967
64	1000.0	0.0	1000.0	1000.0	0.029465416	0.012219325	0.061210405	0.019444874	1000.0	4784.072	0.0073601105	99.991585	0.004583633	99.998024	99.81408	0.0015564781	0.0011907339	0.0033622668	-0.009945571	2.5177002e-08	-0.004720786	1.4342368e-11	3.1989089e-06	8.153268e-05	-4.7844416e-05	4.093106e-06	-6.8384e-08	0.0	0.0	0.0053156447	-36.75775	-0.0004705346	0.0057907384	-1.6914049e-06	6.0216583e-09	0.76096904	0.0	3.0	0.0	2.0	-0.009598613	0.002737804	650000	342.8598828315735
65	1000.0	0.0	1000.0	1000.0	0.041790824	0.019618232	0.08776555	0.025533607	1000.0	4784.4897	0.007249227	99.99638	0.0052959714	100.00211	99.68	0.0015822488	0.0011296587	0.003356927	-0.010510018	-3.0517577e-09	-0.0037382904	7.450581e-12	3.0980789e-06	3.9976214e-05	-9.832664e-06	6.06876e-06	-5.6945737e-08	0.0	0.0	0.0046861595	-13.42428	-0.0004582092	0.0063027386	-5.026377e-06	1.5628352e-08	0.7938979	0.0	3.0	0.0	1.0	-0.025450826	0.003274556	660000	348.5094368457794
66	1000.0	0.0	1000.0	1000.0	0.037743375	0.014945312	0.07256949	0.020353718	1000.0	4784.867	0.007141593	99.9985	0.004068849	100.00414	99.803085	0.0014877026	0.0010816097	0.003078288	-0.008801746	-1.9073487e-09	-0.008761424	7.450581e-12	1.125409e-05	1.870725e-05	-1.6448666e-06	5.125864e-06	-4.9901246e-08	0.0	0.0	0.0059529054	-21.092506	-0.0004622566	0.010562286	-6.831835e-06	1.0125866e-08	1.0277299	0.0	3.0	0.0	2.0	-0.046497345	0.0035309899	670000	354.12353777885437
67	1000.0	0.0	1000.0	1000.0	0.033173673	0.012162106	0.06170204	0.019971177	1000.0	4785.1987	0.007037057	99.99964	0.0038954052	100.00512	99.834526	0.0015159199	0.0010652746	0.0029113973	-0.0070703533	-6.2942505e-09	-0.0022029236	7.450581e-12	4.0428804e-06	1.5645273e-05	-7.451308e-08	4.507555e-06	-6.717346e-08	0.0	0.0	0.0011311403	-41.425564	-0.0004668263	0.0012019605	-6.1030534e-07	5.2594147e-09	0.346693	0.0	3.0	0.0	1.0	-0.05254507	0.003599048	680000	359.7496724128723
68	1000.0	0.0	1000.0	1000.0	0.029407775	0.007482902	0.043236557	0.019391522	1000.0	4785.4927	0.006935497	99.9998	0.0033480045	100.004974	99.89958	0.0015923419	0.00096190744	0.0030077142	-0.007028072	-6.1035155e-09	-0.004034316	-1.3038516e-12	3.0813342e-06	1.1489283e-05	-8.1618055e-09	3.4251332e-06	-5.46097e-08	0.0	0.0	0.0019635449	-55.517544	-0.00047059223	0.0021958516	-9.625461e-07	3.9882377e-09	0.46859914	0.0	3.0	0.0	0.0	-0.07277107	0.004367808	690000	365.36239647865295
69	1000.0	0.0	1000.0	1000.0	0.029381096	0.008542746	0.051152747	0.020344881	1000.0	4785.7866	0.006836838	100.00004	0.0031045107	100.00496	99.85907	0.001611011	0.0008857365	0.0028755022	-0.008694152	6.1035155e-09	-0.005606172	1.2293458e-11	1.9115378e-06	9.979931e-06	-1.4988473e-09	3.4887291e-06	-4.7478807e-08	0.0	0.0	0.0035149571	-53.06677	-0.0004706189	0.0037935553	-1.0782172e-06	4.1728643e-09	0.61591846	0.0	3.0	0.0	0.0	-0.13260722	0.0037966287	700000	369.0280292034149
70	1000.0	0.0	1000.0	1000.0	0.031296756	0.010356584	0.05652514	0.020350369	1000.0	4786.0996	0.0067409854	100.0003	0.003128549	100.00483	99.854385	0.0015365982	0.000830882	0.0026700306	-0.0069336467	-7.6293943e-10	-0.0040637488	2.2351743e-12	6.2778436e-06	1.0019844e-05	-4.7275535e-09	3.4220714e-06	-4.7002004e-08	0.0	0.0	0.0024339994	-53.333588	-0.00046870325	0.0027606	-1.1597525e-06	4.1182595e-09	0.5254141	0.0	3.0	0.0	1.0	-0.17599332	0.0044133766	710000	374.7808268070221
71	1000.0	0.0	1000.0	1000.0	0.030138161	0.008528924	0.044159137	0.022162195	1000.0	4786.401	0.006647779	100.0004	0.0024684144	100.00453	99.90633	0.001546763	0.0007880377	0.002591348	-0.0077456324	-1.5258789e-09	-0.0041456805	-6.239861e-12	6.989392e-07	6.527473e-06	-1.515532e-07	3.251019e-06	-3.127184e-08	0.0	0.0	0.0031101014	-43.846157	-0.00046986184	0.003414965	-1.2388185e-06	5.0339604e-09	0.584377	0.0	3.0	0.0	1.0	-0.20993865	0.0041007693	720000	380.39791893959045
72	1000.0	0.0	1000.0	1000.0	0.02625004	0.006350649	0.04015084	0.018435853	1000.0	4786.6636	0.0065570734	100.00033	0.0019159222	100.00466	99.94306	0.0015051574	0.00072111824	0.002500201	-0.0050730854	1.4305115e-09	-0.0047377152	8.195639e-12	1.0433525e-06	3.763163e-06	-4.826461e-09	2.7030162e-06	-1.7554612e-08	0.0	0.0	0.0022554025	-173.2551	-0.00047374997	0.0024754978	-5.339482e-07	1.2953506e-09	0.49754375	0.0	3.0	0.0	0.0	-0.23188281	0.0038127755	730000	385.9930911064148
73	1000.0	0.0	1000.0	1000.0	0.034519993	0.017149089	0.073610954	0.019348472	1000.0	4787.009	0.0064689307	100.00043	0.0031695885	100.00374	99.78523	0.0014716231	0.000658324	0.0024177074	-0.0076201577	-4.577637e-09	-0.0025839293	4.8428774e-12	5.8446826e-06	1.02936e-05	-8.664847e-08	3.9431625e-06	-3.3714514e-08	0.0	0.0	0.00083605514	-38.586884	-0.00046548	0.0012128958	-1.4544668e-06	5.613708e-09	0.34826654	0.0	3.0	0.0	1.0	-0.28623235	0.003101889	740000	391.6211655139923
74	1000.0	0.0	1000.0	1000.0	0.034024663	0.0133664785	0.060209777	0.01997186	1000.0	4787.349	0.006383132	100.000275	0.0028194177	100.00392	99.88406	0.0014146984	0.00062490714	0.0023380704	-0.005513183	-5.340576e-09	-0.0024854287	8.381903e-12	2.4850451e-06	7.999328e-06	-3.7252903e-09	3.239228e-06	-4.312915e-08	0.0	0.0	0.0012605989	-186.20967	-0.00046597535	0.0014496158	-4.6946212e-07	1.1660047e-09	0.3807382	0.0	3.0	0.0	0.0	-0.31583452	0.0046395273	750000	395.28138875961304
75	1000.0	0.0	1000.0	1000.0	0.033868548	0.017332623	0.08308197	0.020291459	1000.0	4787.6875	0.006299589	100.00035	0.0026058522	100.00384	99.812164	0.0014737113	0.0005690262	0.0023560377	-0.007781806	-3.8146974e-09	-0.005877166	1.4156103e-11	8.253231e-06	6.9427215e-06	-3.419018e-08	3.640309e-06	-2.554134e-08	0.0	0.0	0.009721193	-7.9073434	-0.00046613146	0.020031132	-1.6820803e-05	2.7443363e-08	1.4153138	0.0	3.0	0.0	2.0	-0.3654077	0.0028539924	760000	400.89308190345764
76	1000.0	0.0	1000.0	1000.0	0.040479176	0.020946125	0.090537116	0.019993475	1000.0	4788.0923	0.0062183016	100.00021	0.0037146236	100.003365	99.75717	0.0014737665	0.00059366395	0.0023530752	-0.0070664682	-1.8310548e-08	-0.0045823227	2.477318e-11	3.7175785e-06	1.3850525e-05	-8.385541e-10	4.4845633e-06	-8.0562586e-08	0.0	0.0	0.0023737564	-56.240086	-0.00045952082	0.00274639	-1.1827271e-06	3.753939e-09	0.52406013	0.0	3.0	0.0	0.0	-0.3704363	0.003269683	770000	406.5055956840515
77	1000.0	0.0	1000.0	1000.0	0.03593674	0.016640613	0.07348514	0.021805177	1000.0	4788.4517	0.0061390405	100.00022	0.0029630552	100.00359	99.83678	0.0014801673	0.00056474615	0.0024746566	-0.006400835	-5.340576e-09	-0.005195801	4.284084e-12	6.7307215e-06	8.8298575e-06	-3.3078322e-09	3.6698934e-06	-5.4056954e-08	0.0	0.0	0.008614657	-41.83281	-0.00046406325	0.011890911	-4.1063454e-06	5.1467555e-09	1.0904546	0.0	3.0	0.0	2.0	-0.39114094	0.004568894	780000	412.1670632362366
78	1000.0	0.0	1000.0	1000.0	0.038203515	0.008964249	0.05268492	0.027485555	1000.0	4788.834	0.006061815	100.00024	0.0023261697	100.00361	99.895424	0.0015005552	0.00055180147	0.0025189165	-0.004552812	6.1035155e-09	-0.0065051834	5.9604643e-12	1.3084397e-06	5.51719e-06	-6.8803274e-09	3.846568e-06	-3.224227e-08	0.0	0.0	0.0035174922	-60.263824	-0.0004617965	0.003517646	-2.3331594e-08	3.53812e-09	0.5930975	0.0	3.0	0.0	0.0	-0.40345824	0.004625492	790000	417.82635617256165
79	1000.0	0.0	1000.0	1000.0	0.039887767	0.021298725	0.07847803	0.020376151	1000.0	4789.233	0.005986541	100.00029	0.0035551835	100.003555	99.80958	0.0015677963	0.0005721391	0.0026569883	-0.0057707503	7.6293943e-10	-0.008142728	-1.4901161e-12	1.0420465e-05	1.28019365e-05	-4.8547008e-08	4.261137e-06	-5.626771e-08	0.0	0.0	0.004822078	-23.104273	-0.00046011223	0.012868665	-8.584787e-06	9.158985e-09	1.1344014	0.0	3.0	0.0	1.0	-0.4191376	0.004888379	800000	423.52942299842834
80	1000.0	0.0	1000.0	1000.0	0.02796323	0.0074832984	0.047237217	0.0203117	1000.0	4789.512	0.005912978	100.00024	0.0022720236	100.00352	99.9042	0.0014459385	0.00058162183	0.0025498492	-0.0058072517	-1.1444092e-09	-0.012160633	-1.4528632e-11	1.1385938e-05	5.2399473e-06	-1.5083515e-08	2.5374895e-06	-2.8575641e-08	0.0	0.0	0.01733623	-30.933165	-0.00047203677	0.025720015	-7.769866e-06	7.2009025e-09	1.603746	0.0	3.0	0.0	1.0	-0.4251814	0.004623387	810000	427.33447313308716
81	1000.0	0.0	1000.0	1000.0	0.032978285	0.013004717	0.06297368	0.022060763	1000.0	4789.8423	0.005841271	100.00009	0.0026457969	100.00411	99.84885	0.0014179733	0.00058630365	0.002565144	-0.0048227087	-2.670288e-09	-0.0015507139	1.3411045e-11	3.982786e-06	7.059688e-06	-1.6143531e-10	3.3654094e-06	-3.7608743e-08	0.0	0.0	0.004605653	-73.94541	-0.00046702172	0.0047885445	-7.344265e-07	2.9491996e-09	0.6919931	0.0	3.0	0.0	1.0	-0.43090606	0.00488841	820000	432.94943141937256
82	1000.0	0.0	1000.0	1000.0	0.028396556	0.009429475	0.04749503	0.021471359	1000.0	4790.126	0.005771236	100.00014	0.0016281569	100.00343	99.93364	0.001553151	0.0005563798	0.0030557488	-0.0038691764	-7.6293943e-10	-0.0054208413	-4.6566128e-12	1.0944394e-06	2.7534743e-06	-5.900347e-10	2.713783e-06	-1.7168986e-08	0.0	0.0	0.00308961	-72.37345	-0.00047160345	0.0032181835	-6.285399e-07	3.0726608e-09	0.56729037	0.0	3.0	0.0	0.0	-0.45193112	0.004799889	830000	438.54622626304626
83	1000.0	0.0	1000.0	1000.0	0.03564837	0.008180514	0.04690988	0.022004478	1000.0	4790.4824	0.005702955	100.000206	0.0026554894	100.0036	99.89309	0.0015721613	0.00053684175	0.0028036986	-0.0037127584	-6.866455e-09	-0.01013427	1.0151416e-11	2.4506753e-06	7.1148233e-06	-1.4319539e-08	2.864374e-06	-4.7741196e-08	0.0	0.0	0.01238101	-139.57248	-0.00046435161	0.012416133	-2.3293245e-07	1.5447672e-09	1.114277	0.0	3.0	0.0	1.0	-0.49782097	0.003969159	840000	444.19732904434204
84	1000.0	0.0	1000.0	1000.0	0.032604482	0.01897526	0.07106094	0.021122476	1000.0	4790.8086	0.0056362455	100.00021	0.0028762016	100.00332	99.827934	0.0014885023	0.0005370201	0.0032074903	-0.005536442	-5.340576e-09	-0.009178087	1.3783574e-11	2.123863e-05	8.359079e-06	-1.0224539e-08	3.237835e-06	-4.1253998e-08	0.0	0.0	0.0047094068	-7.910902	-0.00046739553	0.014256168	-1.6226515e-05	2.7580013e-08	1.193992	0.0	3.0	0.0	1.0	-0.5056908	0.0032660926	850000	449.88885378837585
85	1000.0	0.0	1000.0	1000.0	0.03621708	0.014629086	0.062180225	0.02212006	1000.0	4791.171	0.005571129	100.00021	0.0026178588	100.003235	99.86997	0.0014308736	0.00052903197	0.0034397354	-0.0055097635	-6.1035155e-09	-0.0030700304	8.195639e-12	1.3275162e-06	6.9004304e-06	-1.7680577e-09	3.2843247e-06	-4.310732e-08	0.0	0.0	0.002088407	-93.370575	-0.0004637829	0.0022263872	-5.6376047e-07	2.3034188e-09	0.47184607	0.0	3.0	0.0	0.0	-0.5135362	0.0026458574	860000	455.52493119239807
86	1000.0	0.0	1000.0	1000.0	0.03619489	0.017185992	0.07891964	0.020474473	1000.0	4791.5327	0.0055075088	100.00026	0.0028797814	100.00341	99.797615	0.0015259052	0.00049870077	0.0038061547	-0.004460219	6.1035155e-09	-0.0022596447	-5.5879357e-13	3.957934e-06	8.38808e-06	-5.7610123e-08	3.6677227e-06	-1.8458195e-08	0.0	0.0	0.0018172734	-101.14448	-0.0004638051	0.0023171804	-1.0310687e-06	2.1266007e-09	0.48137102	0.0	3.0	0.0	2.0	-0.5574057	0.0025776566	870000	459.1658101081848
87	1000.0	0.0	1000.0	1000.0	0.029519249	0.008540572	0.046762217	0.02083778	1000.0	4791.828	0.005445259	100.000114	0.0015686637	100.00334	99.91504	0.0014950733	0.0005090023	0.0036837268	-0.0032051522	-4.577637e-09	-0.0056310487	4.4703486e-12	5.3097006e-07	2.501832e-06	-1.718945e-10	2.6513712e-06	-1.2895498e-08	0.0	0.0	0.0068190256	-167.26787	-0.00047048074	0.006896301	-3.197746e-07	1.3232602e-09	0.83043975	0.0	3.0	0.0	2.0	-0.57640326	0.003914904	880000	464.7890057563782
88	1000.0	0.0	1000.0	1000.0	0.03346213	0.012037198	0.056036267	0.02041145	1000.0	4792.1626	0.005384452	100.00015	0.0021524623	100.00286	99.90086	0.0015381854	0.00051346305	0.004147842	-0.003803063	-8.010864e-09	-0.008640969	9.685755e-12	5.8198057e-06	4.7062144e-06	-1.2369128e-10	2.7594847e-06	-4.10364e-08	0.0	0.0	0.0065000714	-106.52729	-0.00046653787	0.009403686	-2.4355977e-06	2.0430178e-09	0.9697261	0.0	3.0	0.0	3.0	-0.5885979	0.0041632527	890000	470.4427647590637
89	1000.0	0.0	1000.0	1000.0	0.028950432	0.0074858777	0.03963961	0.020962505	1000.0	4792.452	0.0053249467	100.0002	0.0015585768	100.00324	99.936745	0.0014094649	0.0005120567	0.0039504403	-0.003130087	-4.196167e-09	-0.0028961864	-2.2351743e-12	-5.78497e-07	2.5336708e-06	-5.050606e-08	2.406121e-06	-1.0732947e-08	0.0	0.0	0.002216018	-113.028076	-0.00047104957	0.0022581727	-2.8765828e-07	1.9629465e-09	0.47520235	0.0	3.0	0.0	2.0	-0.59491646	0.0039996263	900000	476.0677447319031
90	1000.0	0.0	1000.0	1000.0	0.027560359	0.008044075	0.042234704	0.019161845	1000.0	4792.7275	0.0052667335	100.00003	0.0018465151	100.002815	99.922264	0.001420014	0.0005192296	0.004541874	-0.0050481176	7.6293943e-10	-0.0045395684	-9.825453e-12	2.353654e-06	3.4804034e-06	-8.992629e-10	2.0740054e-06	-2.9496277e-08	0.0	0.0	0.004355202	-106.78536	-0.00047243966	0.0061623184	-1.9434044e-06	2.089971e-09	0.7850044	0.0	3.0	0.0	2.0	-0.61959827	0.0029881631	910000	481.81195855140686
91	1000.0	0.0	1000.0	1000.0	0.025546592	0.008887754	0.0452535	0.017126048	1000.0	4792.9834	0.0052097645	100.0	0.0019992196	100.002884	99.9136	0.0012964981	0.0005140142	0.0040316014	-0.0042941244	-1.373291e-08	-0.006831255	2.682209e-11	3.4530483e-06	4.03919e-06	-1.2410055e-09	1.737925e-06	-1.1845259e-08	0.0	0.0	0.0054944633	-70.03057	-0.0004744534	0.010108743	-3.8509747e-06	3.2139376e-09	1.0054225	0.0	3.0	0.0	3.0	-0.630412	0.003724351	920000	485.49845004081726
92	1000.0	0.0	1000.0	1000.0	0.030342814	0.013558149	0.05643045	0.01824955	1000.0	4793.2866	0.005154072	99.999916	0.0028424934	100.002785	99.83532	0.0012421669	0.0005480049	0.0044745305	-0.0045600827	4.577637e-09	-0.0028462335	5.9604643e-12	-7.6240303e-07	8.129797e-06	-2.750312e-09	2.178758e-06	-2.3215534e-08	0.0	0.0	0.008766064	-33.083897	-0.00046965719	0.011276288	-4.090376e-06	6.6652137e-09	1.0618987	0.0	3.0	0.0	2.0	-0.6281725	0.004199164	930000	491.17408061027527
93	1000.0	0.0	1000.0	1000.0	0.028996479	0.012720955	0.047675554	0.016568828	1000.0	4793.5767	0.0050995494	99.99995	0.002426637	100.00304	99.889206	0.0011262139	0.00055821345	0.004490856	-0.004151107	3.223419e-08	-0.010232594	-2.4586916e-11	7.9457095e-06	5.9491517e-06	-2.9526745e-09	2.055049e-06	-2.2270115e-08	0.0	0.0	0.0061049815	-92.2358	-0.00047100353	0.006999883	-1.4670281e-06	2.4049258e-09	0.83665305	0.0	3.0	0.0	1.0	-0.63983023	0.0026614773	940000	496.9241900444031
94	1000.0	0.0	1000.0	1000.0	0.04024405	0.014236198	0.06994177	0.02270541	1000.0	4793.979	0.0050462936	99.99994	0.0036569855	100.00303	99.80702	0.0012081806	0.0005629684	0.0048928736	-0.0054681655	1.373291e-08	-0.0024497132	-1.1920929e-11	5.957477e-06	1.3432269e-05	-5.3660187e-09	3.5261676e-06	-2.6029738e-08	0.0	0.0	0.001254545	-38.837906	-0.00045975595	0.001692599	-1.5438583e-06	5.4411053e-09	0.4114121	0.0	3.0	0.0	0.0	-0.64437306	0.0020107967	950000	502.69361329078674
95	1000.0	0.0	1000.0	1000.0	0.031391207	0.021895498	0.09282493	0.016181806	1000.0	4794.293	0.0049940553	99.99997	0.0032042125	100.00287	99.740295	0.0012492588	0.00057794614	0.005305648	-0.014469583	1.3351441e-08	-0.019305803	-1.937151e-11	2.4209849e-05	1.0284914e-05	-4.4128683e-09	2.9662608e-06	-3.354353e-08	0.0	0.0	0.016240329	-3.479181	-0.0004686088	0.074548475	-6.0577775e-05	6.293575e-08	2.7303567	0.0	3.0	0.0	2.0	-0.6631812	0.003425858	960000	508.61449432373047
96	1000.0	0.0	1000.0	1000.0	0.03554176	0.018816017	0.076724954	0.01663346	1000.0	4794.6484	0.0049429364	99.999916	0.0035541754	100.00297	99.79345	0.0012367743	0.0005907562	0.0054515298	-0.0043560886	4.6157837e-08	-0.05656148	-3.054738e-11	5.203523e-05	1.2710532e-05	-8.653842e-09	3.2721784e-06	-4.0294935e-08	0.0	0.0	0.017638186	-13.359009	-0.00046445822	0.047153555	-2.1823336e-05	1.6135933e-08	2.1714869	0.0	3.0	0.0	0.0	-0.6601211	0.0021274146	970000	514.4804697036743
97	1000.0	0.0	1000.0	1000.0	0.023594359	0.011272695	0.050095234	0.015473403	1000.0	4794.8843	0.004892739	99.99994	0.0021623021	100.00289	99.86653	0.0012485168	0.00058528245	0.0049054143	-0.0040040254	-7.6293943e-10	-0.003064802	-8.1025065e-12	-4.7867826e-07	4.7106328e-06	-2.8649083e-09	1.750868e-06	-2.1748406e-08	0.0	0.0	0.0027350124	-71.082726	-0.00047640566	0.004251442	-2.2002673e-06	3.1924836e-09	0.6520308	0.0	3.0	0.0	0.0	-0.6564096	0.0039159763	980000	518.2468266487122
98	1000.0	0.0	1000.0	1000.0	0.026322752	0.008586851	0.040714428	0.015376192	1000.0	4795.1475	0.0048435833	99.99989	0.0017510923	100.00288	99.90483	0.0011591925	0.0005405656	0.0046847356	-0.002713382	6.866455e-09	-0.0021418738	8.940697e-12	9.02921e-07	3.1254542e-06	-5.730726e-09	2.0645493e-06	-8.2093266e-09	0.0	0.0	0.003935932	-236.1518	-0.00047367724	0.00512035	-1.0607918e-06	9.500696e-10	0.7155662	0.0	3.0	0.0	0.0	-0.67019475	0.0012215347	990000	523.9247207641602
99	1000.0	0.0	1000.0	1000.0	0.030944422	0.0162495	0.062781975	0.0134166535	1000.0	4795.457	0.0047954572	99.9997	0.0036358421	100.00302	99.79722	0.001138018	0.0005796207	0.004703647	-0.0037318429	-5.340576e-09	-0.0039021743	1.4901161e-12	4.6822684e-06	1.3368255e-05	-8.390907e-08	2.4423605e-06	-1.8351102e-08	0.0	0.0	0.0030034336	-35.39716	-0.00046905558	0.0052086567	-3.7017326e-06	6.213804e-09	0.72171026	0.0	3.0	0.0	3.0	-0.6775032	0.0043130266	1000000	529.7279098033905
