Epoch	AverageEpRet	StdEpRet	MaxEpRet	MinEpRet	AverageEpCost	StdEpCost	MaxEpCost	MinEpCost	EpLen	CumulativeCost	CostRate	AverageVVals	StdVVals	MaxVVals	MinVVals	AverageCostVVals	StdCostVVals	MaxCostVVals	MinCostVVals	LossPi	DeltaLossPi	SurrCost	DeltaSurrCost	LossV	DeltaLossV	LossVC	DeltaLossVC	Penalty	DeltaPenalty	StopIter	Entropy	KL	TotalEnvInteracts	Time
0	11.361823	5.812612	45.0	4.0	0.3467084	0.35159278	3.928229	0.040106803	11.361823	121.7625	0.030440625	0.0004205764	0.013186906	0.09361534	-0.09680896	-0.0007090459	0.022747139	0.2103777	-0.17282285	6.6757204e-09	-0.012715146	1.66893e-08	-0.00035099636	81.11167	-16.89013	0.2562722	-0.08631666	0	0	5.0	0.9189385	0.01653996	4000	4.624618291854858
1	13.864583	8.188262	70.0	4.0	0.41940916	0.60816	4.4610896	0.01470786	13.864583	242.80087	0.03035011	1.2738789	0.22229001	2.4423997	-0.010405976	0.2830902	0.053324994	0.6484765	-0.020353027	-1.9550324e-08	-0.013287792	6.556511e-10	0.0039524115	111.5824	-47.609726	0.45186836	-0.021320254	0	0	7.0	0.91718715	0.016286248	8000	8.620907545089722
2	17.185345	9.712467	70.0	5.0	0.48028892	0.8907093	9.6126375	0.023707524	17.185345	354.2896	0.029524134	5.3596106	0.21341701	6.095291	4.416387	0.40512952	0.137552	1.1947863	-0.26740396	3.409386e-08	-0.01723671	3.1590461e-09	0.008889785	94.65888	-29.796112	0.9712468	-0.023480892	0	0	8.0	0.91500604	0.01599088	12000	13.12752628326416
3	19.320389	10.076132	55.0	6.0	0.6965393	2.539439	29.859638	0.0148052955	19.320389	498.096	0.031131001	9.641889	0.77302426	12.276409	6.062486	0.48872682	0.2352946	2.16824	-1.0366143	2.1338463e-08	-0.0145691335	-1.7881393e-09	0.011622125	74.045364	-4.47316	7.3528447	-0.18804646	0	0	10.0	0.9124926	0.013603902	16000	15.257540702819824
4	27.462069	13.89171	105.0	7.0	1.8202548	4.263605	25.853264	0.032336246	27.462069	762.09753	0.038104877	11.594894	1.0882626	13.975013	6.057633	0.83101547	0.6451054	4.3624187	-2.9460912	3.695488e-08	-0.013122317	-1.5497207e-08	0.04464859	133.85823	-19.013718	17.437012	-2.63871	0	0	16.0	0.90942687	0.012310127	20000	19.85947275161743
5	32.892563	16.793251	101.0	8.0	12.467657	28.83402	112.421936	0.036896314	32.892563	2270.7227	0.09461344	14.921049	0.9114133	17.180185	6.497135	2.006801	0.50888324	3.4810286	-0.5577128	4.863739e-08	-0.013921125	1.07765196e-07	0.18014096	154.41376	-20.73732	818.6379	-160.54352	0	0	15.0	0.9079191	0.012524342	24000	24.30263924598694
6	44.393257	19.43391	97.0	8.0	36.18212	39.881855	116.59375	0.04116861	44.393257	5491.0176	0.19610777	17.809671	3.015236	21.317505	-1.3532106	11.471931	2.9639926	17.110962	-2.9442933	-7.629395e-09	-0.016321404	-4.959106e-07	0.27484146	213.11469	-28.630402	1303.444	-318.18414	0	0	79.0	0.90586776	0.008106911	28000	29.009324550628662
7	65.86667	32.230663	162.0	12.0	47.665047	37.220875	119.1439	0.035265703	65.86667	8354.844	0.26108888	21.382858	3.0322456	23.760405	-0.83063114	21.099571	0.35341874	21.786228	18.373463	6.198883e-09	-0.013081887	8.292198e-07	0.16220284	430.042	-76.73175	755.2574	-59.835693	0	0	79.0	0.9077533	0.0057487725	32000	33.77909731864929
8	92.30232	38.06881	177.0	41.0	64.628525	27.610731	126.80565	4.974043	92.30232	11134.436	0.30928987	26.588305	2.1914592	27.651892	4.5942774	24.491463	0.18446073	24.920649	23.474003	1.859665e-08	-0.008450177	-7.152558e-08	0.021700505	557.959	-78.98236	543.415	-46.40735	0	0	79.0	0.8973372	0.0052676485	36000	38.76775908470154
9	104.26316	49.200283	219.0	40.0	64.12466	31.815409	130.08887	0.8015184	104.26316	13593.605	0.33984014	29.874918	3.1471088	31.225052	1.1583176	27.08486	0.19635291	27.500818	26.126408	-7.1287154e-08	-0.0065515474	2.002716e-07	0.003820346	640.78394	-74.9942	463.10425	-16.949371	0	0	79.0	0.923244	0.0037177252	40000	43.54840278625488
10	118.757576	62.283337	352.0	50.0	69.61438	23.740084	138.07555	6.9699984	118.757576	15919.854	0.36181486	32.689278	4.365133	34.294743	-6.080856	28.677992	0.12327326	28.927101	27.894875	-3.9219856e-08	-0.0050820857	1.8596648e-07	-0.0030474567	721.3672	-72.718506	349.298	-10.919189	0	0	79.0	0.9240383	0.003468092	44000	46.19376754760742
11	183.66667	105.78069	376.0	61.0	59.639435	24.31135	106.92669	18.433681	183.66667	17206.848	0.35847598	36.62457	2.5092132	37.10886	-2.689024	29.920137	0.10142039	30.152315	29.27117	2.336502e-08	-0.0045594294	-5.722046e-09	-0.0022995777	1238.0522	-152.37024	319.26773	-28.001617	0	0	79.0	0.92752707	0.0031389089	48000	51.05549764633179
12	209.05263	118.552444	464.0	58.0	74.34693	30.302536	136.70981	31.61653	209.05263	18619.557	0.3580684	40.58679	0.41339704	40.708397	35.244602	28.058079	0.15529744	28.372694	27.153292	4.9233435e-08	-0.005603977	-1.525879e-08	-0.015380444	1233.2477	-123.754395	393.3105	-10.571777	0	0	79.0	0.90008587	0.0039086672	52000	55.98935508728027
13	531.0	407.30963	1000.0	71.0	71.95612	30.990992	137.37636	36.751194	531.0	19138.885	0.3417658	43.585648	0.072343424	43.61812	42.372017	26.905378	0.16170272	27.280544	26.167418	-6.03199e-08	-0.004529715	5.5742265e-07	-0.016603172	2292.9365	-326.85754	382.07968	-146.22145	0	0	79.0	0.89934945	0.003922727	56000	61.00090265274048
14	904.0	125.35549	1000.0	694.0	60.870296	31.06869	113.89702	34.852245	904.0	19406.016	0.3234336	47.612995	0.05625169	47.646126	46.942158	21.70539	1.8614157	24.326378	8.391092	2.5486946e-07	-0.0046926346	-1.9073486e-08	0.0013900957	2169.218	-279.58936	293.81262	-162.07681	0	0	6.0	0.8834242	0.016904846	60000	65.37608170509338
15	770.0	284.32095	1000.0	364.0	23.527119	11.256907	43.422123	13.667356	770.0	19538.334	0.30528647	50.938236	0.02487786	50.963703	50.610527	14.636791	3.4624393	20.441568	-3.856227	-6.699562e-08	-0.0038578669	-9.059906e-09	0.009351545	1842.3322	-203.62231	137.26651	-114.78516	0	0	6.0	0.88343453	0.014535562	64000	69.77184438705444
16	361.18182	245.00644	911.0	92.0	95.26763	39.83332	183.3508	36.86046	361.18182	20586.5	0.30274266	53.55805	0.05797439	53.613815	52.961407	6.8024364	1.0328214	9.2400055	2.3214047	-2.7894973e-08	-0.0021573105	-3.0708313e-07	-0.0153052965	1223.3344	-65.494995	381.32623	-165.98438	0	0	79.0	0.8825739	0.0028394824	68000	72.18417382240295
17	611.8333	311.57953	1000.0	233.0	63.034588	13.851869	90.46251	51.351875	611.8333	20971.463	0.29127032	55.115993	0.031025363	55.142334	54.772675	15.466147	1.7782197	19.35212	7.7593536	-8.070469e-08	-0.0024712002	-3.9577483e-08	-0.007796922	1430.3464	-121.403076	85.248764	-32.29107	0	0	79.0	0.8699245	0.0029604663	72000	76.89126467704773
18	820.0	186.13033	1000.0	573.0	71.89478	26.834019	106.019806	42.07687	820.0	21287.006	0.28009218	57.07156	0.02061143	57.090828	56.82885	11.727203	1.7615815	15.8797455	5.316232	5.5730345e-09	-0.002329848	3.4809112e-08	-0.02123747	1459.1517	-141.18701	59.224037	-18.241467	0	0	6.0	0.8609086	0.014061684	76000	81.1873037815094
19	1000.0	0.0	1000.0	1000.0	15.894262	10.30309	32.147568	5.3124676	1000.0	21350.584	0.2668823	59.173134	0.0027780067	59.17779	59.15604	6.553446	1.2127182	9.732671	2.1450093	3.6525725e-07	-0.0023463415	-1.9431114e-08	-0.00027428448	1418.9163	-151.48718	32.874256	-23.08826	0	0	79.0	0.8611356	0.0047081024	80000	86.18135333061218
20	1000.0	0.0	1000.0	1000.0	8.531497	1.4282298	10.160853	6.9842286	1000.0	21384.709	0.25457987	61.29264	0.0032265969	61.297752	61.27666	3.1310294	1.2134105	6.473767	-1.3090105	5.1951406e-07	-0.0013909701	-5.9604646e-09	0.0051335003	1275.4122	-133.16992	6.3760047	-4.5989704	0	0	79.0	0.8850814	0.0047913846	84000	91.03296065330505
21	1000.0	0.0	1000.0	1000.0	32.301224	22.972834	71.4327	12.466682	1000.0	21513.914	0.2444763	63.255924	0.0052131014	63.261772	63.21644	1.7768745	1.3765031	6.4590573	-2.31584	-7.7986715e-07	-0.0031588553	-4.798174e-08	-0.03941827	1149.2821	-117.496704	24.346758	-0.7145119	0	0	7.0	0.88497895	0.013584068	88000	95.47279977798462
22	1000.0	0.0	1000.0	1000.0	11.655225	2.5929763	15.258842	8.056319	1000.0	21560.535	0.23435365	65.0828	0.0019340364	65.08584	65.06927	1.299861	1.167697	5.006498	-2.2425592	-1.190424e-06	-0.0013390617	-1.5497208e-09	0.00061255123	1037.8639	-104.78491	2.7490811	-0.43452835	0	0	79.0	0.88464266	0.0039199702	92000	100.44972705841064
23	1000.0	0.0	1000.0	1000.0	14.569756	4.718347	19.994057	9.100296	1000.0	21618.814	0.22519599	66.79481	0.0016516147	66.79748	66.78588	1.1270274	0.91383004	3.4976292	-1.6187141	-2.2959709e-07	-0.0012354751	4.4107438e-09	0.0037905378	938.5874	-94.227905	3.6766934	-0.37916517	0	0	79.0	0.8635983	0.0029278088	96000	102.841867685318
24	1000.0	0.0	1000.0	1000.0	16.970377	6.114232	23.081245	9.783937	1000.0	21686.695	0.21686696	68.41301	0.0018787135	68.41605	68.40252	1.398861	0.89928836	3.916836	-1.067478	3.9482117e-07	-0.0025366964	-4.6491624e-09	-0.008243246	849.3355	-85.22589	4.849886	-0.41997385	0	0	8.0	0.86235327	0.013616657	100000	107.25946068763733
25	1000.0	0.0	1000.0	1000.0	32.182983	6.4514146	39.75405	22.499287	1000.0	21815.428	0.20976374	69.95175	0.002832052	69.95499	69.91888	1.13858	1.1934241	4.647128	-2.3129847	5.7959556e-07	-0.0016458478	-4.988909e-08	0.0037828262	768.6053	-77.40515	14.015088	-6.191635	0	0	79.0	0.8620342	0.0025086666	104000	112.19563317298889
26	803.75	339.91498	1000.0	215.0	42.90724	8.873658	54.411297	31.977642	803.75	22023.332	0.20391974	71.42077	0.0034698232	71.42405	71.389465	2.9225123	0.47793707	4.465573	1.4341073	-1.6689301e-09	-0.0020570443	-4.0411948e-08	-0.005841544	691.6276	-59.788147	34.03907	-4.469116	0	0	79.0	0.88091743	0.0028493176	108000	117.12212204933167
27	1000.0	0.0	1000.0	1000.0	45.566833	28.566437	92.2505	20.721403	1000.0	22205.6	0.19826429	72.72553	0.0032640358	72.72898	72.69715	4.450722	0.39914408	5.4323745	2.6689644	1.7809867e-07	-0.0022029956	-7.152557e-09	-0.005752282	633.25793	-64.57306	34.9781	-0.7384758	0	0	79.0	0.8835194	0.0051357755	112000	121.99526143074036
28	348.54544	296.6208	1000.0	72.0	73.977715	30.010208	127.69139	34.96151	348.54544	23049.607	0.19870351	74.073166	0.011957978	74.079796	73.925446	4.0541344	0.60204244	5.710276	2.044662	9.149313e-09	-0.0036200557	3.3426284e-07	-0.027663954	736.2066	-3.7835693	351.98782	-103.51218	0	0	79.0	0.85851383	0.0039204773	116000	126.79765248298645
29	392.125	306.55194	983.0	68.0	99.04782	37.891766	152.1198	49.034218	392.125	23919.152	0.19932628	74.454	0.041802965	74.46722	73.21916	11.984351	0.94870824	14.530966	8.2616205	-2.3961068e-08	-0.006851014	4.529953e-08	-0.027246298	701.9245	-75.92688	329.89755	-16.879547	0	0	79.0	0.838896	0.0033113079	120000	131.77504801750183
30	829.5	251.74342	1000.0	396.0	39.108986	6.856265	48.393578	30.959791	829.5	24114.8	0.1944742	74.60853	2.2640703	74.95193	14.615925	14.619227	0.70104593	16.194067	11.687275	-2.384186e-10	-0.0054326346	4.1246413e-08	0.0016888762	580.48315	-40.082153	106.356674	-89.58303	0	0	79.0	0.8393446	0.00404074	124000	134.4129979610443
31	934.25	113.88234	1000.0	737.0	35.47104	24.709393	74.664825	8.593616	934.25	24268.748	0.18959959	75.60258	2.199928	75.927765	30.790321	7.2716465	0.5731866	9.039433	4.8838673	-2.7894973e-08	-0.0049657687	1.8119811e-08	-0.0061319773	485.42712	-54.325745	33.943733	-13.416147	0	0	79.0	0.84274834	0.003291603	128000	139.27371263504028
32	1000.0	0.0	1000.0	1000.0	10.561928	4.849222	17.179398	4.1091623	1000.0	24310.996	0.18417421	77.12118	0.05390954	77.14233	76.21107	4.123375	0.4622352	5.423457	2.445736	4.3296814e-07	-0.0030267714	2.2232532e-08	-0.0016698014	445.49304	-51.85623	9.938842	-7.389023	0	0	79.0	0.86932325	0.00546153	132000	144.1789104938507
33	1000.0	0.0	1000.0	1000.0	17.529467	10.019435	34.238277	8.1002445	1000.0	24381.115	0.1792729	78.42986	0.015668092	78.43605	78.23116	1.7102864	0.4838524	3.0066807	0.062310867	5.903244e-07	-0.0023760553	-8.270145e-09	0.005216194	396.08	-47.02829	3.136421	-0.23645663	0	0	7.0	0.8649769	0.012171318	136000	148.60030794143677
34	1000.0	0.0	1000.0	1000.0	12.1323	4.669002	18.281128	7.547503	1000.0	24429.645	0.17449746	79.663216	0.053556986	79.68539	79.07139	1.9540898	0.33800682	2.9446661	0.9997012	4.940033e-07	-0.0022353956	-6.9737434e-09	-0.0026215669	352.0613	-42.629303	2.0811534	-0.78564835	0	0	79.0	0.8650267	0.0036940677	140000	153.5816879272461
35	1000.0	0.0	1000.0	1000.0	8.479462	1.6349417	10.304067	6.3638344	1000.0	24463.56	0.16988584	80.870316	0.02872183	80.88247	80.445694	1.2761688	0.32330704	2.1550996	0.37316942	-9.365082e-07	-0.0022667467	-7.4803825e-09	-0.0009028814	311.5072	-38.293457	0.7422389	-0.22072911	0	0	79.0	0.8765327	0.0035364341	144000	158.4307746887207
36	1000.0	0.0	1000.0	1000.0	12.770075	6.0793123	23.17988	8.104601	1000.0	24514.643	0.16563947	82.02617	0.006274978	82.02973	81.936745	0.7267873	0.26726994	1.4732664	-0.015246086	-8.1419944e-07	-0.002006356	2.7418137e-09	-0.00056659215	274.9605	-34.415863	2.761483	-0.21418858	0	0	8.0	0.8636445	0.01364406	148000	162.79155468940735
37	484.875	211.66272	1000.0	326.0	61.9968	12.699628	83.97735	46.701218	484.875	25014.86	0.16457145	83.12932	0.0007279333	83.129684	83.11797	0.522298	0.32472154	1.2717909	-0.51412034	-3.4570693e-09	-0.002851168	-9.036064e-08	-0.023664748	556.7735	0.10772705	148.32564	-112.663055	0	0	4.0	0.8643036	0.012003554	152000	164.59777927398682
38	1000.0	0.0	1000.0	1000.0	28.383873	7.531915	41.098305	22.077187	1000.0	25128.395	0.16107945	83.19437	0.0015930188	83.19518	83.1676	9.224875	0.98696166	12.152236	5.300833	6.8068505e-07	-0.0014711025	-6.9141386e-09	-0.0010957879	240.42244	-28.389069	40.71947	-34.33634	0	0	79.0	0.8649404	0.0040129437	156000	169.4151155948639
39	1000.0	0.0	1000.0	1000.0	27.05428	6.997391	36.560738	18.657717	1000.0	25236.611	0.15772882	84.16294	0.0010593291	84.163574	84.150696	4.468809	0.59953004	6.097462	2.6021285	-3.7240983e-07	-0.00091536855	-7.152557e-09	0.005064038	213.50664	-28.95517	4.405879	-2.7165341	0	0	79.0	0.87492925	0.0037963123	160000	174.19572615623474
40	1000.0	0.0	1000.0	1000.0	82.36171	27.972208	127.52503	52.335926	1000.0	25566.059	0.1558906	85.21681	0.00053194794	85.217064	85.211075	3.5521529	0.5644457	5.068063	1.8189249	7.31945e-07	-0.001917486	-2.6732684e-08	0.008372312	186.03693	-25.79486	51.659508	-20.44084	0	0	79.0	0.86869144	0.0032462876	164000	179.28537964820862
41	508.2857	266.64673	871.0	166.0	74.537125	15.769745	91.50819	49.07254	508.2857	26202.432	0.15596685	86.22315	0.00049276225	86.22339	86.21939	7.842892	1.419807	11.139658	3.2983851	-3.9935113e-09	-0.00307601	-5.4359436e-08	-0.014872817	585.95917	-0.5911865	104.0678	-32.440727	0	0	79.0	0.8947152	0.0035091029	168000	183.53385949134827
42	834.5	286.65442	1000.0	338.0	63.013634	11.492783	72.99671	43.80729	834.5	26525.031	0.15421529	86.12148	0.00045735057	86.12173	86.11596	12.869274	1.514113	16.579672	7.6919923	-3.6120415e-08	-0.0042228326	-2.6226044e-08	-0.013778038	220.56715	-13.721741	30.421007	-20.107138	0	0	48.0	0.8736584	0.012197937	172000	188.1553955078125
43	870.5	141.60068	1000.0	660.0	47.83145	19.933554	71.53253	20.024406	870.5	26780.967	0.15216458	86.824005	0.0012006976	86.824554	86.81089	8.252457	1.4877577	12.532351	4.241016	2.4318695e-08	-0.00507033	5.4836273e-09	-0.0010484491	270.2096	-8.664917	17.247265	-2.3560247	0	0	79.0	0.87875414	0.004820134	176000	190.6295337677002
44	1000.0	0.0	1000.0	1000.0	33.78243	16.271437	57.843845	12.124976	1000.0	26916.098	0.14953388	87.44819	0.0010196205	87.448715	87.43127	6.6148095	1.1069672	10.028057	3.2225943	-7.724762e-07	-0.0039154706	2.2113323e-08	-0.007929199	134.1156	-20.106728	12.06176	-7.417674	0	0	79.0	0.9227575	0.004818989	180000	195.4730725288391
45	1000.0	0.0	1000.0	1000.0	12.969014	5.1517925	17.56017	4.4655538	1000.0	26967.973	0.14656506	88.37443	0.0017605788	88.37562	88.3544	3.570502	0.82325906	6.033739	1.2451661	-2.7155878e-07	-0.0020284713	-3.4213066e-08	-0.009855602	115.05398	-18.450493	4.86245	-4.005128	0	0	8.0	0.8995294	0.010983533	184000	199.9005217552185
46	1000.0	0.0	1000.0	1000.0	5.102528	1.5700887	7.2481275	3.0370693	1000.0	26988.383	0.14355522	89.29173	0.008342822	89.29671	89.16363	1.0845623	0.606233	2.8193407	-0.951123	2.4557113e-07	-0.00302836	5.5730345e-09	-0.0020070379	97.611916	-16.06054	1.005649	-0.49298453	0	0	79.0	0.8981915	0.0062070084	188000	204.4405791759491
47	1000.0	0.0	1000.0	1000.0	2.7363548	0.34025303	3.1330142	2.2113554	1000.0	26999.328	0.1406215	90.16431	0.0040801717	90.16807	90.11914	0.5390099	0.43866667	1.9404162	-0.8279716	-2.1958351e-07	-0.0011325288	-2.384186e-10	0.0032724321	82.354034	-13.91655	0.33050305	-0.118291706	0	0	79.0	0.87299293	0.004756927	192000	209.03216886520386
48	1000.0	0.0	1000.0	1000.0	4.0370197	0.8898511	4.752685	2.5206249	1000.0	27015.477	0.13783406	90.98939	0.002477452	90.991394	90.95404	0.6149917	0.41932255	1.926481	-0.8225069	-1.383543e-06	-0.0016853366	0.0	-0.007285104	69.11684	-12.007328	0.22526766	-0.053452298	0	0	8.0	0.8724232	0.014023787	196000	213.41493391990662
49	1000.0	0.0	1000.0	1000.0	4.5307045	0.36829203	5.155467	4.2014937	1000.0	27033.6	0.135168	91.759865	0.010040836	91.767914	91.664536	-0.18772236	0.41500035	1.3645303	-1.3965422	-5.118847e-07	-0.0025204022	-4.23193e-09	0.0016939343	57.79007	-10.33699	0.6448308	-0.2995602	0	0	79.0	0.87315345	0.0036241512	200000	218.43800711631775
