Epoch	AverageEpRet	StdEpRet	MaxEpRet	MinEpRet	AverageEpCost	StdEpCost	MaxEpCost	MinEpCost	EpLen	CumulativeCost	CostRate	AverageVVals	StdVVals	MaxVVals	MinVVals	AverageCostVVals	StdCostVVals	MaxCostVVals	MinCostVVals	LossPi	DeltaLossPi	SurrCost	DeltaSurrCost	LossV	DeltaLossV	LossVC	DeltaLossVC	Penalty	DeltaPenalty	StopIter	Entropy	KL	TotalEnvInteracts	Time
0	9.504762	4.648346	38.0	4.0	0.36336663	0.44848183	6.6875577	0.023022236	9.504762	152.73424	0.03818356	0.0025249557	0.040464174	0.25584343	-0.15581898	-0.0035461502	0.10808848	0.3958273	-0.468741	3.9451027e-08	-0.008554684	1.9967556e-09	0.00017318098	57.418427	-12.638821	0.48874426	-0.18778998	0.84999996	-0.020462573	4.0	0.9189385	0.020630913	4000	2.540647268295288
1	11.775811	6.616544	66.0	4.0	0.50872093	1.5418473	20.60231	0.051803965	11.775811	325.44998	0.040681247	1.1061969	0.28477204	2.2834873	-1.0526972	0.33119258	0.25868437	1.5792091	-1.7524648	1.9367175e-08	-0.007584231	-4.708767e-09	0.0010939577	81.51003	-35.436726	4.644391	-0.28547764	0.8295374	-0.020366311	5.0	0.91747975	0.017825644	8000	4.74806547164917
2	14.404332	7.9974537	58.0	4.0	0.8437184	5.3891883	85.09818	0.01923885	14.404332	559.1816	0.046598464	4.7858167	0.61275613	7.901149	-1.2659082	0.6800732	0.12505174	1.3627601	0.19285154	1.1108404e-08	-0.011645246	-2.0980835e-08	-0.0111837685	66.95862	-19.801987	55.6303	-2.372383	0.8091711	-0.019801378	6.0	0.9158436	0.019156199	12000	6.422829627990723
3	18.50463	10.986944	82.0	5.0	1.2730476	6.4184747	82.57855	0.005195749	18.50463	834.1771	0.05213607	8.619424	0.3939382	10.806396	6.6600327	1.1504526	1.553083	7.120906	-6.2371078	1.6457964e-08	-0.021507028	1.525879e-08	-0.044929054	90.72235	-12.30468	72.07918	-14.064957	0.7893697	-0.018047035	7.0	0.9142301	0.018934455	16000	8.613666772842407
4	20.523315	10.02591	72.0	6.0	0.53505945	1.2328717	12.938426	0.026517939	20.523315	939.2578	0.04696289	11.491747	1.2748191	13.843352	5.1114817	1.9619218	0.48653555	5.194433	-0.7796668	1.331334e-08	-0.002750187	7.390976e-09	-0.006075415	73.23442	-1.2397614	3.7994227	-1.849356	0.77132267	-0.01742214	10.0	0.91258675	0.013753583	20000	10.812361478805542
5	22.457626	9.497526	54.0	9.0	0.46468413	0.9310405	8.6226015	0.016941091	22.457626	1021.5768	0.0425657	12.249862	1.223023	14.427508	6.2587185	0.54943734	0.43148628	2.2012455	-2.0165503	-4.1602504e-09	-0.0070264493	-2.5629998e-09	-0.0001314224	67.92999	-2.6692429	1.2610959	-0.26361984	0.7539005	-0.027248621	79.0	0.9101688	0.005741479	24000	13.33598017692566
6	24.78882	9.979115	57.0	7.0	0.4580698	0.6908381	4.1175337	0.016656281	24.78882	1095.3945	0.039121233	12.552639	0.691928	14.254977	8.825429	0.48350444	0.22308713	1.5251924	-0.5926707	-3.4381973e-09	-0.0058692633	-3.5762786e-09	0.0029815752	71.96204	-3.0154266	0.48167273	-0.07494491	0.7266519	-0.0323776	79.0	0.9029963	0.004333928	28000	15.93522572517395
7	26.006536	10.741464	71.0	6.0	0.4748019	0.6548418	4.593311	0.024343658	26.006536	1168.0548	0.036501713	13.415686	0.7530374	14.853702	8.120772	0.4185385	0.12703048	1.0143197	-0.29086095	9.115444e-09	-0.006787941	9.536744e-10	0.004564625	79.672424	-5.9189606	0.38336194	-0.026351452	0.6942743	-0.03238392	79.0	0.8996344	0.0060586594	32000	18.53443717956543
8	31.322834	10.956523	79.0	10.0	0.7286934	0.78506213	4.9498005	0.022187255	31.322834	1260.6542	0.035018172	13.926137	1.1989429	15.365702	7.1053505	0.4282219	0.08178576	0.87548304	0.11236506	5.159553e-09	-0.0036100245	5.930662e-09	0.0034959568	93.116455	-18.19294	0.3892336	-0.016160846	0.6618904	-0.026244164	79.0	0.8961643	0.0038139361	36000	21.0357563495636
9	33.73729	9.942571	74.0	13.0	0.91503674	0.90789026	4.191043	0.068017825	33.73729	1368.7765	0.034219414	15.461119	2.5232258	17.751072	4.8111715	0.5385382	0.08646224	0.9204447	-0.029041454	6.4099734e-09	-0.004257492	-3.0100347e-09	-0.00024734047	73.17356	-19.152367	0.5684253	-0.040048122	0.6356462	-0.02178663	79.0	0.89873886	0.004622976	40000	23.527302742004395
10	36.605503	12.180612	92.0	13.0	0.9183165	0.62207603	3.036634	0.031497303	36.605503	1468.9188	0.03338452	16.210493	4.2286406	19.725716	2.7542002	0.7133046	0.07254066	0.9703484	0.4418207	2.5465483e-09	-0.0037636964	-1.0728836e-09	0.004698016	72.236565	-19.335838	0.21363683	-0.0030160546	0.6138596	-0.026305974	79.0	0.88238513	0.0038371577	44000	26.154072523117065
11	38.057144	9.726575	70.0	19.0	0.9626087	0.62062687	4.966564	0.07265144	38.057144	1570.0469	0.03270931	17.300074	6.1232405	22.326698	1.8628474	0.6637052	0.06824908	0.8800502	0.4262295	-2.021234e-08	-0.0059030633	-2.384186e-10	0.006980832	41.245308	-8.938961	0.22414075	-0.0012957007	0.5875536	-0.029443145	79.0	0.87323946	0.0076554134	48000	28.651535987854004
12	43.703297	10.903668	88.0	24.0	1.2698358	0.568439	2.9739263	0.35654882	43.703297	1685.6945	0.0324172	17.51882	7.5312843	23.899351	1.5015459	0.6834548	0.070619546	0.9427751	0.4338676	-1.8310432e-08	-0.0048721647	-5.4091216e-09	0.0083134845	50.834892	-12.256977	0.24537224	-0.039051965	0.5581105	-0.016546369	20.0	0.8789736	0.013173897	52000	30.945157527923584
13	48.108433	13.190917	88.0	29.0	1.8594013	0.87610203	4.651502	0.17270425	48.108433	1840.0532	0.032858092	19.13059	8.985617	26.872726	1.5091144	0.86739624	0.056085385	1.045332	0.64050704	-1.7143572e-08	-0.00579201	-5.2154063e-09	0.004434021	57.288406	-11.556244	0.65456533	-0.1319772	0.5415641	-0.02367127	79.0	0.8743404	0.0069208085	56000	33.44208645820618
14	50.653847	10.953079	91.0	33.0	2.0041225	0.73750633	4.7002788	0.41483477	50.653847	1997.761	0.033296015	21.023392	9.760632	29.449972	1.6544584	1.228794	0.055081554	1.3981304	0.86398846	-6.7208605e-10	-0.0045696525	-1.37090685e-08	0.0054167323	38.625748	-6.129265	0.3798986	-0.018595219	0.51789284	-0.020475924	79.0	0.86313164	0.0067750593	60000	35.94874453544617
15	55.69014	13.353895	99.0	31.0	2.041109	0.77024037	4.62409	0.4976933	55.69014	2142.7048	0.03347976	22.492844	10.086511	31.159065	1.8227401	1.3649913	0.08200584	1.5801513	0.9629591	-4.0947716e-09	-0.004240006	-2.9802323e-09	0.0037043311	52.680515	-9.69458	0.38118592	-0.004213512	0.4974169	-0.017083704	79.0	0.8676474	0.004918275	64000	37.902108907699585
16	57.92647	14.11957	99.0	37.0	2.49507	0.87713397	4.849209	1.260535	57.92647	2312.5156	0.034007583	23.411531	11.217687	33.290726	1.6829897	1.3234721	0.10134607	1.6145464	0.81641924	1.9248368e-08	-0.003039012	8.940697e-09	0.0042346832	51.273743	-8.436844	0.61210227	-0.09067285	0.4803332	-0.014530599	79.0	0.84308594	0.0048042564	68000	40.422263383865356
17	60.363636	14.192013	109.0	41.0	2.583416	0.8480532	4.666341	1.1426675	60.363636	2483.1042	0.03448756	24.653196	11.664812	35.25733	1.7347044	1.6134758	0.059092883	1.7825267	1.301507	1.4297915e-08	-0.0025102026	-1.0728836e-09	0.0036404338	43.06678	-5.497719	0.52116615	-0.0050994754	0.4658026	-0.011505425	79.0	0.81540257	0.0042025778	72000	43.00285363197327
18	60.646152	12.759829	100.0	41.0	2.7061172	1.0396453	5.34406	0.94093627	60.646152	2659.1428	0.03498872	25.352829	12.005249	36.70585	1.6650711	1.669116	0.054448277	1.8406725	1.3194115	4.712737e-09	-0.002759183	3.2782554e-09	0.0056093577	35.165127	-4.2385807	0.69809407	-0.007584095	0.45429718	-0.011736065	79.0	0.8231877	0.004047378	76000	45.48003435134888
19	60.876923	13.569772	96.0	38.0	2.9024432	0.9630431	5.530516	1.1748719	60.876923	2847.8457	0.03559807	25.457066	12.461432	37.844124	0.25131413	1.7433279	0.06502674	1.9314188	1.2337352	3.5235213e-09	-0.001961185	1.7881393e-09	0.011355667	32.06849	-3.2297707	0.65442383	-0.013228059	0.44256112	-0.0034694076	10.0	0.80176073	0.0128281135	80000	47.766735315322876
20	64.451614	15.220612	116.0	45.0	3.5374744	1.3230641	7.200573	1.127302	64.451614	3067.2031	0.036514323	25.613838	12.90212	38.85079	-0.10857834	1.8596315	0.082591034	2.1553273	1.407262	8.34066e-09	-0.0024030306	9.417534e-09	0.003955591	36.78007	-4.5882454	1.2386911	-0.1337682	0.4390917	-0.00066289306	4.0	0.79970884	0.015939878	84000	50.15410137176514
21	68.39655	18.327423	165.0	40.0	3.661622	1.3798349	7.9407077	1.3735989	68.39655	3279.642	0.03726866	27.397558	13.289078	40.411354	0.19515821	2.189335	0.09766975	2.4555354	1.6804581	2.523652e-08	-0.0018189491	-1.01923945e-08	0.012646617	49.819164	-6.076889	1.1975994	-0.0155899525	0.43842882	0.0013515949	5.0	0.7985013	0.017414749	88000	52.41298961639404
22	72.218185	15.850082	113.0	44.0	4.46937	1.0709205	6.4778256	1.9122288	72.218185	3525.5984	0.038321722	28.048918	13.938211	42.05236	0.04049179	2.344755	0.12068344	2.6616008	1.6766108	-1.29726665e-08	-0.0014791114	3.5762787e-10	0.009714254	35.735153	-5.839937	1.1645789	-0.2183516	0.4397804	0.0036130548	7.0	0.7976774	0.012817802	92000	54.62781286239624
23	71.16071	15.745495	138.0	48.0	5.3138895	1.9689537	11.278776	2.2104313	71.16071	3823.2102	0.039825108	28.535769	14.31297	43.640457	0.08954406	2.800978	0.08945744	3.0259652	2.3207505	-7.4406353e-10	-0.004509625	-1.1563301e-08	-0.0018736216	30.130014	-4.6472416	2.7093506	-0.27239203	0.44339347	0.0029250681	79.0	0.7966891	0.0052255215	96000	57.128742694854736
24	80.918365	21.263014	179.0	53.0	5.290427	1.742358	9.81287	1.637563	80.918365	4082.5703	0.040825702	30.656786	14.546094	44.96272	0.2830328	3.334478	0.11871538	3.562284	2.608673	9.249026e-09	-0.002143241	-4.768372e-10	0.0021666673	53.16739	-9.056732	2.139544	-0.045363665	0.44631854	0.008331209	4.0	0.7784883	0.014371981	100000	59.30279016494751
25	77.56863	18.994585	148.0	54.0	5.4030623	1.6368903	10.574072	2.163754	77.56863	4359.1265	0.04191468	31.307604	15.222741	46.874184	0.8334074	3.1521719	0.103409156	3.3599677	2.5494213	3.774899e-09	-0.0028513423	-5.7518483e-09	0.0029103013	34.566593	-3.8101711	1.917879	-0.053182244	0.45464975	0.009857416	4.0	0.7779114	0.021366233	104000	61.49273896217346
26	80.30612	17.395992	121.0	52.0	5.2684207	1.6219938	9.209184	1.730872	80.30612	4617.877	0.04275812	31.8363	15.191341	47.713802	0.73220664	3.2546751	0.15076368	3.6524065	2.3679044	1.0235169e-09	-0.0037240859	1.4305115e-09	0.001943843	31.314686	-5.14369	1.7468933	-0.00840652	0.46450716	0.0055520535	79.0	0.7777763	0.004473813	108000	63.971256256103516
27	80.14286	16.090305	130.0	57.0	5.659909	1.4214612	8.42113	2.874657	80.14286	4895.6533	0.04371119	31.644117	15.550042	48.50723	0.3826647	3.1885679	0.16423415	3.5612588	2.1392107	-1.6164937e-09	-0.0050539537	1.168251e-08	0.002002176	24.154123	-1.5203056	1.6506846	-0.14177608	0.47005922	0.0052498877	79.0	0.76842976	0.005446284	112000	66.46880793571472
28	84.59574	19.094011	136.0	61.0	5.8375463	1.6064779	9.532242	3.0725017	84.59574	5170.107	0.044569887	32.400818	15.676768	49.248047	0.6929178	3.4811	0.16269098	3.7652175	2.375805	4.4214636e-09	-0.005740483	-7.092953e-09	-0.0018371165	30.71421	-3.3263493	1.9223526	-0.06419563	0.4753091	0.0070461035	79.0	0.7269661	0.0057941983	116000	68.94642925262451
29	91.46512	17.286032	132.0	68.0	5.2797523	1.1194435	8.0611315	2.796929	91.46512	5397.3726	0.044978105	34.47695	15.871392	50.698097	0.43865895	3.5069268	0.1757909	3.8083954	2.3208914	-6.477033e-09	-0.006014163	-3.0994416e-09	9.0408327e-07	29.896936	-3.543089	1.2574314	-0.17030787	0.4823552	0.007101238	79.0	0.7267371	0.007813499	120000	70.89787173271179
30	93.35714	23.010164	200.0	61.0	4.843259	1.1966165	7.7408137	2.219201	93.35714	5601.377	0.045172393	35.558178	16.216984	52.011715	1.2682796	3.122979	0.1199842	3.3049037	2.4431713	1.3058302e-08	-0.0067915036	9.536743e-09	-0.001254952	40.98082	-3.7558823	1.257792	-0.10589743	0.48945644	0.0069981813	79.0	0.7492961	0.008701798	124000	73.47625207901001
31	98.2	20.368113	160.0	73.0	4.9661117	1.4930805	9.455244	2.0383766	98.2	5802.3813	0.045331106	35.801132	16.719557	53.324642	0.16523384	2.8017666	0.13342084	2.9829342	1.9393046	4.7802375e-09	-0.009054494	8.165836e-09	-0.0040678354	33.262077	-4.1291637	1.413737	-0.0021250248	0.49645463	0.006814629	79.0	0.76521116	0.010961517	128000	75.95382595062256
32	107.86487	23.715841	172.0	75.0	4.3872643	0.9737288	6.537644	2.163956	107.86487	5964.727	0.045187324	37.88874	16.805063	54.895424	0.7431659	2.8334723	0.12810043	3.0076325	1.7596493	1.6735935e-08	-0.006373493	1.6689301e-09	-0.001921087	43.4242	-8.03817	1.0183239	-0.20381927	0.50326926	0.008953631	79.0	0.7469927	0.008878176	132000	78.43819117546082
33	122.25	31.442408	198.0	82.0	4.01493	1.2253413	6.2036996	1.9431974	122.25	6093.2637	0.04480341	40.912758	17.6229	57.15948	0.57060826	2.3802595	0.11208631	2.5673678	1.5217603	2.9753697e-09	-0.0074659404	-5.960465e-11	-0.0006051817	71.015495	-15.69809	1.0711656	-0.13822097	0.5122229	0.0060995817	79.0	0.75113344	0.009379026	136000	81.03456401824951
34	124.59375	27.465729	201.0	93.0	3.5172548	0.83285964	4.9813156	1.7167927	124.59375	6205.8345	0.04432739	42.676327	18.272232	60.196873	1.4083652	2.0232573	0.110132694	2.2357576	1.2895532	-1.3413731e-08	-0.0028643901	-3.8743018e-09	0.006248801	45.989674	-6.7048607	0.6067493	-0.08200878	0.51832247	0.014369965	5.0	0.7505261	0.01682735	140000	83.32090497016907
35	147.77777	51.470478	321.0	102.0	3.887348	1.2151351	6.4433274	1.4189371	147.77777	6310.798	0.043824986	44.511295	19.31131	61.930744	0.050373793	1.7809824	0.106183045	2.0571434	0.89414376	-1.42011976e-08	-0.0036986112	3.784895e-09	0.0030278983	108.91773	-27.167992	0.9717527	-0.0047268867	0.53269243	0.014676273	4.0	0.7508031	0.01908506	144000	85.51886320114136
36	141.25	24.575867	187.0	99.0	4.5285754	1.1397656	7.192158	2.7840114	141.25	6437.664	0.04349773	45.979725	20.50977	65.50065	1.0879076	1.7544253	0.06933087	1.8722786	1.1459695	-3.3151544e-09	-0.0029830819	-7.629395e-09	0.0027830682	35.10082	-7.1200333	1.0337087	-0.21194255	0.5473687	0.015298486	3.0	0.7504893	0.02932703	148000	87.71239376068115
37	181.19048	43.67261	310.0	120.0	4.354535	0.99006444	6.3815737	2.9525383	181.19048	6529.3247	0.042956084	49.832848	19.97224	67.010574	0.755733	2.119145	0.19545928	2.690887	0.80949104	-2.3260023e-09	-0.0041641877	6.6757204e-09	-0.0015512684	99.38706	-35.79336	0.9590919	-0.17003012	0.5626672	0.015736878	3.0	0.7504412	0.020753779	152000	89.90765476226807
38	169.78261	55.692444	290.0	98.0	5.556842	1.9374149	10.230568	2.7040043	169.78261	6657.297	0.04267498	51.004578	21.682598	70.49858	0.90739197	1.7743902	0.07972299	1.9235595	1.1136563	4.222036e-09	-0.0042599095	-1.6689301e-09	0.0005559934	69.77603	-18.30965	2.1102827	-0.3954667	0.57840407	0.016711175	3.0	0.75059664	0.038320776	156000	92.09187936782837
39	217.66667	53.36249	379.0	153.0	6.402312	1.9403731	12.5132065	3.6928976	217.66667	6772.632	0.04232895	54.528446	21.940716	72.88503	0.20876661	2.0777159	0.48251832	3.4389584	-0.34266785	-2.255583e-08	-0.001155773	5.2452087e-09	0.0064471327	88.38175	-34.374454	2.781747	-0.8065771	0.59511524	0.017871141	3.0	0.7511915	0.01995995	160000	94.27989721298218
40	193.7	40.21828	278.0	111.0	8.712813	5.238271	29.559391	3.9237943	193.7	6947.1533	0.04236069	56.19786	22.894003	75.806725	2.5207853	2.5464118	0.277329	3.7532265	2.0358086	1.338363e-09	-0.006412081	1.7523766e-08	-0.00079154933	38.31229	-8.460665	9.138279	-1.3693581	0.6129864	0.01939559	3.0	0.7515493	0.036398202	164000	96.58074879646301
41	240.375	72.6678	423.0	163.0	6.948718	2.297067	12.859948	3.8892214	240.375	7058.6484	0.042015765	59.35403	22.278833	77.27544	0.43920782	2.4961708	1.2287943	6.4748335	-3.2113068	1.567108e-08	-0.0066597858	9.536743e-09	0.0015531797	80.47638	-31.327938	5.1828604	-2.7409072	0.632382	0.020245194	5.0	0.75081563	0.02209951	168000	98.791912317276
42	280.5	46.891594	368.0	214.0	6.9319787	1.7048447	10.274246	3.861268	280.5	7155.79	0.04160343	61.266674	22.766651	79.763504	1.4430139	2.2625244	0.44042504	3.6706636	-0.4144706	-1.4122825e-10	-0.002303283	-3.5762787e-10	0.004690171	67.308235	-29.054688	2.075233	-0.25113118	0.65262717	0.02138251	3.0	0.749578	0.01901121	172000	100.97846508026123
43	376.1	100.81414	598.0	276.0	9.206122	4.5138407	18.02491	3.664628	376.1	7248.068	0.041182205	66.76594	21.499374	82.296974	0.4906814	2.1587358	0.10042887	2.2830548	1.3347863	-4.985377e-08	-0.012047648	-1.2516975e-09	-0.015327279	123.149704	-66.19278	5.3071427	-0.03706932	0.6740097	0.021560073	17.0	0.7486976	0.0140964985	176000	102.76439905166626
44	494.25	192.14107	811.0	151.0	4.198944	2.079365	6.5716634	0.5294979	494.25	7281.912	0.040455066	76.62021	18.438448	85.58685	2.5947552	2.1527996	0.08275625	2.2674177	1.6610085	1.3342429e-08	-0.0064496887	1.0073185e-08	0.0003268199	226.9605	-13.355179	2.5005982	-2.0185704	0.69556975	0.014208913	66.0	0.74562556	0.011997944	180000	105.17769002914429
45	775.25	225.0904	1000.0	533.0	3.8677394	1.6306162	5.4973435	1.9838339	775.25	7298.072	0.039663434	80.955605	13.571096	87.47756	2.754168	0.8508608	0.12417695	1.8730912	0.5073516	2.136662e-08	-0.008393725	3.0994416e-09	-0.0009763802	182.54698	-127.34724	0.35727632	-0.18545088	0.70977867	0.021483243	3.0	0.75863695	0.030172192	184000	107.35741424560547
46	619.0	224.44228	1000.0	407.0	5.474031	4.104871	13.009032	0.5016461	619.0	7331.374	0.03899667	79.56004	18.819134	91.22116	1.5860189	0.12398343	0.2070405	0.42528886	-1.1998415	1.2041771e-08	-0.0018835635	-8.3446505e-10	0.0015014291	176.91174	-51.983322	2.323935	-0.9036846	0.7312619	0.02171266	5.0	0.75920653	0.014497557	188000	109.55285048484802
47	754.6	362.87277	1000.0	65.0	2.0655582	1.7979484	5.498383	0.26798156	754.6	7341.953	0.038239338	89.613655	9.783476	92.3946	1.487952	0.7643623	0.0969459	1.8559176	0.4524159	-4.2627315e-09	-0.0025423402	-4.224479e-09	-0.00071821146	128.37485	-23.601692	0.30752105	-0.21152279	0.75297457	0.020399272	4.0	0.7587793	0.022420341	192000	111.80291509628296
48	1000.0	0.0	1000.0	1000.0	0.56523246	0.102845915	0.68830633	0.40304154	1000.0	7344.214	0.03747048	94.18835	0.024889959	94.19825	93.76404	0.23811366	0.091521055	0.56765795	-0.096655235	1.7826397e-07	-0.00085402874	-1.2516975e-09	-0.00032576674	28.736055	-16.548042	0.041910835	-0.03088244	0.77337384	0.016849756	79.0	0.7579345	0.0024680037	196000	114.38896584510803
49	1000.0	0.0	1000.0	1000.0	0.4323035	0.09445211	0.51596254	0.27420565	1000.0	7345.9434	0.036729716	96.131424	0.011965065	96.13757	95.91574	0.065450095	0.09919566	0.36902758	-0.24100631	3.8049404e-08	-0.0011316278	-1.296401e-09	-0.00043097322	12.742168	-7.54585	0.010996665	-0.0029318612	0.7902236	0.014226079	79.0	0.75900877	0.005784506	200000	116.87196588516235
50	909.25	157.18361	1000.0	637.0	0.70417094	0.23043922	1.0716037	0.43486995	909.25	7349.089	0.036024947	97.47085	0.009091779	97.47697	97.36852	0.050463494	0.08452581	0.36247817	-0.22326939	-4.3616986e-09	-0.0042881435	-5.9604643e-10	-0.00014380379	116.063866	-0.0032958984	0.010786827	-0.0019094395	0.8044497	0.0054504275	79.0	0.7746171	0.006629773	204000	119.47422099113464
51	1000.0	0.0	1000.0	1000.0	0.49869338	0.17143622	0.78818953	0.36786947	1000.0	7351.084	0.03534175	97.476685	0.060321085	97.491066	95.8603	0.04839923	0.066747256	0.28227293	-0.2279364	-1.6767845e-07	-0.0018643942	1.7881394e-10	0.00034961125	5.428114	-3.0783694	0.006530954	-0.0010126256	0.8099001	0.005618334	79.0	0.7709158	0.003596161	208000	121.95276689529419
52	1000.0	0.0	1000.0	1000.0	0.40804896	0.08318721	0.51872486	0.31192455	1000.0	7352.716	0.03468262	98.31353	0.005801614	98.31721	98.21838	0.057229117	0.052675597	0.24551994	-0.13364777	-4.37433e-07	-0.0015979086	2.9802322e-10	-5.8925896e-05	2.4211485	-1.5177829	0.0043435087	-0.0010783076	0.81551844	0.0054490566	79.0	0.74435675	0.004279722	212000	124.45272517204285
53	1000.0	0.0	1000.0	1000.0	0.32766408	0.026108887	0.35660976	0.28633165	1000.0	7354.027	0.03404642	98.94269	0.006695687	98.94734	98.86692	0.028915273	0.046109166	0.21210845	-0.13572422	8.5732175e-08	-0.0016119595	5.2154064e-10	7.613729e-05	0.95237374	-0.60928047	0.0029802609	-0.00027115038	0.8209675	0.002797246	79.0	0.73798454	0.0035521863	216000	126.93761539459229
54	1000.0	0.0	1000.0	1000.0	0.3110817	0.02748782	0.34304687	0.28127006	1000.0	7355.271	0.03343305	99.35044	0.004042199	99.353546	99.30886	0.029852206	0.046803605	0.18918513	-0.12840277	1.8200049e-07	-0.00088649645	4.917383e-10	0.00042738894	0.35908684	-0.23508215	0.002521706	-0.00028429134	0.82376474	0.004378319	10.0	0.7260968	0.011436375	220000	129.15144848823547
55	1000.0	0.0	1000.0	1000.0	0.64591503	0.17432034	0.81220716	0.38924095	1000.0	7357.8545	0.032847565	99.60505	0.008041993	99.61109	99.47217	0.038841352	0.041819274	0.21727373	-0.1251853	-2.7810245e-07	-0.003498648	1.6391277e-10	-0.00097537553	0.1326884	-0.08863276	0.0036522804	-0.00018649152	0.82814306	0.003113687	4.0	0.72523123	0.028713044	224000	131.34260845184326
56	1000.0	0.0	1000.0	1000.0	0.30947405	0.07222654	0.43241853	0.25168064	1000.0	7359.0923	0.03227672	99.76816	0.006315307	99.772255	99.67755	0.026435696	0.04157762	0.17454661	-0.12196617	5.494775e-08	-0.0026916766	-4.1723253e-10	0.0004624059	0.04575009	-0.03132169	0.0023768877	-0.00021934323	0.83125675	0.0012834668	7.0	0.7240267	0.021420632	228000	133.01014971733093
57	1000.0	0.0	1000.0	1000.0	0.40730828	0.080023415	0.540052	0.32577792	1000.0	7360.7217	0.031727247	99.86585	0.0054555577	99.87011	99.805695	0.037374012	0.038567342	0.17525008	-0.10598511	1.9912495e-08	-0.0050514266	1.4901162e-11	-0.00074534246	0.015302745	-0.010705935	0.0021007871	-0.00020875526	0.8325402	-9.9003315e-05	5.0	0.7212297	0.028554369	232000	135.34385871887207
58	1000.0	0.0	1000.0	1000.0	0.37591478	0.09063303	0.4622223	0.22765735	1000.0	7362.2256	0.031195872	99.92389	0.0073806	99.928215	99.81926	0.015559992	0.03700176	0.1376424	-0.097249255	5.985877e-08	-0.0034894655	-2.682209e-10	0.0003918882	0.0049873674	-0.0035237686	0.0027050022	-0.00024387497	0.8324412	-0.0015362501	7.0	0.7181065	0.01719083	236000	137.5543749332428
59	1000.0	0.0	1000.0	1000.0	0.3802405	0.04366641	0.43104717	0.31051332	1000.0	7363.7466	0.030682277	99.95955	0.004087496	99.96264	99.9097	0.03500717	0.03579527	0.20852444	-0.08682676	8.667273e-09	-0.002218906	-7.0035455e-10	-0.0003355104	0.0014162061	-0.0010212768	0.0018757938	-0.0002492217	0.83090496	-0.002688527	9.0	0.71360105	0.014079121	240000	139.8884379863739
