Epoch	AverageEpRet	StdEpRet	MaxEpRet	MinEpRet	AverageEpCost	StdEpCost	MaxEpCost	MinEpCost	EpLen	CumulativeCost	CostRate	AverageVVals	StdVVals	MaxVVals	MinVVals	AverageCostVVals	StdCostVVals	MaxCostVVals	MinCostVVals	LossPi	DeltaLossPi	SurrCost	DeltaSurrCost	LossV	DeltaLossV	LossVC	DeltaLossVC	Penalty	DeltaPenalty	StopIter	Entropy	KL	TotalEnvInteracts	Time
0	16.647394	11.728872	82.0	5.0	9.963224	14.747157	139.52437	2.0531485	16.677824	2387.801	0.59695023	-0.0057990416	0.11290394	0.41155055	-0.39622638	0.0045888834	0.14896956	0.50533175	-0.5097804	2.8133393e-08	-0.02008026	-1.1920929e-07	0.10860403	225.0715	-23.778412	337.29764	-19.566956	0	0	5.0	0.9189385	0.018021803	4000	2.6949303150177
1	19.56794	11.405021	57.84898	5.0	10.209803	10.649874	93.94357	1.7867763	19.583334	4473.8916	0.55923647	1.0219418	0.52080137	3.2315943	-1.204029	0.87915224	0.6496018	3.9097471	-1.9961331	-1.9311905e-08	-0.014547735	2.0980835e-08	0.05998321	206.1853	-69.4823	157.92987	-30.52015	0	0	7.0	0.91720885	0.01561133	8000	5.1316773891448975
2	24.258812	14.765211	95.0	6.0	14.525401	18.70234	112.533745	1.7034825	24.343557	6854.0557	0.5711713	4.7341456	0.60390604	6.796859	1.7124776	3.6156921	1.1478218	7.8440843	-2.357435	3.33786e-08	-0.015620738	-3.569126e-07	0.1763174	226.68813	-82.09213	350.85388	-68.94476	0	0	9.0	0.91487604	0.015925776	12000	7.7970194816589355
3	37.844925	18.890852	100.0	9.0	29.932049	30.01322	131.3914	2.8873956	38.307693	9971.873	0.6232421	10.055804	0.52538323	11.203881	7.294426	9.069227	1.3849636	12.709966	1.4016155	-7.724762e-08	-0.016644938	1.335144e-07	0.25674012	278.11618	-76.02101	666.79626	-144.06732	0	0	79.0	0.9124974	0.008567049	16000	10.828791856765747
4	45.84509	23.672258	113.0	11.0	42.740196	34.182053	125.185165	2.5032442	46.32558	13651.495	0.68257475	15.075045	0.44229227	16.061155	11.699205	16.145031	0.4248118	17.030756	13.764076	-1.6093255e-09	-0.01624614	-2.6369094e-07	0.25080502	305.0647	-53.96843	674.95764	-96.209656	0	0	79.0	0.9103051	0.0067806607	20000	14.011990308761597
5	62.410458	26.215302	159.0	14.0	54.644726	28.271154	114.977066	3.1523294	63.412697	17095.523	0.7123135	18.365187	1.7499382	20.281061	6.195953	20.63365	0.13120739	20.975676	19.89862	-7.152557e-09	-0.008874813	3.71933e-08	0.10087098	387.09616	-64.09372	474.5765	-47.895233	0	0	79.0	0.89759964	0.0041876067	24000	17.149375438690186
6	70.88369	23.333513	124.196236	18.0	68.50527	28.672312	137.17017	9.282499	72.0	20900.25	0.7464375	21.311945	3.3179996	23.196508	-5.120524	23.357206	0.086646184	23.577896	22.925676	-1.2874604e-08	-0.006824637	-2.2315979e-07	0.06286545	351.4845	-42.268524	582.24835	-67.645996	0	0	79.0	0.893705	0.0035170065	28000	20.2739737033844
7	93.94818	39.311302	238.69551	12.0	70.682	23.88303	131.28136	11.919189	95.14286	23870.46	0.7459519	23.378937	4.084415	25.34617	-9.14044	26.198605	0.06478972	26.351706	25.871157	-4.673004e-08	-0.006246292	-3.1137466e-07	0.06370358	612.64764	-84.017456	356.87125	-16.352417	0	0	79.0	0.8733132	0.004240923	32000	23.350529432296753
8	105.67285	52.982124	339.13486	37.040604	71.261696	23.369884	132.19337	27.406446	107.13513	26513.055	0.73647374	26.95251	3.8505335	28.200546	-9.668285	27.618635	0.048511498	27.739346	27.314785	4.768372e-10	-0.003656128	1.04904174e-07	0.02556716	729.8217	-73.454346	308.09628	-1.8962708	0	0	79.0	0.8684251	0.0017320013	36000	26.583484649658203
9	118.943115	67.99187	448.34396	51.34422	78.53258	23.60291	158.51414	33.6084	120.818184	29106.523	0.7276631	29.55812	4.1468654	30.751646	-10.094646	28.081484	0.12591125	28.364	27.176615	1.0609627e-08	-0.003911578	6.9618224e-08	0.028199958	815.9296	-69.541016	333.84653	-4.3314514	0	0	79.0	0.86177063	0.0037054764	40000	30.12480878829956
10	98.86525	37.66333	220.81754	34.017944	75.963036	21.29327	119.30409	10.751353	100.47369	32028.148	0.7279125	31.787539	4.7922597	33.125477	-14.231869	28.751328	0.2036973	29.070621	26.777088	2.9683113e-08	-0.0071438737	2.7275087e-07	0.010920228	496.2448	-18.61435	269.07324	-16.32286	0	0	79.0	0.85580885	0.0058367024	44000	33.51016688346863
11	138.31963	73.60399	363.57306	60.0	74.77278	24.623909	123.65553	19.179583	139.89285	34191.234	0.7123174	32.747643	5.801802	34.382744	-13.894736	29.721296	0.9361038	30.31338	15.6796055	1.2755394e-08	-0.0068933265	-1.5258789e-07	0.016286751	882.45416	-75.931335	292.35	-9.199951	0	0	79.0	0.8312049	0.0031270515	48000	36.886165380477905
12	151.17242	62.827705	299.7292	79.60199	81.633095	25.54178	128.42465	23.332767	152.5	36347.027	0.6989813	35.115128	5.9195786	36.74513	-11.140546	28.488039	3.6506927	30.074692	-6.9406834	-3.218651e-08	-0.004920135	2.3698807e-07	0.017154928	807.5806	-64.10333	278.258	-1.4590454	0	0	79.0	0.8110938	0.0028645117	52000	39.92790126800537
13	192.9961	116.93459	498.45438	53.556126	85.41841	20.853493	126.261246	41.241936	194.75	38097.137	0.680306	36.25751	7.3159084	38.896225	-11.116099	29.1752	2.3456678	30.019302	0.56378317	-2.6583672e-08	-0.0061658863	-2.8610229e-08	0.00041981792	1178.8357	-130.61572	248.22427	-4.0173798	0	0	79.0	0.8026305	0.005008309	56000	42.96943974494934
14	166.18964	97.155785	492.89456	47.0891	82.52871	22.82263	135.79022	36.604877	167.78261	40045.652	0.66742754	41.099266	3.5815978	41.695755	-15.658254	27.839096	3.353231	29.318918	-5.6406937	-4.4107438e-09	-0.0053841146	-1.2159347e-07	0.017767074	924.46027	-51.531372	234.93675	-2.3018494	0	0	79.0	0.7958804	0.0041712164	60000	46.17714476585388
15	539.88434	364.88046	1000.0	107.475204	89.42133	16.65078	125.954475	75.73037	541.1429	40727.324	0.63636446	43.37527	0.1468865	43.447826	42.04628	28.121656	2.1661146	28.978722	-1.393883	4.3928623e-08	-0.0032281757	5.90086e-08	0.0022843662	2254.2512	-299.906	342.07812	-100.05917	0	0	79.0	0.803145	0.0031316308	64000	49.011191606521606
16	461.74933	282.4087	951.73083	80.944115	80.473114	20.19009	116.47962	48.468052	462.875	41464.965	0.6097789	47.097725	0.11083073	47.16257	46.031704	23.96137	4.405027	25.917694	-15.174522	3.5405158e-08	-0.0062262667	-2.541542e-07	0.012593627	1788.4873	-182.50952	252.30745	-70.15558	0	0	79.0	0.8014176	0.0075682127	68000	52.113544940948486
17	395.92755	259.03864	1000.0	116.38898	103.07469	33.920033	170.37883	52.50836	397.7	42499.793	0.59027493	49.6995	1.0956907	49.924522	24.266556	22.24841	0.86781394	23.52957	18.118612	4.0411948e-08	-0.0049816794	-5.1021576e-08	-0.028746763	1440.8779	-165.43323	267.79868	-17.477081	0	0	79.0	0.77614826	0.005871945	72000	55.239898443222046
18	491.19943	326.09232	1000.0	150.0	63.124916	27.89276	122.82523	30.170975	492.125	43015.777	0.56599706	51.825314	2.636956	52.119713	-12.756501	18.230791	3.4114141	22.36026	-5.997673	6.7830086e-08	-0.0056092623	1.5187264e-07	0.015917841	1513.7968	-128.656	142.97588	-85.56698	0	0	79.0	0.76886374	0.0041482374	76000	58.14102506637573
19	1000.0	0.0	1000.0	1000.0	92.56626	9.339391	98.61425	76.429535	1000.0	43386.043	0.54232556	54.168385	0.22798084	54.275517	51.32511	11.745961	1.0558745	14.388996	8.504172	7.1525574e-10	-0.002365204	5.030632e-08	-0.005864209	1789.1925	-216.11426	71.59973	-16.604527	0	0	79.0	0.76003194	0.004716483	80000	60.85864305496216
20	981.4239	32.174767	1000.0	925.69556	79.66314	12.853192	95.29135	60.40913	981.75	43726.035	0.52054805	56.871193	0.06124565	56.904716	56.377144	7.7818894	1.3837178	10.661054	-3.3413851	2.18153e-08	-0.005032058	-3.862381e-08	0.0042616287	1532.5248	-163.41455	31.9042	-2.5830479	0	0	79.0	0.7641701	0.0026952738	84000	64.01083755493164
21	886.0	197.4538	1000.0	544.0	65.82698	8.215794	79.64847	58.18671	886.0	44059.95	0.5006812	59.158142	0.036503807	59.17935	58.678623	6.607131	0.77720857	8.829763	4.191057	-8.0347064e-08	-0.006657511	-1.0490417e-08	0.011196241	1342.5833	-135.35876	22.045706	-0.16644096	0	0	17.0	0.7684796	0.013100031	88000	66.6237199306488
22	876.4324	198.40411	1000.0	533.34143	105.56205	32.67746	148.24405	61.491337	877.75	44564.89	0.484401	61.022747	1.6807956	61.204514	9.510588	7.0204735	0.7751672	10.150245	4.710136	-4.48823e-08	-0.0038030818	3.0636787e-08	0.0056829345	1193.976	-125.721924	58.290806	-9.274555	0	0	79.0	0.7702323	0.0026485315	92000	69.3828477859497
23	715.6693	314.89703	1000.0	138.13535	94.433266	12.693085	105.92177	77.010735	716.4	45111.734	0.4699139	61.884853	7.7841344	63.018	-49.42902	9.471773	1.5505586	14.879555	4.3684645	-8.881092e-09	-0.0039888904	-8.59499e-08	-0.030432979	1030.4668	-104.27942	79.8587	-1.4390259	0	0	7.0	0.80674005	0.010319872	96000	72.04656195640564
24	716.8435	271.95517	1000.0	269.51938	66.022316	11.800836	79.8521	51.92696	717.0	45501.71	0.45501712	64.524185	0.1693003	64.5729	59.776047	9.55854	1.4896024	13.304166	-0.89504874	-2.336502e-08	-0.001797528	6.198883e-09	0.018643789	974.138	-73.956055	43.17596	-9.080437	0	0	9.0	0.8092818	0.011870222	100000	74.63775706291199
25	799.98254	326.23154	1000.0	235.49083	82.65605	24.291872	123.14563	62.926296	801.0	45925.176	0.44158822	65.2241	5.4222484	66.04214	-32.242245	7.0840273	1.0683502	9.91628	0.31728256	-3.3140182e-08	-0.010352497	5.2928925e-08	-0.008307972	954.2358	-95.269226	48.29282	-2.3469048	0	0	79.0	0.81072277	0.005905826	104000	77.38051438331604
26	898.25	176.23618	1000.0	593.0	71.11116	18.765663	89.74971	41.722393	898.25	46276.73	0.42848825	67.533066	0.22819607	67.5808	62.52377	8.245543	1.3907602	11.606138	2.8363562	-7.6532366e-08	-0.0044270447	2.2172928e-08	0.0030755615	861.0458	-81.00983	31.176888	-1.1427898	0	0	79.0	0.7962149	0.0021527484	108000	80.14659690856934
27	1000.0	0.0	1000.0	1000.0	81.99357	20.335413	113.766205	57.80949	1000.0	46604.703	0.4161134	69.08644	0.09100645	69.11774	67.718285	7.4058223	0.9640026	10.445085	3.740817	-9.56297e-07	-0.003891653	1.3351441e-08	0.0002392559	813.347	-86.567505	27.812954	-0.41378212	0	0	79.0	0.7904506	0.0034456907	112000	82.90554356575012
28	1000.0	0.0	1000.0	1000.0	86.64247	17.358534	111.47886	64.08197	1000.0	46951.273	0.40475234	70.692665	0.03629489	70.707054	70.09797	6.81509	0.926294	9.185527	2.753341	-1.0490417e-08	-0.003143843	-2.2649765e-08	0.0093057	731.19775	-78.242065	32.856617	-0.10656357	0	0	79.0	0.7691882	0.004483943	116000	85.79708075523376
29	1000.0	0.0	1000.0	1000.0	102.31523	15.358605	127.10998	86.38295	1000.0	47360.535	0.3946711	72.220055	0.009669348	72.22951	72.05579	7.1579986	0.9613085	10.096034	3.7539313	-1.0044574e-06	-0.0037957781	-3.8146974e-09	0.004306298	656.9245	-70.538025	36.894257	-0.66168594	0	0	79.0	0.75949496	0.0023224738	120000	88.56750750541687
30	1000.0	0.0	1000.0	1000.0	97.44718	1.0416229	98.476494	96.14084	1000.0	47750.324	0.38508326	73.67177	0.011144834	73.67961	73.396225	7.546548	1.2953151	12.261332	2.4478917	2.9850005e-07	-0.0016618528	1.180172e-08	-0.0063860766	590.05927	-63.837402	40.950657	-0.17296219	0	0	79.0	0.72560155	0.0046087787	124000	91.39966106414795
31	1000.0	0.0	1000.0	1000.0	78.95136	6.8641553	85.39166	67.741455	1000.0	48066.13	0.37551662	75.06001	0.00514789	75.06484	74.99905	7.431662	1.3515608	11.381627	3.4580927	-8.8477134e-07	-0.0025195244	-1.4066696e-08	-0.023781566	529.4796	-57.87375	29.281052	-1.601717	0	0	5.0	0.72628754	0.017037384	128000	93.89025020599365
32	819.18445	309.88385	1000.0	282.46512	67.144005	5.8595986	72.71649	57.880383	820.25	48383.855	0.36654437	76.249985	2.7248905	76.39193	-14.690046	6.3383894	1.6034137	11.250255	-1.247667	-2.2530555e-08	-0.0037706788	-1.66893e-08	2.9838562e-05	506.677	-48.76056	28.48399	-1.8995533	0	0	79.0	0.725523	0.002623656	132000	96.77898097038269
33	1000.0	0.0	1000.0	1000.0	54.69234	2.5761697	57.747604	51.791924	1000.0	48602.625	0.35737225	77.4416	0.03209776	77.453415	76.6688	5.483446	0.6495733	7.6350384	3.369936	1.1873245e-07	-0.0014014819	-6.6757204e-09	-0.0027313838	433.2253	-48.11389	14.058869	-0.9112873	0	0	79.0	0.7066756	0.0031286501	136000	99.5918836593628
34	772.4	279.68024	1000.0	395.0	52.386738	6.143537	59.72653	43.06814	772.4	48892.664	0.34923333	78.66019	0.037444882	78.67294	77.980835	4.592184	0.61037487	6.675039	2.6832387	-8.106232e-09	-0.0052100257	1.859665e-08	-0.0012245267	430.54538	-26.328949	16.783619	-0.16241646	0	0	79.0	0.72043264	0.004132702	140000	102.44073510169983
35	801.25	344.2451	1000.0	205.0	54.81243	5.7013845	63.82804	48.869915	801.25	49166.18	0.3414318	79.60244	0.024283487	79.61253	79.18314	4.972162	0.5629417	6.868964	2.9534817	-1.1324882e-08	-0.0025052319	-1.7762185e-08	0.003501191	387.16837	-32.203186	19.59598	-0.061244965	0	0	5.0	0.7031853	0.014224725	144000	105.03122138977051
36	938.709	106.15913	1000.0	754.836	51.322784	8.013077	61.453465	41.543972	939.0	49405.645	0.33382192	80.63038	0.015955675	80.63684	80.3384	4.809022	0.5810661	6.608507	2.8881867	-2.3722649e-08	-0.0035698514	-5.9604643e-10	0.010685084	349.90738	-28.690979	14.425957	-0.28118134	0	0	7.0	0.70229536	0.017267492	148000	107.42118048667908
37	907.6247	159.99872	1000.0	630.4988	51.07086	9.796905	62.409245	38.991547	907.75	49635.453	0.32654902	81.62044	0.012733161	81.62599	81.43873	4.501888	0.2904552	5.526053	3.3989587	-1.6212464e-08	-0.0047119693	-2.4437904e-08	0.004295955	321.07507	-25.9151	14.3672695	-0.03964615	0	0	79.0	0.7027041	0.002532565	152000	110.0817883014679
38	601.2321	273.1868	983.2931	156.06502	51.6498	7.509813	60.632195	36.78822	602.5	49983.62	0.32040784	82.55603	0.20633154	82.577484	78.002884	4.2897105	0.31795874	5.3616886	2.8117554	6.437302e-09	-0.007477939	-5.5372716e-08	-0.0009580173	538.4331	-23.548584	28.743254	-3.6951847	0	0	79.0	0.7127378	0.0033178495	156000	113.09573006629944
39	1000.0	0.0	1000.0	1000.0	53.043953	3.0279522	57.372585	48.813488	1000.0	50195.797	0.31372374	82.699	1.1886654	82.84524	29.426188	6.160261	0.2079748	6.884481	5.0686646	-2.2125244e-07	-0.0041904976	-3.6597253e-08	-0.009493066	256.29547	-35.45938	16.979929	-4.2427797	0	0	8.0	0.7344292	0.016657103	160000	115.79429340362549
40	891.87384	143.30804	1000.0	650.73694	52.856915	9.373153	62.41501	41.096508	892.5	50545.29	0.30820298	83.84789	0.07238797	83.86028	82.256615	4.1771107	0.15228333	4.6996903	3.3525949	-4.768372e-10	-0.002569584	-8.1539156e-08	0.008177852	321.70026	-14.735199	88.8171	-10.428261	0	0	79.0	0.73561436	0.002097709	164000	118.78880858421326
41	1000.0	0.0	1000.0	1000.0	51.06069	8.057666	63.423634	41.422634	1000.0	50749.535	0.30208057	84.620056	0.033282105	84.629425	83.9038	6.3328524	1.0756497	9.3782425	3.072658	6.313324e-07	-0.0018273724	-5.942583e-08	0.007874927	201.34306	-27.063477	15.906291	-4.6178923	0	0	79.0	0.7703671	0.004488491	168000	121.90449547767639
42	376.97025	281.5903	948.2998	88.989555	49.131756	17.57724	88.9908	30.552292	377.7	51267.758	0.29806834	85.40843	2.6865418	85.642075	26.891935	4.7100096	1.5258919	10.477497	-1.1121677	4.23193e-09	-0.010663539	1.5497208e-09	0.013257411	766.762	-10.384766	59.340725	-14.674118	0	0	79.0	0.7781192	0.004309481	172000	124.73896908760071
43	546.17194	257.90216	1000.0	185.64479	56.163364	13.226893	81.858475	39.948124	546.7143	51682.24	0.29364908	85.194466	0.10486459	85.217606	83.72395	8.4200325	1.3437426	13.779232	4.9270372	-2.6226044e-09	-0.003174892	-2.336502e-08	-1.2738586e-05	523.4261	-0.3651123	39.091393	-2.2940292	0	0	79.0	0.80610716	0.0026500404	176000	127.6075828075409
44	836.95447	282.40323	1000.0	347.81772	50.6009	10.688637	65.00731	38.536613	837.0	51924.66	0.28847033	85.11653	0.084950075	85.13917	83.78133	6.8245516	0.5655653	10.202081	4.898366	4.005432e-08	-0.0051718615	7.867813e-09	-0.0022775675	240.46892	-17.442642	21.934258	-4.5886593	0	0	79.0	0.8004338	0.003874221	180000	130.72716355323792
45	1000.0	0.0	1000.0	1000.0	51.649525	8.397163	63.48726	39.783962	1000.0	52131.258	0.28332207	85.93778	0.07704611	85.95911	84.55163	4.643746	0.4498369	6.337262	3.2090504	2.8896332e-07	-0.0035457124	2.8371812e-08	-0.00057791505	168.35315	-25.90709	13.705078	-1.0347366	0	0	79.0	0.82174075	0.005308853	184000	133.79888153076172
46	1000.0	0.0	1000.0	1000.0	46.759132	7.6613026	59.875565	40.75457	1000.0	52318.293	0.27828878	87.008675	0.061162975	87.02131	85.62473	3.7991188	0.17336832	4.3575788	2.8779118	4.9996373e-07	-0.0020873793	-2.3722649e-08	-0.0034396562	143.68835	-22.970528	13.010029	-0.33626366	0	0	79.0	0.8366075	0.0035721043	188000	137.27086663246155
47	1000.0	0.0	1000.0	1000.0	33.868027	3.7861214	39.121727	30.025284	1000.0	52453.766	0.2731967	88.03696	0.026655184	88.04537	87.437454	3.2752094	0.2023473	3.8318732	2.455039	-4.4369696e-07	-0.0031940439	1.4603138e-08	-0.0003405389	121.82914	-19.902313	5.5407157	-0.41075945	0	0	79.0	0.82220185	0.0047353418	192000	139.9421465396881
48	1000.0	0.0	1000.0	1000.0	41.8982	5.5879188	51.165154	36.357346	1000.0	52621.36	0.26847634	88.99611	0.058793783	89.01124	87.71587	2.6157842	0.19602327	3.2361557	1.7294196	-1.18970874e-07	-0.0022553562	-1.513958e-08	-0.0035375368	103.09981	-17.282387	9.592943	-0.3631153	0	0	79.0	0.82582545	0.0032998095	196000	142.63211750984192
49	1000.0	0.0	1000.0	1000.0	37.38838	5.360075	43.588802	28.816088	1000.0	52770.91	0.26385456	89.91494	0.013105147	89.92235	89.769775	3.135388	0.1550984	3.6027892	2.2174575	-9.870529e-07	-0.0031610383	1.3947487e-08	-0.0033115745	86.58547	-14.865921	7.4199014	-0.0937891	0	0	79.0	0.79118186	0.008170396	200000	145.42454195022583
