Epoch	AverageEpRet	StdEpRet	MaxEpRet	MinEpRet	AverageEpCost	StdEpCost	MaxEpCost	MinEpCost	EpLen	CumulativeCost	CostRate	AverageVVals	StdVVals	MaxVVals	MinVVals	AverageCostVVals	StdCostVVals	MaxCostVVals	MinCostVVals	LossPi	DeltaLossPi	SurrCost	DeltaSurrCost	LossV	DeltaLossV	LossVC	DeltaLossVC	Penalty	DeltaPenalty	StopIter	Entropy	KL	TotalEnvInteracts	Time
0	17.460526	7.372496	61.0	8.0	0.3843235	0.32410935	3.5837262	0.025043769	17.460526	87.643005	0.021910751342773437	-0.0066314247	0.22646905	0.5154871	-0.52389735	0.01016251	0.56690735	1.3574955	-1.4505806	-7.200241e-08	-0.020544272	1.66893e-08	-0.0007271522	146.76997	-21.785133	0.48859668	-0.39628586	0	0	7.0	0.6750116	0.017259842	4000	10.486369371414185
1	21.299465	10.821653	84.0	8.0	0.45148823	0.3964689	3.9503627	0.020536304	21.299465	172.23373	0.021529216766357422	1.1067978	0.19245562	2.0838668	0.4005343	0.2604515	0.03405046	0.5127096	0.104526006	-7.8678134e-08	-0.01085631	2.3841857e-09	0.00074245344	210.49362	-77.30759	0.12491836	-0.009491675	0	0	9.0	0.6916623	0.014428521	8000	18.928849697113037
2	24.99375	10.75552	59.0	10.0	0.40895787	0.33499718	1.9357524	0.029700855	24.99375	237.70032	0.01980835978190104	5.1277637	0.4897536	6.794004	2.3608315	0.2670476	0.1050887	0.6755624	-0.38153926	4.673004e-08	-0.0126512265	-1.9967556e-09	0.0006294217	153.97826	-62.926193	0.07805883	-0.016818266	0	0	79.0	0.68276024	0.0054057282	12000	24.78831195831299
3	32.917355	18.830513	105.0	9.0	0.5917588	0.92793804	8.955262	0.018881364	32.917355	309.8346	0.019364662170410156	10.285749	0.5299725	12.747983	7.146039	0.2336917	0.032213993	0.410551	0.10916508	5.5909158e-08	-0.015722778	4.708767e-09	0.003715049	248.17453	-62.799713	0.83444756	-0.19421655	0	0	79.0	0.6726898	0.005066779	16000	32.69250154495239
4	39.95	24.541548	108.0	9.0	2.7949915	20.875673	210.25426	0.0652525	39.95	589.3825	0.02946912536621094	14.767362	2.120373	18.059649	-7.2327375	0.33248597	0.54859096	2.4956028	-2.9310656	-2.4914742e-08	-0.014282819	2.002716e-08	0.04218681	297.9942	-48.090073	448.95496	-52.31143	0	0	79.0	0.6598059	0.0047096666	20000	39.962059020996094
5	60.584614	29.954782	136.0	20.0	3.8901083	9.610641	66.65842	0.086332254	60.584614	842.63605	0.03510983530680339	19.02027	0.95323086	21.015846	10.7010145	2.34466	3.4935586	11.459132	-11.041985	7.1525574e-10	-0.013907566	6.7949294e-08	0.01580655	426.56644	-69.448944	76.565796	-21.360054	0	0	79.0	0.6440847	0.004474624	24000	47.49719595909119
6	77.5098	42.294193	220.0	12.0	83.5071	186.28181	727.0045	0.04804435	77.5098	5102.1836	0.18222084263392857	22.113308	3.336862	24.287073	-5.181626	2.9000196	1.4564152	7.544189	-3.5767732	-3.6120415e-08	-0.012849036	2.2611619e-06	0.3125109	604.3032	-91.08545	20681.656	-1354.1406	0	0	79.0	0.63332874	0.004780095	28000	53.86629343032837
7	108.30556	60.820236	234.0	13.0	113.219055	190.77486	621.8205	0.025945075	108.30556	9179.393	0.28685601806640626	26.313194	2.1738386	27.250717	-0.60225296	14.344805	0.80735534	15.823392	9.322083	-7.101893e-08	-0.012237394	1.4219285e-06	0.084606685	924.10236	-126.44025	16484.393	-780.0488	0	0	79.0	0.6149344	0.0032333022	32000	63.06321740150452
8	165.54167	48.706585	302.0	50.0	296.04807	280.6301	915.2485	0.483618	165.54167	16284.986	0.45236073133680554	29.37771	3.661548	30.52081	-9.119795	20.994688	0.17620124	21.24325	19.512396	-4.6253206e-08	-0.0059683635	4.188538e-06	0.08064103	1086.9482	-141.82458	35743.11	-1139.9258	0	0	79.0	0.61977553	0.0031533088	36000	73.45979595184326
9	207.73685	118.62007	500.0	19.0	228.67172	264.05023	798.40076	0.13027911	207.73685	20630.482	0.515762060546875	32.6975	3.291277	33.62489	0.19348377	26.109304	0.053917088	26.211979	25.722826	-1.8715859e-08	-0.008079956	-3.914833e-07	-0.03207793	1529.7686	-175.12451	19765.332	-283.11133	0	0	79.0	0.6064066	0.0039667147	40000	78.49555826187134
10	268.57144	91.07745	500.0	183.0	526.9081	338.85754	1311.3663	32.30836	268.57144	28012.215	0.6366412464488637	35.223343	4.438256	36.690865	-4.993033	28.373325	0.08009994	28.475008	27.875574	5.173683e-08	-0.0046830303	3.8719176e-07	-0.015151188	1569.5609	-181.24683	44991.4	-865.4844	0	0	79.0	0.59933066	0.0026349884	44000	87.51659846305847
11	264.35715	113.995995	500.0	66.0	430.7574	307.26205	1007.77606	7.1069617	264.35715	34049.69	0.7093685709635417	39.148148	2.7208333	39.54036	-7.507912	31.671417	0.14013046	31.839695	30.934557	1.07288365e-08	-0.0055906996	-5.021095e-07	0.1385831	1506.3138	-130.78906	31862.479	-503.67773	0	0	79.0	0.60432035	0.0035238957	48000	97.57015562057495
12	354.6	121.91981	500.0	165.0	268.3124	195.35046	587.8995	14.696312	354.6	36740.113	0.7065406400240385	41.77315	0.2605931	41.88606	39.185062	34.105156	0.047188643	34.190727	33.80457	4.87566e-08	-0.004007037	-2.8324126e-07	-0.01675408	1773.473	-160.18127	8391.226	-41.479492	0	0	79.0	0.59328675	0.0022602258	52000	105.80082154273987
13	351.9	101.368095	500.0	148.0	598.8534	307.1904	1420.3188	327.62585	351.9	42737.598	0.76317138671875	44.190693	0.4856405	44.31573	38.778534	34.870773	0.118723825	34.975815	33.89731	3.2901763e-08	-0.0059762783	-2.9706955e-06	0.004641146	1593.8345	-139.93677	30740.232	-447.63086	0	0	79.0	0.5977117	0.00548216	56000	113.96910858154297
14	396.1111	90.52618	500.0	242.0	526.99335	595.17993	1734.9563	13.942809	396.1111	47485.816	0.7914302734375	44.99962	4.856772	46.481308	-1.0790238	37.00446	0.029751882	37.055412	36.880955	-2.5629998e-08	-0.0044105807	-8.9883804e-07	0.08243853	1517.568	-136.1388	42486.2	-233.30469	0	0	79.0	0.5912316	0.00683131	60000	120.90582633018494
15	250.73334	67.40373	388.0	161.0	875.33295	468.84518	1862.9717	286.82748	250.73334	60664.83	0.947887939453125	43.29778	11.307426	48.58723	-23.091888	38.636154	0.017532742	38.66984	38.58008	4.133582e-08	-0.0055415225	4.1694643e-06	0.15532441	796.9804	-65.890015	114117.766	-1834.8359	0	0	79.0	0.59095305	0.0073756864	64000	130.57908701896667
16	404.0	110.382164	500.0	242.0	315.7133	329.85382	727.4626	8.4053545	404.0	63767.645	0.9377594784007353	49.054688	4.04531	50.061207	11.953585	42.49437	0.0181141	42.526043	42.424965	1.0550022e-08	-0.0023735391	3.9577483e-08	-0.098823674	1316.9497	-99.39758	14808.038	-46.38379	0	0	79.0	0.58331215	0.0047390405	68000	134.51633310317993
17	467.375	86.317635	500.0	239.0	164.93019	207.57225	506.5037	4.741593	467.375	65098.418	0.9041446940104166	51.70019	0.38716698	51.828606	49.06262	43.274033	0.06318672	43.327568	42.7967	2.667308e-09	-0.0045060613	-1.057446e-06	0.05792297	1356.359	-97.31799	4271.14	-2.3051758	0	0	15.0	0.57476413	0.012200246	72000	140.30615520477295
18	362.0	115.730095	500.0	160.0	720.06396	772.1352	2563.777	29.822874	362.0	73019.234	0.9607793996710526	53.575897	0.0019969612	53.57803	53.56387	42.98058	0.28513354	43.192837	40.766884	3.33786e-08	-0.005546636	6.5803526e-08	0.103898376	1090.1718	-52.624023	75794.2	-610.1953	0	0	79.0	0.58632094	0.0035663277	76000	149.06385254859924
19	281.7857	92.66158	465.0	119.0	661.09467	215.07788	1069.8685	289.54254	281.7857	82274.945	1.02843681640625	54.912243	0.0019389649	54.91415	54.898582	45.108	0.004617758	45.119083	45.090588	-5.3644182e-09	-0.0048706895	1.2712478e-06	-0.14980218	851.6212	-22.206238	47227.023	-765.5742	0	0	79.0	0.58500075	0.004155774	80000	161.69318056106567
20	358.9091	98.70199	500.0	213.0	448.8041	253.01546	808.12537	38.854416	358.9091	87213.45	1.0382553943452382	55.800594	0.0026849655	55.80333	55.77531	47.517788	0.006214288	47.530712	47.49069	7.6174736e-08	-0.0021602325	-1.1572838e-06	-0.0068478915	976.26636	-39.319702	19803.178	-148.7539	0	0	79.0	0.5814854	0.0039330577	84000	170.0691113471985
21	489.25	28.441826	500.0	414.0	88.63579	124.160255	311.69083	8.360956	489.25	87923.945	0.9991357421875	56.946274	0.006306981	56.951454	56.859627	48.655952	0.0067387163	48.67379	48.630028	2.8610229e-08	-0.0014915247	-7.8964234e-07	-0.020661365	1112.5175	-66.18701	2326.013	-20.404785	0	0	79.0	0.56944203	0.0058461046	88000	175.21748089790344
22	471.625	75.0732	500.0	273.0	347.42615	484.66193	1256.7747	22.191605	471.625	90706.29	0.9859379245923913	58.25551	1.0703998	58.451923	36.550167	48.315903	0.01839537	48.34326	48.226055	-2.002716e-08	-0.0025073201	1.8978119e-07	0.12550236	1027.8456	-65.76434	20595.72	-8.308594	0	0	79.0	0.57179284	0.0034480637	92000	182.2300877571106
23	459.375	107.48365	500.0	175.0	160.3759	184.54056	516.15497	14.864547	459.375	91995.94	0.958291015625	59.867992	0.1294584	59.92066	58.216564	48.50969	0.0070736534	48.523266	48.47916	-4.6133994e-08	-0.0046582404	2.9420852e-07	0.015098529	988.71497	-53.420227	4346.716	-11.328613	0	0	79.0	0.5745359	0.0050774	96000	188.67382168769836
24	500.0	0.0	500.0	500.0	26.420837	15.251442	52.799778	5.38744	500.0	92207.305	0.922073046875	61.283764	0.014463165	61.29122	61.140324	48.233658	0.0042341854	48.243034	48.215015	-1.4305115e-09	-0.0038278443	-1.411438e-07	0.052684005	960.89594	-48.643433	1933.6877	-63.271973	0	0	12.0	0.5820032	0.012044605	100000	193.03815746307373
