Epoch	AverageEpRet	StdEpRet	MaxEpRet	MinEpRet	AverageEpCost	StdEpCost	MaxEpCost	MinEpCost	EpLen	CumulativeCost	CostRate	AverageVVals	StdVVals	MaxVVals	MinVVals	AverageCostVVals	StdCostVVals	MaxCostVVals	MinCostVVals	LossPi	DeltaLossPi	SurrCost	DeltaSurrCost	LossV	DeltaLossV	LossVC	DeltaLossVC	Penalty	DeltaPenalty	StopIter	Entropy	KL	TotalEnvInteracts	Time
0	15.708661	8.69891	53.0	5.0	1.2602167	6.2360797	88.54847	0.04616424	15.708661	320.29547	0.08007387	0.00039253235	0.11248627	0.42760396	-0.42412785	0.0041751405	0.14984967	0.5029598	-0.5266247	1.5935386e-08	-0.0062624332	-5.984306e-08	-0.010256975	151.14146	-20.594147	67.317795	-4.7380905	0.84999996	-0.025278866	41.0	0.9189385	0.013194885	4000	2.761573076248169
1	16.17004	9.399987	63.0	5.0	0.5951018	1.6043926	21.086052	0.035965607	16.17004	467.4667	0.05843334	1.0766665	0.36407176	2.388582	-0.20590183	0.64901316	0.57704544	3.1244519	-1.999004	-2.6933627e-08	-0.0043015294	8.34465e-09	0.0038576296	149.59825	-54.43476	3.6786602	-0.13118792	0.8247211	-0.019366384	7.0	0.9211277	0.014409639	8000	5.035998344421387
2	19.845772	8.909221	64.0	4.0	0.49934343	0.77476543	5.8244033	0.018512627	19.845772	567.9025	0.04732521	4.6775165	0.17297362	5.5131636	3.069779	0.71216124	0.4746	2.6669745	-1.4107633	2.295395e-08	-0.0034646275	5.364418e-10	0.0046322057	103.4979	-39.91025	0.84409404	-0.22341156	0.8053547	-0.019714117	8.0	0.91917765	0.013001779	12000	7.331624507904053
3	22.460674	11.172354	76.0	5.0	0.72162294	1.6103864	13.161714	0.02663166	22.460674	696.3533	0.04352208	9.099162	0.41839433	11.170994	6.7521954	0.51815075	0.28961807	1.6382669	-0.764924	-1.9851743e-08	-0.007695843	4.6491624e-09	0.0026279555	100.539764	-15.670235	2.9365551	-0.24858236	0.7856406	-0.032810807	79.0	0.91567767	0.008102184	16000	9.907213687896729
4	26.651007	11.576953	65.0	8.0	1.1347368	1.8212278	10.513457	0.030557655	26.651007	865.72296	0.04328615	12.05391	1.3273897	15.460795	1.3025546	0.7080262	0.10664347	1.1681433	0.22386077	-1.8811972e-08	-0.008848179	-4.529953e-09	-0.01620171	97.99497	-7.344879	2.685037	-0.16297483	0.7528298	-0.014005899	63.0	0.9189032	0.012169993	20000	12.38936972618103
5	29.32353	11.270003	73.0	11.0	0.7142739	0.75317246	3.6641195	0.016944464	29.32353	963.0443	0.040126845	14.011521	1.1382496	16.45232	7.171936	1.0550905	0.09327768	1.3142725	0.7580768	-5.5049214e-09	-0.003429227	-1.1503697e-08	0.0032965376	95.035	-7.0863953	0.594019	-0.2465651	0.7388239	-0.0242064	79.0	0.9111591	0.003890152	24000	14.9656240940094
6	32.581966	10.60841	74.0	10.0	0.83806384	0.733605	3.4821782	0.031699505	32.581966	1065.4913	0.038053263	14.91976	3.026775	18.514397	-6.5374527	0.60209656	0.0704548	0.78251964	0.38916314	-4.397354e-09	-0.0030319209	6.2584876e-10	0.0028561584	92.51814	-5.581291	0.3183272	-0.0033590496	0.7146175	-0.026455343	79.0	0.9055022	0.0038315891	28000	17.514403343200684
7	37.074768	12.974238	92.0	17.0	0.9614091	0.7803036	5.1461883	0.029229442	37.074768	1170.8582	0.036589317	16.211082	3.4906082	19.503696	-6.194651	0.6194509	0.029838385	0.7161215	0.4898564	1.0505673e-08	-0.0030256188	-1.2516975e-09	-0.0033360298	121.446106	-8.093155	0.3923474	-0.007201463	0.68816215	-0.017533004	79.0	0.89698845	0.004763116	32000	19.987520933151245
8	36.522934	9.50673	68.0	22.0	0.86978614	0.5806353	2.7878404	0.058408618	36.522934	1265.7512	0.035159755	17.980524	4.172064	20.808205	-13.055937	0.6761025	0.04536866	0.8269651	0.43902	-5.2769455e-09	-0.0030796202	1.4305115e-09	-0.0006700291	90.7305	-1.1436691	0.21894085	-0.010965213	0.67062914	-0.019555628	79.0	0.8974487	0.003991627	36000	22.467339515686035
9	36.98148	11.7992325	93.0	19.0	0.7435512	0.41859952	3.0088723	0.15048891	36.98148	1346.1305	0.033653263	18.317245	4.1233287	20.437073	-13.19018	0.59245133	0.022146251	0.6772588	0.47926092	1.7107595e-10	-0.002428861	3.5464764e-09	0.0035448957	114.95031	-1.6885452	0.114532545	-0.01381509	0.6510735	-0.02464801	79.0	0.8883807	0.005070199	40000	24.97408890724182
10	39.88	12.075828	74.0	23.0	0.9657454	0.51856947	2.6272192	0.1303165	39.88	1442.7781	0.03279041	18.40653	3.6430802	19.956379	-13.700055	0.49581227	0.06181181	0.72291076	0.22318636	-6.0912857e-09	-0.0019667896	5.4985283e-09	0.0027393536	124.96757	-1.9828339	0.1786502	-0.020253688	0.6264255	-0.02342093	79.0	0.917859	0.0030307109	44000	27.58270502090454
11	41.072166	13.048085	117.0	25.0	1.037885	0.508699	2.704055	0.21562137	41.072166	1543.4692	0.03215561	19.071869	3.1748435	20.293869	-13.299776	0.6254444	0.07858783	0.90025663	0.31129643	-2.189697e-10	-0.0014368743	-2.7567149e-09	0.0027438372	135.90941	-1.1161346	0.17026599	-0.0048210174	0.6030046	-0.022004664	79.0	0.93477154	0.0024341808	48000	30.096785068511963
12	43.42857	12.543676	87.0	27.0	1.2598792	0.6035953	3.3428159	0.38002154	43.42857	1660.089	0.031924788	19.39193	3.9200754	20.753977	-14.362209	0.69485813	0.066796616	0.90844333	0.41736284	-1.30962095e-08	-0.0018284445	-3.218651e-09	-0.00085254636	134.29282	-1.3414459	0.24522272	-0.023201168	0.5809999	-0.016655028	79.0	0.9353487	0.0040215915	52000	32.63897132873535
13	43.336956	12.534541	89.0	22.0	1.0727617	0.52554154	3.0332286	0.18082136	43.336956	1758.8401	0.03140786	20.163284	3.9028258	21.515358	-13.178138	0.854072	0.06420036	1.0395606	0.51087403	-1.31355575e-08	-0.0033229326	-9.23872e-10	0.002130004	128.60944	-0.38536072	0.18497328	-0.017833084	0.5643449	-0.022877157	79.0	0.9025665	0.003628591	56000	35.56187391281128
14	44.7191	9.921024	71.0	25.0	1.1696204	0.45873338	2.6797197	0.2231584	44.7191	1862.9684	0.031049473	20.354424	4.3614206	21.77105	-16.842382	0.71834975	0.05492521	0.8728994	0.44107288	-7.651071e-09	-0.0023779203	-1.9669533e-09	0.0028464668	117.80631	-0.22602844	0.14665364	-0.005305156	0.5414677	-0.021751285	79.0	0.8886713	0.0034950848	60000	38.28267240524292
15	45.747128	12.063261	100.0	31.0	1.2424041	0.5216798	3.5125103	0.28330648	45.747128	1971.1196	0.030798744	20.830086	3.676971	21.855791	-17.179792	0.784198	0.042289723	0.90603554	0.5434481	1.9091733e-09	-0.0012392153	5.364418e-10	0.0027428803	140.61221	-0.40020752	0.18242636	-0.001988098	0.51971644	-0.019095302	79.0	0.9149601	0.0020527814	64000	40.829668283462524
16	47.488094	12.669324	86.0	28.0	1.4123205	0.62344265	2.84126	0.31772378	47.488094	2089.7778	0.030732026	21.101137	3.6487882	22.05964	-15.793966	0.8210543	0.060715437	1.0100821	0.4729011	1.8262435e-08	-0.001602616	2.8312206e-09	0.0012232228	148.02325	-0.84407043	0.26672265	-0.012369007	0.50062114	-0.016970634	79.0	0.91778934	0.0019204034	68000	43.411417722702026
17	47.488094	11.189381	96.0	28.0	1.4294001	0.5465563	3.1192186	0.5505007	47.488094	2209.907	0.030693153	21.644394	3.8564217	22.66382	-18.010572	0.93083996	0.049034115	1.0567907	0.56139165	-9.5475565e-09	-0.0019876333	-2.1755695e-09	0.002723197	137.72021	-0.34387207	0.19647875	-0.0011323541	0.4836505	-0.018198788	79.0	0.90906495	0.0025043483	72000	45.992284297943115
18	53.337837	12.838158	96.0	32.0	1.5162773	0.622643	3.023535	0.55241495	53.337837	2323.879	0.030577354	20.977163	5.027284	22.60172	-18.175629	0.97140414	0.060522646	1.1516106	0.5790647	1.11287894e-08	-0.0018220359	-2.3543836e-09	0.0007391797	158.83556	-9.310455	0.2617728	-0.000949502	0.46545172	-0.014790267	79.0	0.9199356	0.002531425	76000	48.55890250205994
19	54.76389	17.008572	127.0	32.0	1.5511273	0.58190435	3.1072454	0.4015898	54.76389	2435.8254	0.030447818	23.598276	5.078062	25.103056	-15.352392	0.9878645	0.06596068	1.1845546	0.5574771	-1.8298957e-09	-0.0013763005	1.2516975e-09	0.0018518062	194.21837	-3.7886353	0.21473676	-0.00035071373	0.45066145	-0.014157504	79.0	0.9187949	0.002351688	80000	51.16372275352478
20	54.20548	12.498722	100.0	30.0	1.8836942	0.6511192	3.801428	0.7290213	54.20548	2573.4368	0.030636152	24.437485	5.5064077	26.386293	-11.039386	1.0054001	0.0693468	1.1847727	0.5538898	1.2493936e-09	-0.0015494345	8.3446505e-10	-0.0008386451	149.97134	-2.6446533	0.34450287	-0.054812044	0.43650395	-0.009904921	79.0	0.93299246	0.0016502044	84000	53.79756450653076
21	54.958332	15.175306	103.0	33.0	1.6134044	0.53244054	3.0593805	0.69552237	54.958332	2690.5474	0.030574402	24.593668	5.002343	26.370813	-7.58263	1.231726	0.039525658	1.2944082	0.88347155	-6.493504e-09	-0.0011665964	3.9935113e-09	0.00077133934	169.88847	-1.9404907	0.246181	-0.033179253	0.42659903	-0.011769205	79.0	0.9205991	0.001437128	88000	56.32952642440796
22	55.957745	16.136248	114.0	35.0	1.761775	0.6431553	4.2386827	0.7633847	55.957745	2815.6604	0.030605005	24.860508	5.4584236	26.744598	-11.346149	1.0595058	0.03033334	1.119163	0.86700684	6.636968e-09	-0.0007313778	1.3709068e-09	-3.4528734e-05	180.0391	-1.2801056	0.27460614	-0.009325653	0.41482982	-0.008684814	79.0	0.89493006	0.0013788538	92000	58.86544227600098
23	53.58108	11.890272	97.0	37.0	1.8696308	0.5562175	2.9422789	0.6126196	53.58108	2954.3423	0.0307744	24.825687	5.631593	26.966589	-3.1988394	1.1304653	0.060423687	1.2839329	0.7442575	-6.4801178e-09	-0.0022779542	-7.1525574e-10	0.0016153423	145.33511	-1.4522705	0.24537127	-0.012602046	0.406145	-0.012386054	79.0	0.88317555	0.0035459728	96000	61.436882972717285
24	56.642857	14.183527	107.0	37.0	1.8407403	0.564359	3.2074847	0.86196	56.642857	3083.2312	0.030832311	24.38651	5.0108547	26.128555	-2.3651788	1.2336277	0.0796201	1.449664	0.77784306	8.553078e-11	-0.0015345587	0.0	0.0007093589	170.2125	-1.2036438	0.23423107	-0.0023418516	0.39375895	-0.010381967	79.0	0.90532666	0.002150375	100000	64.17412567138672
25	53.146667	12.591736	102.0	33.0	1.9300678	0.5778706	3.7981355	0.7232748	53.146667	3228.0068	0.031038526	25.217894	5.012729	26.883791	-2.6391675	1.1922004	0.05980523	1.3324683	0.598355	4.608673e-09	-0.0017860339	7.301569e-09	0.0024200806	156.473	-2.539444	0.25148982	-0.010586828	0.383377	-0.012302101	79.0	0.9000478	0.00201016	104000	66.81995105743408
26	55.80282	19.100637	179.0	31.0	2.0272937	0.70872194	3.5812159	0.8597019	55.80282	3371.9724	0.031221967	24.002981	4.602096	25.442186	-1.8896617	1.2888926	0.084968254	1.5116991	0.67211324	2.5763441e-08	-0.0018858771	-2.95043e-09	0.0014576107	211.44106	-2.380371	0.34055817	-0.0005028248	0.3710749	-0.010759115	79.0	0.9095489	0.0019528494	108000	69.45817565917969
27	55.676056	12.922057	106.0	35.0	2.0677905	0.66381246	3.9886086	0.97040445	55.676056	3518.9731	0.031419404	25.33502	4.7429786	26.772394	-1.4623115	1.2995535	0.088257566	1.5186863	0.7488087	4.4487214e-09	-0.0031646471	1.9073487e-09	0.001461026	166.63885	-0.45843506	0.29621643	-0.007641971	0.36031577	-0.010712981	79.0	0.9168256	0.004701848	112000	72.40096592903137
28	59.313435	14.604445	106.0	34.0	2.285091	0.73357713	4.209707	1.1378666	59.313435	3672.106	0.031656086	24.834694	4.679477	26.25419	-0.12922631	1.3741138	0.12614322	1.7322838	0.7273236	1.7375061e-10	-0.0021315564	-5.1259996e-09	0.0022905252	184.28838	-1.8139954	0.3736402	-0.0150384605	0.3496028	-0.009716094	79.0	0.9385023	0.0027992437	116000	74.9925947189331
29	60.43077	13.402605	105.0	37.0	2.4233255	0.6977137	4.19277	0.9973663	60.43077	3829.913	0.031915944	25.545774	5.315684	27.393635	-0.3008229	1.4969426	0.106656544	1.7429944	0.83896804	-2.510896e-09	-0.0013860016	2.026558e-09	0.0007375678	177.56589	-7.4482117	0.35496452	-0.005126387	0.3398867	-0.0064863265	79.0	0.96593785	0.0021695225	120000	77.55432653427124
30	63.174603	14.159566	105.0	41.0	2.4661279	0.8680292	4.915449	0.92666143	63.174603	3985.355	0.03213996	26.181526	5.976975	28.644987	-0.77503616	1.5625974	0.09027989	1.7382914	0.92720324	-4.3429766e-09	-0.0019251556	9.804964e-09	0.00044821703	167.98372	-4.1088104	0.47857356	-0.003993243	0.33340037	-0.0023587346	79.0	0.9621703	0.0019764719	124000	80.22667622566223
31	63.98387	16.31988	130.0	42.0	2.4042866	0.8545554	4.939476	0.97933924	63.98387	4134.4746	0.032300584	27.588911	6.0577035	29.930563	-1.6717298	1.5659314	0.06528062	1.6864249	0.92888117	-1.5954249e-09	-0.0029307248	-1.013279e-09	0.0015126243	190.77437	-2.0361786	0.45391798	-0.018545449	0.33104163	-0.0076387525	79.0	0.9433682	0.0026021942	128000	82.37371444702148
32	68.45614	17.550999	135.0	40.0	2.364129	0.7732184	4.2731996	1.2636585	68.45614	4269.287	0.032343086	27.863152	5.5252748	30.036535	1.5136448	1.5249403	0.15811938	1.9566594	0.7513221	-9.910099e-09	-0.0036761842	2.2053719e-09	0.00096132857	220.26637	-13.4844055	0.40257043	-0.012387693	0.32340288	-0.0067465603	79.0	0.9104987	0.003623314	132000	84.91800570487976
33	67.62069	15.205295	127.0	43.0	2.4060585	0.7453809	4.889415	1.1007336	67.62069	4409.2705	0.03242111	29.100086	6.679462	32.190647	1.7310785	1.4472575	0.09511515	1.6569121	0.8222689	5.6089138e-09	-0.005578639	3.5762787e-10	0.0029587417	181.3576	-36.298233	0.34599438	-0.005761564	0.31665632	-0.010327041	79.0	0.928367	0.0071055014	136000	87.6833906173706
34	74.41509	18.333838	124.0	49.0	2.750921	0.8770846	4.762596	1.0478029	74.41509	4557.533	0.032553807	28.704388	6.4868464	33.033848	3.8103194	1.4860442	0.14300199	1.8157991	0.64711046	6.9937367e-10	-0.0027296715	9.208917e-09	-0.00017919985	173.8547	-90.46839	0.54856706	-0.035938084	0.30632928	-0.0028381348	79.0	0.967256	0.0034925565	140000	90.60203742980957
35	73.42593	20.163776	153.0	43.0	2.6850479	0.8239476	4.716748	1.0104854	73.42593	4703.3804	0.03266236	28.16414	11.415964	37.376232	1.2023952	1.6655244	0.12889509	1.9099542	0.85143846	9.85356e-09	-0.0036117216	-3.6358834e-09	0.0035551486	85.81072	-21.405495	0.48029578	-0.01541394	0.30349115	0.001342684	4.0	0.94186205	0.015563477	144000	92.98415970802307
36	79.5	17.878757	133.0	50.0	2.722327	0.8163129	4.136896	1.4257205	79.5	4839.615	0.032700103	29.422195	12.816545	40.251534	1.2443107	1.5943775	0.07517887	1.6834303	0.9919539	6.4410344e-09	-0.0031119345	3.1292438e-09	0.005777261	69.8367	-16.036606	0.44499242	-0.0075161457	0.30483383	0.0020628273	3.0	0.9412548	0.017487269	148000	95.31505751609802
37	79.58	19.003252	165.0	48.0	3.222058	0.8260373	5.2586384	1.4055073	79.58	5000.7666	0.032899782	30.227825	13.930652	42.90466	1.3096886	1.6470335	0.09927985	1.783253	0.93244064	1.8668517e-08	-0.0028515502	-1.4901161e-09	0.007915337	58.720627	-10.383034	0.60063547	-0.0918746	0.30689666	0.0031433403	4.0	0.9406887	0.024285093	152000	97.66189432144165
38	90.52273	23.450617	173.0	62.0	3.9344397	1.1281701	6.513876	2.0529747	90.52273	5173.9365	0.03316626	31.257208	14.466709	44.64239	1.221127	1.9354535	0.11995878	2.0405784	0.97812545	-1.6130238e-08	-0.0018912689	-5.4836273e-09	0.0085086245	82.03072	-18.97948	0.98395485	-0.090530515	0.31004	0.004764825	4.0	0.94025904	0.01836944	156000	100.25851774215698
39	94.333336	26.086548	178.0	62.0	4.970164	1.4952364	8.701432	1.868206	94.333336	5382.913	0.03364321	33.04967	15.418138	47.461773	1.5554469	2.235374	0.1478119	2.3560615	1.1845661	-1.2416427e-09	-0.0032286998	1.2516975e-09	0.0069645275	75.518684	-14.261646	1.7461284	-0.3287288	0.31480482	0.0067117214	4.0	0.9404844	0.024040487	160000	102.79368591308594
40	98.0	18.797606	163.0	66.0	5.652383	1.5201682	9.454045	2.2775202	98.0	5612.609	0.034223225	34.437473	15.987619	49.979	1.4207264	2.7437747	0.31356215	3.2301576	0.993315	2.363323e-08	-0.0023822354	-7.4505807e-10	0.014873628	46.485725	-8.20171	1.8221114	-0.33936107	0.32151654	0.008377343	4.0	0.93972826	0.023223761	164000	105.31319880485535
41	108.0	23.660892	164.0	70.0	6.9925685	2.224522	12.92204	3.6930313	108.0	5871.341	0.034948457	35.646816	16.524532	51.603153	1.7789823	3.2255888	0.25334877	3.4479556	1.5267651	4.017735e-08	-0.0032291864	-1.3291836e-08	0.011883041	64.04967	-16.194988	3.18694	-0.33379865	0.3298939	0.009856164	4.0	0.93872106	0.023588318	168000	107.63488101959229
42	128.7742	23.180511	174.0	88.0	7.7450995	2.388382	13.218373	2.7311273	128.7742	6111.557	0.03553231	39.30822	17.026197	54.014347	1.8698709	3.7892904	0.23755583	4.0684047	2.1677356	-2.3811749e-08	-0.009858424	1.0311603e-08	-0.004185224	86.60277	-24.114113	3.2349052	-0.04970336	0.33975005	0.00079882145	79.0	0.93851733	0.011799853	172000	110.26196908950806
43	141.28572	35.38347	228.0	93.0	7.7689734	2.1368494	14.075703	3.7398472	141.28572	6329.1865	0.035961285	42.58225	17.41294	56.929634	1.726063	3.904896	0.30083856	4.436628	1.974608	6.7245396e-09	-0.010828233	-7.659197e-09	-0.005312899	108.50574	-26.083237	3.0076025	-0.052414894	0.34054887	0.0043826997	79.0	0.9668335	0.009960038	176000	112.90813970565796
44	168.08696	50.406967	344.0	106.0	5.796826	1.8075922	10.326059	2.70471	168.08696	6464.3574	0.0359131	46.87942	16.917435	59.85847	2.359609	3.7306812	0.23624817	4.2538285	2.4711046	2.2785875e-08	-0.00795941	4.172325e-09	-0.003003678	152.98518	-38.19184	3.4173946	-1.6323687	0.34493157	0.004678756	79.0	0.98537195	0.0069424585	180000	115.40449023246765
45	197.8421	51.949635	372.0	116.0	5.0112953	1.7002506	8.337471	1.8093166	197.8421	6560.4795	0.03565478	50.355522	17.558247	63.15996	1.9792943	2.4727113	0.07811391	2.592651	1.6897725	-8.945951e-09	-0.0032493689	1.6093255e-09	0.004685547	183.32422	-50.167404	1.5937986	-0.35325515	0.34961033	0.013140559	4.0	0.98600495	0.0126981195	184000	117.713139295578
46	216.33333	57.443695	366.0	150.0	5.2975545	1.5367455	8.155125	3.2437778	216.33333	6656.0547	0.035404548	53.148655	19.365536	66.611435	2.5664132	1.8029687	0.1812789	2.3543732	0.6697401	2.9648243e-08	-0.0026086837	-2.3245812e-09	0.0025802555	153.99672	-39.92981	1.4640275	-0.38298345	0.3627509	0.013729423	4.0	0.9859389	0.018973384	188000	120.0075364112854
47	224.41176	41.191174	304.0	153.0	5.961877	1.6640618	9.5909605	3.4288633	224.41176	6757.685	0.035196275	56.234478	19.87916	69.58729	1.1274502	1.6762614	0.46439704	3.3481402	-0.39902455	5.1304422e-08	-0.0049804407	-5.5730345e-09	0.0001272237	131.0069	-33.86995	2.1263769	-0.57664883	0.3764803	0.014497429	4.0	0.9853934	0.021371221	192000	122.3493664264679
48	356.0909	83.037186	463.0	220.0	5.8170547	2.1796203	9.473607	2.9910846	356.0909	6821.892	0.034805574	60.14382	18.89938	71.951996	0.50205255	2.112878	0.15445274	2.8402848	0.4474753	-2.9892504e-09	-0.0041272286	1.1622905e-08	0.0072734216	273.85056	-100.50946	2.117493	-0.42319095	0.39097774	0.015125394	4.0	0.9843687	0.016165974	196000	124.64261150360107
49	379.0	142.27158	650.0	205.0	12.685482	7.263182	26.816446	3.5042162	379.0	6949.194	0.03474597	63.854202	19.677841	75.6056	1.6762581	1.4632331	0.15751524	2.1027114	0.23844655	2.8486843e-08	-0.012620387	-7.629395e-09	-0.014730811	216.9934	-67.48877	15.127614	-2.2169046	0.40610313	0.014232397	17.0	0.98308116	0.012953434	200000	127.05832743644714
50	495.14285	116.66488	693.0	359.0	5.3446074	0.9303773	6.588903	4.2196484	495.14285	6987.225	0.034251105	69.806015	16.683014	78.65153	3.393114	2.9431245	0.08166563	3.165309	2.3916097	3.1119562e-09	-0.0065368363	4.5597552e-09	0.00236686	236.41525	-77.44473	4.599521	-3.9764123	0.42033553	0.016338557	7.0	0.9759191	0.014435948	204000	129.55660200119019
51	1000.0	0.0	1000.0	1000.0	1.1898582	0.58099204	2.1342323	0.56339216	1000.0	6991.9844	0.03361531	81.342	0.8381334	81.62569	69.092384	0.9187678	0.035515353	1.0430595	0.76689434	6.7739453e-10	-0.0032333487	4.4703484e-11	0.00040475564	297.19	-114.13161	0.5771213	-0.5430936	0.4366741	0.014834672	5.0	0.97495127	0.016667975	208000	131.92861676216125
52	748.6	241.74829	1000.0	416.0	6.530023	2.3693428	10.909292	3.7414346	748.6	7025.7437	0.0331403	78.62919	15.72623	85.20712	1.8143407	0.2311017	0.07653838	0.99623966	0.07662141	3.162868e-08	-0.006598793	6.6310166e-09	-0.0022327597	152.80194	-48.155235	1.0018831	-0.45320737	0.45150876	0.015832365	3.0	0.9739522	0.0230087	212000	134.27762913703918
53	1000.0	0.0	1000.0	1000.0	0.9117359	0.2605166	1.1699855	0.5866001	1000.0	7029.39	0.032543473	87.30928	0.05278585	87.33901	86.43781	0.652437	0.066346034	0.8650193	0.42619273	-2.867901e-07	-0.0023681049	-7.674098e-09	-0.0002632254	137.12697	-46.01603	0.2926184	-0.27745864	0.46734113	0.010923505	79.0	0.973494	0.004562875	216000	136.90959668159485
54	1000.0	0.0	1000.0	1000.0	0.45596808	0.10301902	0.56736594	0.28870308	1000.0	7031.2144	0.031960066	89.549675	0.01668865	89.560104	89.097404	0.10537141	0.04354398	0.26659015	-0.033934157	-3.2005772e-07	-0.0018431138	-1.2218953e-09	-0.00039515892	92.972176	-31.298615	0.006651367	-0.0045122057	0.47826463	0.009596467	79.0	0.9617971	0.0060999403	220000	139.67215156555176
55	1000.0	0.0	1000.0	1000.0	0.43006858	0.039097156	0.4739635	0.38129887	1000.0	7032.9346	0.03139703	91.39544	0.007967148	91.400925	91.277954	0.010387907	0.042499468	0.14141849	-0.12187944	2.2279082e-07	-0.0010486614	1.6391277e-10	-0.00045195813	63.027435	-21.139587	0.0031078341	-0.00057539064	0.4878611	0.009334028	79.0	0.9546467	0.004876849	224000	142.36802792549133
56	1000.0	0.0	1000.0	1000.0	0.84182584	0.33293343	1.3583052	0.49490827	1000.0	7036.302	0.030860974	92.90319	0.019698959	92.911095	92.51595	-0.04052532	0.04793965	0.1041659	-0.19332442	-9.7486705e-08	-0.001225218	-8.940697e-11	-0.00013187577	42.87883	-14.506615	0.018393261	-0.011406844	0.49719512	0.0072671175	79.0	0.9590169	0.004324723	228000	144.66803908348083
57	1000.0	0.0	1000.0	1000.0	1.5300276	0.39603853	1.971802	1.0255762	1000.0	7042.422	0.030355267	94.07102	0.563868	94.16853	83.27419	0.031572275	0.057197694	0.1774343	-0.16940558	-1.281926e-08	-0.0035803055	-8.9406965e-10	0.00060713035	28.82968	-9.246109	0.0182155	-0.009358377	0.50446224	0.007899702	5.0	0.9785646	0.017985653	232000	147.34414172172546
58	1000.0	0.0	1000.0	1000.0	0.4639275	0.095038176	0.55611444	0.32887888	1000.0	7044.278	0.029848635	95.17703	0.011000311	95.18442	95.05402	0.22302398	0.03286516	0.32239345	0.12833376	2.2220858e-07	-0.0027442873	7.1525574e-10	-0.00024316834	19.793896	-6.91663	0.033379104	-0.02973477	0.51236194	0.0014407039	79.0	0.9784014	0.0051911315	236000	150.0464062690735
59	1000.0	0.0	1000.0	1000.0	0.469288	0.09273184	0.58106947	0.3298672	1000.0	7046.155	0.029358977	96.06758	0.0028578704	96.07089	96.03746	0.013757526	0.028207941	0.094890065	-0.058412112	-3.3851248e-07	-0.0007766581	3.0919908e-10	0.00020013624	13.1643915	-4.7345924	0.0021118035	-0.00029394508	0.51380265	0.002626896	79.0	0.9749832	0.0032805824	240000	152.82730865478516
