Epoch	AverageEpRet	StdEpRet	MaxEpRet	MinEpRet	AverageEpCost	StdEpCost	MaxEpCost	MinEpCost	EpLen	CumulativeCost	CostRate	AverageVVals	StdVVals	MaxVVals	MinVVals	AverageCostVVals	StdCostVVals	MaxCostVVals	MinCostVVals	LossPi	DeltaLossPi	SurrCost	DeltaSurrCost	LossV	DeltaLossV	LossVC	DeltaLossVC	Penalty	DeltaPenalty	StopIter	Entropy	KL	TotalEnvInteracts	Time
0	8.148979	3.9008436	32.0	4.0	0.3503853	0.15399712	1.130132	0.06771636	8.148979	172.05064	0.04301266	-0.002094575	0.07438563	0.15586238	-0.15329836	0.002257903	0.06555608	0.24438715	-0.2582818	5.1498414e-08	-0.01353715	-8.314848e-09	-0.0017942225	42.619423	-11.087849	0.09663877	-0.073554754	0	0	4.0	0.9189385	0.021074338	4000	3.8284897804260254
1	9.365339	4.5130587	43.0	4.0	0.3583503	0.34710127	6.062339	0.031325348	9.365339	325.06772	0.040633466	1.1566837	0.12151719	1.684216	0.5788324	0.2708654	0.026807252	0.38079166	0.09181371	8.4877016e-08	-0.014357733	-1.6093255e-09	0.0007252744	42.287033	-21.649998	0.24048705	-0.01205568	0	0	5.0	0.9174618	0.018448606	8000	7.394644021987915
2	10.817935	4.951065	27.0	4.0	0.34973443	0.25384405	2.241155	0.02471871	10.817935	453.84604	0.037820503	4.4601603	0.3171509	5.463719	2.825897	0.31447327	0.077489614	0.78913707	-0.29629195	-1.5735626e-08	-0.021625679	-7.301569e-10	0.00092850305	25.412466	-6.601412	0.07908335	-0.014242604	0	0	5.0	0.91569537	0.018290717	12000	10.968173503875732
3	12.526646	6.3585463	47.0	4.0	0.43396944	1.4443655	25.560966	0.038027737	12.526646	592.30505	0.037019067	6.696329	0.6562732	9.668617	3.5253596	0.2731568	0.054230243	0.5235876	-0.017534014	-7.152557e-09	-0.02503286	-4.529953e-09	0.006172393	31.91609	-3.8180046	4.074942	-0.5376785	0	0	5.0	0.9140207	0.019304505	16000	14.535088539123535
4	16.884615	10.158968	54.0	4.0	1.215467	4.95288	52.796497	0.03125929	16.884615	880.28687	0.044014342	7.95496	0.951643	10.488521	2.3054478	0.38748688	1.0816362	6.326921	-5.6499696	1.990795e-08	-0.017840665	-7.7486035e-09	0.014320978	78.87512	-12.772362	40.178112	-8.897154	0	0	6.0	0.9123841	0.01691619	20000	18.163288593292236
5	22.177778	12.988095	70.0	5.0	1.852658	5.3285775	41.31326	0.03513878	22.177778	1213.9333	0.050580557	11.254825	1.2241292	12.649684	4.575905	1.8376533	0.98180085	5.5079284	-2.3783238	-3.3378602e-09	-0.01910339	1.2755394e-08	0.04741308	99.270065	-9.014534	30.873068	-2.0214024	0	0	8.0	0.91022027	0.01487096	24000	21.791725873947144
6	29.407408	17.094637	83.0	6.0	4.737343	11.490223	78.90683	0.029089715	29.407408	1856.4747	0.06630267	13.6078615	2.0586638	17.465912	2.4792674	2.4317324	0.20088586	3.4695659	1.2365303	-3.0875206e-08	-0.023664469	3.71933e-08	0.0657566	155.54422	-20.467712	113.15371	-9.873077	0	0	8.0	0.90751463	0.015142413	28000	25.526949882507324
7	39.38	22.47967	121.0	8.0	9.72696	14.371472	79.81412	0.055731934	39.38	2845.27	0.088914685	17.383495	2.7820418	20.82027	-0.9123792	5.5311766	0.60875046	7.227641	2.8566184	9.298325e-09	-0.027555175	-1.2159347e-07	0.038690664	232.6567	-27.071823	134.61537	-12.809021	0	0	7.0	0.9053204	0.014989046	32000	29.437323331832886
8	46.682354	23.687778	154.0	12.0	15.679268	19.708303	90.974045	0.08239737	46.682354	4179.832	0.11610644	21.128607	3.7450488	24.071121	-4.464657	8.781301	1.3619411	11.990711	2.412817	-4.0769578e-08	-0.023998726	-3.7908553e-08	-0.116708055	228.92921	-13.83725	219.20529	-12.502289	0	0	8.0	0.9034928	0.016764987	36000	33.416101932525635
9	54.260273	22.195908	112.0	16.0	17.915987	19.612679	110.52792	0.08278854	54.260273	5490.4316	0.1372608	23.533255	3.888084	26.123774	-3.6700702	11.719274	0.40523148	12.358803	8.544187	8.5830685e-09	-0.013306699	-6.4611434e-08	-0.008680794	228.4577	-18.697418	193.55457	-4.2591248	0	0	12.0	0.9012346	0.013905799	40000	37.29258418083191
10	73.25926	33.011326	196.0	25.0	15.283535	17.450214	90.43729	0.086461894	73.25926	6317.948	0.14358974	25.795937	2.0834062	27.183334	0.7613922	12.902374	1.1661597	15.643315	7.009448	-3.8146972e-08	-0.012618456	-5.2452087e-09	0.087442584	398.69385	-56.135925	137.14671	-11.302948	0	0	79.0	0.8982169	0.0054001417	44000	41.4379563331604
11	74.57692	35.88676	215.0	32.0	13.542724	13.7019615	70.34183	0.9830585	74.57692	7028.6177	0.14642954	29.110403	3.879272	31.528976	2.5681808	9.606441	0.87622964	11.694711	5.5323296	1.3351441e-08	-0.009447347	4.196167e-08	0.08833482	383.5616	-39.54544	76.944565	-4.8452377	0	0	11.0	0.8902195	0.012889746	48000	45.17944931983948
12	116.82353	45.9536	209.0	32.0	22.70642	18.15074	72.65416	2.0918832	116.82353	7800.861	0.15001656	30.408482	5.245868	34.3426	0.35545257	7.8367243	1.3427947	11.189018	3.314432	1.1324882e-08	-0.019170044	-5.2452087e-08	0.046301298	620.4485	-126.10724	98.241875	-8.30336	0	0	79.0	0.8891068	0.0059771384	52000	49.28832197189331
13	174.77272	142.60944	741.0	42.0	21.604734	16.3621	62.871246	2.773564	174.77272	8279.608	0.14785016	37.151325	3.6543229	38.77416	0.5122587	10.339629	0.61584383	11.58146	6.812058	-5.686283e-08	-0.017728569	2.360344e-08	0.03229783	1197.0566	-189.38226	58.03004	-11.452042	0	0	79.0	0.8765346	0.006137806	56000	53.30104899406433
14	429.22223	245.6211	1000.0	180.0	20.21333	13.526392	47.654663	2.357726	429.22223	8466.059	0.14110097	42.68996	2.0438533	43.41739	20.668379	7.31656	0.9790867	10.314315	3.6693897	-3.886223e-08	-0.011928742	-2.002716e-08	0.014872638	1910.8081	-336.8015	23.34424	-12.065711	0	0	79.0	0.8670437	0.0040691216	60000	57.22303915023804
15	1000.0	0.0	1000.0	1000.0	30.198238	23.200907	68.770676	7.090786	1000.0	8586.852	0.13416955	48.004032	0.07671974	48.050255	47.25904	3.8638654	0.8157253	6.4227905	1.3968489	4.4059755e-07	-0.0020369599	-1.7642975e-08	0.004617464	2301.593	-371.01904	10.770412	-1.4488611	0	0	79.0	0.84877646	0.0036733362	64000	61.10264492034912
16	835.25	285.35538	1000.0	341.0	28.13367	18.194492	52.545284	7.4876037	835.25	8721.549	0.12825806	52.14763	0.028799208	52.166756	51.79677	2.4493792	0.80844986	5.142757	0.23992458	-6.437302e-09	-0.005726445	5.2452087e-09	0.0076452084	1843.2166	-235.41077	7.051883	-0.54755545	0	0	79.0	0.83907086	0.007225615	68000	64.9769880771637
17	331.75	234.7783	783.0	93.0	43.590244	19.357468	75.44011	16.628958	331.75	9244.67	0.1283982	55.107796	0.3139657	55.161163	45.30163	3.109875	0.7209478	4.9955683	0.5059726	-2.4557114e-08	-0.038015664	-1.3291836e-07	-0.11211661	1127.6133	-113.97516	146.08871	-38.394905	0	0	4.0	0.8349283	0.022661824	72000	68.71955990791321
18	1000.0	0.0	1000.0	1000.0	18.386639	9.602449	32.149296	9.207607	1000.0	9318.217	0.12260812	56.507427	0.89735216	56.64994	22.783451	9.17292	0.6276097	10.587386	6.454202	-2.0503998e-08	0.0004502764	-5.3286552e-08	-0.0056114476	1611.7018	-194.67822	57.627808	-49.128174	0	0	12.0	0.833457	0.014065233	76000	72.25498080253601
19	628.8	226.27188	969.0	286.0	8.479134	2.4387467	10.931126	5.194404	628.8	9369.448	0.117118105	59.043915	0.3140668	59.092445	48.57227	3.184726	0.49649876	4.6420135	1.3444029	2.193451e-08	-0.007867425	-9.059906e-09	0.002760595	1226.5183	-99.979004	5.3970456	-4.2248044	0	0	79.0	0.83139753	0.006742098	80000	76.05476069450378
20	1000.0	0.0	1000.0	1000.0	9.645803	2.5450432	13.814304	6.939737	1000.0	9408.031	0.11200037	60.888794	0.07709275	60.913807	59.41264	1.6966807	0.2808069	2.4998736	0.4655598	-4.954338e-07	-0.003974526	-1.1920929e-08	0.001977909	1301.9707	-144.33618	1.1608936	-0.5794229	0	0	7.0	0.8270382	0.017143581	84000	79.67903447151184
21	1000.0	0.0	1000.0	1000.0	33.482002	8.3033495	43.359287	20.824062	1000.0	9541.959	0.108431354	63.00787	0.012163823	63.017727	62.83053	1.1531985	0.21313626	1.7423986	0.3959254	-2.5701522e-07	-0.0047549093	-3.5464764e-09	0.0020682442	1164.8295	-128.03735	7.5637326	-3.7806745	0	0	79.0	0.8265843	0.0046972483	88000	83.54429817199707
22	1000.0	0.0	1000.0	1000.0	37.864326	14.137265	60.85975	22.405254	1000.0	9693.417	0.10536323	64.9894	0.005464701	64.99458	64.893135	2.8255053	0.46458602	4.0745564	1.3234618	-5.364418e-08	-0.0013215144	-3.4570693e-08	-0.00010800219	1043.4337	-112.20172	6.5488405	-0.60476923	0	0	79.0	0.827108	0.0030254594	92000	87.42857098579407
23	1000.0	0.0	1000.0	1000.0	28.070477	4.7727594	33.855198	21.874048	1000.0	9805.698	0.10214269	66.82133	0.0038196363	66.82505	66.76977	3.4394414	0.54736507	5.27787	1.8102801	3.838539e-08	-0.0025786322	2.6106834e-08	-0.013307771	937.07837	-99.50775	1.9750432	-0.4798963	0	0	7.0	0.8310593	0.01769847	96000	91.01180672645569
24	1000.0	0.0	1000.0	1000.0	7.14745	1.4391401	9.505392	5.872014	1000.0	9834.288	0.09834288	68.53133	0.009605728	68.53723	68.39247	2.1927347	0.40414283	3.536508	0.9751137	4.7183036e-07	-0.0014869022	-2.0742416e-08	0.0023912834	842.96765	-89.03119	2.7354522	-2.0907116	0	0	79.0	0.8316845	0.0030019255	100000	94.88046216964722
25	937.5	108.253174	1000.0	750.0	15.565272	5.7813478	21.900324	7.0059137	937.5	9898.701	0.09517982	70.14981	0.006384198	70.15316	69.91427	1.4055742	0.43653712	3.6938078	0.12041551	5.1259996e-09	-0.0117687695	-4.798174e-09	-0.008044519	737.40027	-67.284	1.0152941	-0.054097295	0	0	4.0	0.83766943	0.019459587	104000	98.41576814651489
26	1000.0	0.0	1000.0	1000.0	8.415199	2.1183398	11.887281	6.143347	1000.0	9932.362	0.091966316	71.55852	0.018227413	71.56737	71.24338	0.8946417	0.3809268	2.0407658	-0.1783269	-4.7922134e-07	-0.002019663	-5.9604643e-10	0.0016642815	688.57855	-72.78082	1.0020654	-0.09917492	0	0	79.0	0.8363981	0.004473701	108000	102.19880080223083
27	1000.0	0.0	1000.0	1000.0	4.8477545	1.4059321	6.8675766	3.156666	1000.0	9951.753	0.08885494	73.02392	0.0068065515	73.02771	72.86645	0.9087692	0.26852563	1.581331	0.005704351	-5.02348e-07	-0.001992074	4.6491624e-09	-0.0010153982	619.48035	-66.54175	0.45586053	-0.21231575	0	0	79.0	0.8424633	0.0042414092	112000	105.97719550132751
28	1000.0	0.0	1000.0	1000.0	8.260959	2.7264864	12.474133	5.114019	1000.0	9984.797	0.086075835	74.42997	0.011306998	74.43684	74.257095	0.3410086	0.24768837	1.1420939	-0.36736792	-2.3627281e-07	-0.0011731164	-4.708767e-09	-0.0005245697	556.5798	-60.39502	0.7274093	-0.14926922	0	0	79.0	0.83157617	0.0031573728	116000	109.78853297233582
29	1000.0	0.0	1000.0	1000.0	13.873172	5.3053627	19.652283	7.498382	1000.0	10040.29	0.08366908	75.77802	0.015793392	75.78603	75.43949	0.58548933	0.19452605	1.130359	-0.10620284	1.6665459e-07	-0.003049264	-1.4215708e-08	0.00073309225	499.432	-54.878998	2.2587016	-0.4203788	0	0	79.0	0.83631355	0.004387376	120000	113.64869284629822
30	1000.0	0.0	1000.0	1000.0	9.849688	1.416181	11.1628895	7.4873834	1000.0	10079.688	0.08128781	77.07505	0.008476995	77.0806	76.96822	1.1757563	0.15336451	1.6642311	0.5347892	5.9390067e-07	-0.0031730046	-2.3841857e-09	0.0014536838	447.3997	-49.855743	0.5553406	-0.06972432	0	0	9.0	0.822329	0.01556967	124000	117.31976103782654
31	1000.0	0.0	1000.0	1000.0	14.758189	7.5139766	22.503254	4.4835896	1000.0	10138.721	0.079208754	78.31805	0.008167308	78.32409	78.242546	0.9613182	0.11087316	1.312214	0.49853033	-5.0354004e-07	-0.0024774643	3.9339065e-09	0.0018555237	400.1901	-45.33377	2.5010207	-0.1448474	0	0	79.0	0.82195574	0.004778422	128000	121.16606640815735
32	1000.0	0.0	1000.0	1000.0	19.159792	6.83139	29.341366	12.272103	1000.0	10215.36	0.07738909	79.50872	0.033521563	79.520195	78.92622	1.240554	0.13026083	1.6046481	0.6592247	6.985665e-08	-0.0019867744	-2.8133393e-08	0.001387245	357.4406	-41.29718	2.1625042	-0.39872515	0	0	79.0	0.819575	0.0060910885	132000	124.9980194568634
33	866.0	135.78107	1000.0	701.0	42.177567	16.88766	66.92754	26.539383	866.0	10399.4795	0.07646676	80.65371	0.040939067	80.671844	79.91369	1.8752848	0.22349913	2.4980748	0.8994449	2.115965e-09	-0.004668279	2.2113323e-08	0.008188842	387.19656	-21.64331	16.992699	-4.433153	0	0	8.0	0.8251364	0.012091242	136000	128.61556458473206
34	1000.0	0.0	1000.0	1000.0	42.980793	11.21945	62.06496	33.885662	1000.0	10571.402	0.07551002	81.511734	0.062087104	81.53192	79.964775	4.0976844	0.51781017	5.7351985	1.9986235	5.0544736e-07	-0.0017837515	7.867813e-09	-0.005324625	290.8775	-34.421417	3.4968114	-0.08652139	0	0	79.0	0.8241406	0.005105499	140000	132.3945288658142
35	1000.0	0.0	1000.0	1000.0	17.344746	5.1330175	23.626486	11.343951	1000.0	10640.781	0.073894314	82.58874	0.00964313	82.59327	82.442215	3.7265146	0.55275047	5.3634796	1.6528151	-1.1525154e-06	-0.0038323516	4.172325e-08	-0.003465323	258.05237	-31.93193	4.430464	-3.468206	0	0	79.0	0.8205864	0.0059188083	144000	136.15547251701355
36	1000.0	0.0	1000.0	1000.0	9.979948	1.0238059	11.299191	8.45659	1000.0	10680.701	0.0721669	83.64368	0.0038741415	83.64572	83.593994	1.870116	0.25819054	2.6776974	1.0368791	2.450943e-07	-0.0046490533	-1.1920929e-08	0.00079164957	227.73491	-28.813187	1.4602689	-0.90700495	0	0	79.0	0.79793775	0.0052652294	148000	139.9464054107666
37	1000.0	0.0	1000.0	1000.0	9.475124	1.9721935	12.79271	7.9526386	1000.0	10718.602	0.070517115	84.656265	0.002510107	84.65795	84.61446	1.0255889	0.16198654	1.4875733	0.44381326	2.6869773e-07	-0.0022891294	-1.1026859e-09	0.0011862997	200.40793	-25.965042	0.48539972	-0.019723296	0	0	79.0	0.78655577	0.0026681826	152000	143.77300333976746
38	1000.0	0.0	1000.0	1000.0	23.952063	3.2048504	27.199139	20.165989	1000.0	10814.41	0.069323145	85.62575	0.008797374	85.63121	85.50502	0.95496476	0.16010599	1.5141267	0.3929306	-3.9744378e-07	-0.003235059	-2.5093556e-08	-0.0001588446	175.86781	-23.369965	2.8517966	-1.9458959	0	0	79.0	0.7753204	0.005780893	156000	147.6406466960907
39	1000.0	0.0	1000.0	1000.0	31.397955	18.924316	57.006588	4.382446	1000.0	10940.002	0.068375014	86.559875	0.015243337	86.56676	86.26393	2.3504634	0.4164102	3.52053	1.2685189	1.08242034e-07	-0.003025969	-2.4884939e-08	0.0049791913	153.74872	-20.973877	4.54254	-1.4058576	0	0	79.0	0.7542961	0.00688011	160000	151.5469799041748
40	538.7143	227.12598	1000.0	301.0	33.308743	9.1867485	42.157845	12.869187	538.7143	11183.429	0.06819164	87.30342	1.784923	87.465416	42.638412	3.2291067	1.1547838	6.155718	0.116582304	-1.9609928e-08	-0.028622093	5.733967e-08	0.0014707105	496.24417	-366.12256	19.344824	-8.237059	0	0	2.0	0.7565232	0.037300415	164000	155.39019393920898
41	1000.0	0.0	1000.0	1000.0	11.916327	6.0423546	19.223291	3.1157591	1000.0	11231.094	0.06685175	87.56646	0.9366918	87.69876	65.665886	3.195884	1.7833791	8.418776	-2.0557756	3.8194656e-07	0.0006010494	-1.835823e-08	-0.012374548	132.89891	-19.744385	10.064957	-7.057162	0	0	4.0	0.755077	0.016985115	168000	158.97056126594543
42	1000.0	0.0	1000.0	1000.0	15.929848	6.432906	24.937254	9.138814	1000.0	11294.813	0.06566752	88.52809	0.006949075	88.533485	88.4186	0.4437387	0.5188878	1.8206651	-0.89352316	4.5776368e-08	-0.0016854415	9.834767e-09	-7.87074e-05	112.034035	-16.728401	4.0244455	-0.8913152	0	0	79.0	0.75357264	0.0054947953	172000	162.8340926170349
43	1000.0	0.0	1000.0	1000.0	9.160583	1.4582269	10.714616	6.9356885	1000.0	11331.455	0.06438327	89.37039	0.010069702	89.37609	89.16701	1.3195223	0.27170447	2.1685066	0.4306875	5.364418e-08	-0.0014383757	-7.748604e-10	-0.0005185705	96.18436	-14.752892	0.59021807	-0.20830989	0	0	79.0	0.75938016	0.0026824016	176000	166.67263197898865
44	1000.0	0.0	1000.0	1000.0	13.632333	4.006999	18.475094	7.896701	1000.0	11385.984	0.06325547	90.17635	0.0042740307	90.180435	90.10785	0.81221867	0.25935957	1.5775094	0.11184476	-1.206398e-07	-0.001652865	1.4603138e-09	-0.00031807544	82.15171	-12.965317	1.1045872	-0.12911588	0	0	79.0	0.7435115	0.0027751504	180000	170.5267448425293
45	1000.0	0.0	1000.0	1000.0	10.583355	1.5028429	11.900759	8.100522	1000.0	11428.318	0.062110424	90.94096	0.010378913	90.94586	90.7699	1.1382197	0.26626202	2.097239	0.45669824	3.1232832e-07	-0.0040132585	2.0861626e-10	-0.0005258207	69.86422	-11.354237	0.3797665	-0.028891861	0	0	79.0	0.74653983	0.0052188444	184000	174.45063591003418
46	1000.0	0.0	1000.0	1000.0	28.104614	6.6607337	39.319603	21.846565	1000.0	11540.736	0.061386894	91.67176	0.002559404	91.67441	91.62612	0.68710905	0.2515135	1.6263295	-0.12919104	2.9873848e-07	-0.00094374915	-3.091991e-08	0.00029181162	59.04397	-9.8885765	7.18045	-3.041	0	0	79.0	0.7297934	0.0020621025	188000	177.89329886436462
47	1000.0	0.0	1000.0	1000.0	35.02214	11.993426	46.751003	16.877836	1000.0	11680.825	0.06083763	92.36253	0.0028078351	92.36504	92.31265	2.3633442	0.2338081	3.0274594	1.5678557	-3.068447e-07	-0.003243751	2.0980835e-08	0.0001158207	49.65619	-8.574524	5.3507977	-0.7522869	0	0	79.0	0.731528	0.0037434003	192000	181.7729263305664
48	1000.0	0.0	1000.0	1000.0	25.078072	2.608133	27.420086	20.768822	1000.0	11781.138	0.060107846	93.016266	0.0022351511	93.01864	92.99331	3.2261796	0.20939551	3.8172076	2.008619	4.15802e-07	-0.0010525138	1.6465783e-08	-0.0017397759	41.517776	-7.3969	3.1727948	-0.78801274	0	0	79.0	0.73336285	0.0031857097	196000	185.84381675720215
49	1000.0	0.0	1000.0	1000.0	20.745369	0.756676	21.862316	19.761852	1000.0	11864.119	0.059320595	93.63433	0.0027741576	93.63685	93.5992	2.3392622	0.23209707	3.108996	1.5894983	3.6644934e-07	-0.001165272	9.536744e-10	-8.339703e-05	34.495777	-6.343567	0.74389124	-0.100008845	0	0	79.0	0.7412423	0.0022688156	200000	190.37468457221985
