Epoch	AverageEpRet	StdEpRet	MaxEpRet	MinEpRet	AverageEpCost	StdEpCost	MaxEpCost	MinEpCost	EpLen	CumulativeCost	CostRate	AverageVVals	StdVVals	MaxVVals	MinVVals	AverageCostVVals	StdCostVVals	MaxCostVVals	MinCostVVals	LossPi	DeltaLossPi	SurrCost	DeltaSurrCost	LossV	DeltaLossV	LossVC	DeltaLossVC	Penalty	DeltaPenalty	StopIter	Entropy	KL	TotalEnvInteracts	Time
0	17.094017	7.7100034	53.0	8.0	0.047879584	0.08607863	1.1409258	0.0041443137	17.094017	11.203823	0.0028009557723999022	0.0038223942	0.22987811	0.5140429	-0.5291255	-0.008262247	0.58330286	1.356397	-1.4100349	1.4305115e-09	-0.013810565	4.887581e-09	-0.00091953547	149.1137	-22.589447	0.34767488	-0.33780196	0	0	7.0	0.6746502	0.017288165	4000	5.431848526000977
1	21.8306	11.590874	89.0	8.0	0.05787863	0.09314025	0.84302515	0.003385785	21.8306	21.804379	0.0027255473136901854	1.1530092	0.25647148	2.1008823	-0.522112	0.04409473	0.041302785	0.17682433	-0.13756034	-1.4781952e-08	-0.013406895	8.046627e-10	-0.00013231099	229.89178	-82.762726	0.012750423	-0.0036645997	0	0	9.0	0.69191957	0.01503914	8000	7.7497029304504395
2	27.958042	16.194567	124.0	9.0	0.07557974	0.18199302	1.9966532	0.0017764489	27.958042	32.612747	0.0027177289326985677	5.3996525	0.23407923	6.2697873	4.1495495	0.059401467	0.018351907	0.16013286	-0.035222776	1.07288365e-08	-0.012672031	9.834766e-10	0.0006368934	274.6178	-94.40326	0.03980826	-0.0051289313	0	0	15.0	0.6825573	0.013027074	12000	12.339736223220825
3	33.325	17.14602	92.0	12.0	0.13715297	0.33260193	2.6651163	0.00051849266	33.325	49.07193	0.003066995620727539	11.052377	0.8622226	13.606576	4.8421564	0.073930636	0.059059177	0.33875617	-0.26654038	1.859665e-08	-0.013044678	7.9721213e-10	0.0016517476	210.705	-44.968567	0.111487485	-0.027993448	0	0	79.0	0.66137916	0.0049606888	16000	17.686052322387695
4	45.632183	27.91206	175.0	10.0	0.33252108	0.7271679	3.6921961	0.0049277004	45.632183	78.04074	0.0039020370483398435	15.112474	1.0156364	17.15161	9.115893	0.12511025	0.11871532	0.6100732	-0.45868403	3.6239623e-08	-0.012895233	-1.192093e-10	0.0026414834	386.59113	-68.54303	0.4066578	-0.070014	0	0	79.0	0.65455407	0.0046573915	20000	23.074584007263184
5	54.246574	30.656641	191.0	12.0	0.65775234	1.186541	7.363282	0.0034342336	54.246574	126.07293	0.005253038724263509	19.570862	1.0166796	21.26895	11.6736765	0.34526655	0.03046612	0.44052044	0.24970777	4.7683717e-08	-0.0155050885	4.0084123e-09	0.0049348436	387.4296	-46.774353	0.8302053	-0.10509592	0	0	79.0	0.6398075	0.004819516	24000	28.371315002441406
6	77.5098	44.35789	240.0	14.0	2.7283723	4.874811	26.404495	0.0026957637	77.5098	265.29718	0.009474899291992188	21.246607	4.734901	23.97	-17.7921	0.5206053	0.31811813	1.6127331	-0.8728548	3.4570693e-09	-0.013547597	-4.220009e-08	0.013805221	642.5405	-100.17554	12.94516	-3.736949	0	0	79.0	0.63404965	0.0043309852	28000	33.45168328285217
7	99.4	41.237606	218.0	24.0	43.380592	111.59127	463.8156	0.0126061225	99.4	2000.5491	0.06251715850830078	25.85268	3.4303224	26.991447	-16.142447	1.3601484	1.3046445	5.5933743	-3.1474898	-2.336502e-08	-0.012340999	2.2292137e-07	0.31830344	644.5147	-75.8006	6082.631	-663.0469	0	0	79.0	0.62312806	0.004176135	32000	36.06008267402649
8	137.65517	51.901283	298.0	75.0	46.171825	102.66789	448.24582	2.5246224	137.65517	3339.5376	0.09276493326822917	27.927198	4.5282865	29.62501	-19.213228	9.04233	5.8169746	17.035435	-14.216911	5.4895878e-08	-0.010671261	-3.4189225e-07	0.07282261	914.3106	-118.26276	3900.799	-434.76904	0	0	79.0	0.62434316	0.00419132	36000	41.04574704170227
9	120.25	62.3057	287.0	14.0	191.82104	306.6072	1097.5709	0.005032155	120.25	9501.747	0.2375436767578125	30.487654	6.3572903	32.64973	-18.576984	15.8590765	0.3471713	16.30524	14.145165	-1.9133092e-08	-0.008905721	1.1992455e-06	0.63277835	815.51886	-85.60138	40955.895	-1697.1914	0	0	79.0	0.6162125	0.0036053364	40000	45.92379689216614
10	162.83333	52.166134	261.0	11.0	272.97095	380.9785	1159.3564	0.062072888	162.83333	16054.803	0.36488188032670454	33.63323	5.387288	35.00344	-21.095938	24.374825	0.09358038	24.480192	23.663794	-2.1457673e-08	-0.01130649	-5.4807665e-06	0.3125966	897.27985	-89.13434	50514.13	-905.0078	0	0	79.0	0.609691	0.0046435315	44000	51.14036226272583
11	225.47058	70.96985	348.0	61.0	526.5278	478.25528	1221.3702	1.2163653	225.47058	25015.32	0.5211525065104167	36.266655	4.374877	37.36175	-13.260856	28.548994	0.03252578	28.585394	28.35815	6.4134596e-08	-0.008672473	4.415512e-07	0.29105118	1274.9735	-142.07251	81392.41	-1331.1016	0	0	79.0	0.60995495	0.004490655	48000	56.45665192604065
12	296.76923	105.77927	494.0	174.0	448.39978	404.12207	1158.5568	2.0974317	296.76923	30852.121	0.5933100210336538	38.860256	4.780482	40.16066	-13.517874	32.568188	0.02400572	32.597363	32.393566	2.7298928e-08	-0.007163713	2.1123885e-06	-0.20180547	1500.4285	-167.82275	43125.688	-465.0078	0	0	79.0	0.6043262	0.0022539159	52000	61.57156205177307
13	326.25	118.31957	500.0	49.0	1272.543	830.81824	2793.4282	1.0733339	326.25	46123.35	0.8236312779017857	38.977406	10.468107	42.999752	-21.90182	34.83004	0.015373612	34.8477	34.70114	9.9062916e-08	-0.005857209	-1.525879e-08	-0.06310227	1511.7457	-187.96399	246490.62	-2745.4375	0	0	79.0	0.5996407	0.007279067	56000	66.82687973976135
14	367.3	134.3466	500.0	110.0	840.73206	711.11597	1802.5116	17.161514	367.3	54559.51	0.9093251953125	45.54124	0.14383225	45.618267	44.508263	39.099995	0.088449314	39.16127	38.511677	-3.671646e-08	-0.003021482	1.2722015e-06	-0.06870063	1555.4178	-135.62256	108765.33	-703.9297	0	0	79.0	0.5931002	0.0041587087	60000	69.43786835670471
15	367.0	109.10454	500.0	194.0	1112.0905	873.9107	2754.8108	6.423371	367.0	65765.09	1.02757958984375	46.910694	3.3205423	47.93092	16.603674	41.22883	0.012680224	41.242653	41.15292	-2.1219254e-08	-0.005012954	-2.7484894e-06	0.14024295	1341.263	-133.8988	172365.7	-1056.6875	0	0	79.0	0.5936891	0.004215005	64000	74.47860622406006
16	265.33334	127.911255	500.0	52.0	887.5428	675.1336	2254.6724	0.13535392	265.33334	79078.266	1.1629156709558823	46.264492	10.920026	50.053932	-21.636887	43.62091	0.003610545	43.626495	43.605175	-2.014637e-08	-0.007297599	-6.0844422e-06	-0.77953905	949.7834	-72.026794	163678.66	-1300.8906	0	0	7.0	0.60349864	0.0136616975	68000	79.00648903846741
17	500.0	0.0	500.0	500.0	646.98254	1446.2378	4471.169	32.71514	500.0	84254.13	1.1701962890625	51.496258	0.23888011	51.64351	49.806755	46.173447	0.015270745	46.186222	46.10229	-1.66893e-08	-0.0033406767	-1.0681153e-07	0.2043321	1425.8857	-111.083496	106886.445	-147.17969	0	0	79.0	0.59053284	0.0027660262	72000	84.16262364387512
18	416.22223	157.28867	500.0	95.0	270.53375	397.76697	1289.0643	2.4841657	416.22223	86694.43	1.1407161800986843	53.504494	0.46255034	53.605404	46.42198	47.122265	0.0036977837	47.12762	47.091362	-1.3113022e-08	-0.002043263	7.390976e-07	-0.06982831	1247.055	-89.07556	16057.526	-3.5419922	0	0	79.0	0.5748436	0.0034831422	76000	89.32882571220398
19	327.91666	100.77488	500.0	214.0	1602.1862	1294.7075	4743.439	12.472646	327.91666	105920.77	1.32400966796875	54.620216	4.8255496	55.336887	-25.776148	47.29586	0.0076361005	47.303463	47.24744	3.695488e-09	-0.0054518427	2.117157e-06	-0.29387808	918.2985	-42.93976	396980.62	-2555.8438	0	0	79.0	0.5819352	0.0055312845	80000	94.31109571456909
20	500.0	0.0	500.0	500.0	349.45978	630.0838	2010.7122	54.958065	500.0	108716.45	1.2942434895833332	56.443436	0.37401596	56.539356	53.091522	50.552784	0.0034830635	50.5567	50.53544	2.0980835e-08	-0.001302503	-1.1901856e-06	0.009637283	1171.5724	-79.352905	35302.035	-9.597656	0	0	79.0	0.5740933	0.002682767	84000	97.00036311149597
21	440.55554	83.55851	500.0	296.0	595.56573	595.30695	1629.2507	64.45525	440.55554	114076.555	1.2963244850852274	58.128914	0.033045813	58.143864	57.822258	51.007374	0.002243422	51.010086	50.995487	3.170967e-08	-0.002056071	-2.4352073e-06	-0.070085734	1013.36896	-53.30133	54544.04	-99.52734	0	0	79.0	0.5765475	0.002395884	88000	102.15720009803772
22	300.0	124.14755	500.0	164.0	1490.5227	1325.6555	5784.6733	43.11231	300.0	133454.1	1.4505879755434783	58.282906	4.3078947	59.54717	12.799962	51.64261	0.0072633536	51.649136	51.609894	2.2649764e-09	-0.005208312	-3.6201477e-06	0.3386734	715.0045	-128.21582	368982.2	-2295.2188	0	0	79.0	0.58945394	0.004577675	92000	107.24476313591003
23	441.8889	108.99383	500.0	222.0	486.31042	535.53174	1450.4028	58.540096	441.8889	137830.89	1.4357384440104166	59.575844	5.54421	60.642677	-6.0913296	54.608055	0.0018026632	54.610413	54.596935	2.0980835e-08	-0.002768173	-1.4343261e-06	-0.27382344	893.1125	-59.165344	39034.2	-56.265625	0	0	79.0	0.5774441	0.0077359243	96000	113.26586604118347
24	316.16666	119.57692	500.0	112.0	1302.9586	708.48706	2743.5913	10.095098	316.16666	153469.7	1.53469703125	61.259586	3.3181155	61.991287	26.182737	55.25597	0.004483723	55.260567	55.23324	-1.3113022e-09	-0.0045758355	4.4231415e-06	-0.07826959	750.6329	-27.20111	217103.52	-1333.5156	0	0	79.0	0.58454245	0.004328125	100000	119.01968288421631
