Epoch	AverageEpRet	StdEpRet	MaxEpRet	MinEpRet	AverageEpCost	StdEpCost	MaxEpCost	MinEpCost	EpLen	CumulativeCost	CostRate	AverageVVals	StdVVals	MaxVVals	MinVVals	AverageCostVVals	StdCostVVals	MaxCostVVals	MinCostVVals	LossPi	DeltaLossPi	SurrCost	DeltaSurrCost	LossV	DeltaLossV	LossVC	DeltaLossVC	Penalty	DeltaPenalty	Optim_A	Optim_B	Optim_c	Optim_q	Optim_r	Optim_s	Optim_Lam	Optim_Nu	OptimCase	Margin	BacktrackIters	Entropy	KL	TotalEnvInteracts	Time
0	16.77311	6.832248	51.0	8.0	0.40155247	0.26779816	1.357184	0.0052750846	16.77311	95.71043	0.023927606582641602	0.0065693157	0.23157819	0.5280823	-0.53128713	-0.01650434	0.5818202	1.4306723	-1.4242975	-1.1634827e-07	-0.013007892	8.225441e-09	-0.0009508581	132.84468	-21.437553	0.44730404	-0.4053053	0.0	0.0	0.015993346	-0.0046714563	-0.0058693667	0.016650831	0.0012425047	0.0023480605	1.290381	0.0	3.0	0.0	0.0	0.6741444	0.004471463	4000	5.466671943664551
1	18.825472	7.554376	51.0	8.0	0.37536025	0.26196823	1.6105105	0.04314489	18.825472	175.38567	0.021923208236694337	1.1682507	0.09904656	1.5242513	0.7501902	0.2520004	0.027951133	0.34014738	0.13635023	-5.2452087e-08	-0.014081455	-1.1324882e-09	0.0005922921	136.08624	-58.35885	0.03952075	-0.0027910732	0.0	0.0	0.01230959	-0.463179	-0.0066208034	0.019622719	-0.0008230943	9.263944e-05	1.4008112	0.0	3.0	0.0	0.0	0.68784857	0.0045419335	8000	10.718779563903809
2	23.42941	13.355689	88.0	9.0	0.42302936	0.39468977	2.8741837	0.01570864	23.42941	247.46927	0.02062243906656901	4.9635324	0.52145576	7.6697946	0.76763344	0.21626101	0.018572	0.25709552	0.15919617	-7.259846e-08	-0.015285841	-8.940697e-11	0.00082708505	195.07745	-73.25789	0.11969819	-0.011758126	0.0	0.0	0.016459422	-0.03549237	-0.0032852143	0.023270667	-0.0012711819	0.00023724051	1.5254726	0.0	3.0	0.0	0.0	0.69186753	0.0043593133	12000	15.862303256988525
3	24.103659	12.437953	104.0	9.0	0.45201558	0.7334401	8.573279	0.030150453	24.103659	323.43808	0.020214879989624023	10.636867	0.3400206	11.551249	9.029602	0.26529244	0.07856635	0.5945136	-0.20814875	-2.026558e-08	-0.01449609	-1.1518598e-08	0.0011664148	114.70465	-14.032524	0.5487955	-0.11301342	0.0	0.0	0.009407582	-0.0059025423	-0.0019907525	0.021475988	-0.001734239	0.00024921147	1.4654688	0.0	3.0	0.0	0.0	0.68808615	0.0043480913	16000	20.95232915878296
4	31.234375	16.370935	86.0	10.0	0.5768837	0.8246707	5.0781035	0.030829085	31.234375	397.3783	0.019868914794921876	13.128549	0.72778726	15.981662	7.053194	0.3587442	0.26998755	2.1330543	-1.1356745	2.3961068e-08	0.0048037856	-3.8817527e-09	-0.0024792417	162.12277	-21.113052	0.55028284	-0.034586668	9.886426	0.0	0.010157759	0.0026444518	0.0024615084	0.023535661	-0.0033196155	0.0008237351	1.9598875	9.886426	1.0	0.0	0.0	0.6788097	0.0037516274	20000	23.729663133621216
5	28.312057	13.528607	83.0	11.0	0.4163676	0.32852504	2.5535774	0.051294502	28.312057	456.0916	0.019003817240397135	16.087576	1.232927	17.822424	6.9082065	0.4232251	0.10075033	0.9451343	-0.03865993	6.9141386e-09	-0.017592892	8.404255e-09	0.0016508879	111.98938	-10.895889	0.1287684	-0.060780555	0.0	0.0	0.00597617	-0.014822735	-0.0029539503	0.032468665	-0.0030516856	0.0003515254	1.8019063	0.0	3.0	0.0	0.0	0.677272	0.004193885	24000	28.6605703830719
6	35.36283	20.05879	98.0	11.0	0.8385176	2.0409586	16.207815	0.041832	35.36283	551.08484	0.01968160138811384	15.408019	2.2813687	18.448513	3.3032749	0.23716235	0.06356847	0.47890308	-0.023137346	1.835823e-08	0.0061528026	1.3872981e-08	-0.008562966	200.77887	-24.73494	3.7765887	-1.1504388	1.0907471	0.0	0.026554303	-0.00090227503	0.009572695	0.030195503	-0.005532201	0.008405264	0.0	1.0907471	0.0	0.0	0.0	0.6642999	0.003461254	28000	33.60209631919861
7	32.581966	18.414106	127.0	11.0	0.44387	0.4183891	2.0920084	0.024517732	32.581966	605.3612	0.018917537689208983	18.457945	1.6977061	20.277668	9.051924	0.56255776	0.5961219	2.9476705	-2.061263	-1.0728836e-09	-0.017214388	-2.7418137e-09	0.0015838124	164.29985	-9.336075	0.48125377	-0.3608573	0.57135606	0.0	0.024250232	0.008479944	-0.0017227319	0.032563567	-0.0040287985	0.0019524315	1.6910695	0.57135606	2.0	0.0	0.0	0.6638208	0.004150325	32000	38.39703297615051
8	40.80612	17.58168	114.0	16.0	0.39294022	0.34887627	2.0793447	0.021635383	40.80612	643.87103	0.017885306464301216	18.291063	2.3042448	21.118353	6.8612423	0.29667693	0.18692878	1.0043842	-0.70263314	-3.8743018e-08	-0.0144430455	3.7252903e-09	0.0013644858	165.6671	-10.029022	0.08825893	-0.024923041	0.0	0.0	0.014379198	-0.0026801168	-0.0026236204	0.02225513	-0.0020677135	0.00054284866	1.4918153	0.0	3.0	0.0	0.0	0.6538484	0.0037663402	36000	43.366453886032104
9	45.908047	21.677168	112.0	15.0	0.6091495	0.5395189	3.0896304	0.0097162435	45.908047	697.0332	0.017425830078125	19.989836	2.5330656	23.103264	5.5948396	0.1823602	0.16265266	0.9688974	-0.31510368	1.07288365e-08	0.007143061	-2.8014182e-09	-0.002301191	210.43224	-17.899673	0.16302994	-0.028367251	4.2640085	0.0	0.020034624	-0.00027803326	0.0023775683	0.024843877	-0.0016263603	0.0005499915	0.0	4.2640085	0.0	0.0	0.0	0.63872594	0.003967248	40000	48.192352294921875
10	40.56701	17.527538	106.0	12.0	0.3541608	0.33808535	2.2238493	0.04699147	40.56701	731.823	0.016632340864701705	22.034819	2.8593595	25.241713	6.500293	0.32179633	0.0942824	0.95112145	-0.058505137	-1.4305114e-08	-0.014628589	4.0978194e-09	0.0013173611	156.02664	-16.420792	0.093899325	-0.025801487	0.0	0.0	0.010979735	-0.02745151	-0.0035950202	0.022581223	-0.0020008914	0.00034509075	1.502705	0.0	3.0	0.0	0.0	0.63979006	0.003936041	44000	52.89557075500488
11	47.61905	19.054998	107.0	18.0	0.5096183	0.46955192	2.7479548	0.037012614	47.61905	774.6309	0.01613814417521159	20.643263	3.9400482	25.124123	2.2360382	0.17948256	0.07894646	0.47321936	-0.16320792	-2.0861626e-09	-0.0076014525	-1.6093255e-09	-0.00019176822	165.06969	-27.128937	0.11691612	-0.017272778	7.5010295	0.0	0.008999179	0.009889945	0.00020198392	0.027067676	-0.0025880605	0.0003707036	0.9539036	7.5010295	1.0	0.0	0.0	0.6264004	0.004179883	48000	55.15252375602722
12	52.613335	22.314058	171.0	19.0	0.47992712	0.4523456	2.8375173	0.03567857	52.613335	812.1599	0.015618459848257212	22.148285	4.5652523	26.217249	3.6119287	0.2805133	0.057334475	0.46785328	0.024264496	2.8371812e-08	-0.00752774	7.301569e-10	0.00031579388	185.47287	-35.195953	0.104908384	-0.000340648	5.53742	0.0	0.005727632	0.009721377	-0.00038151693	0.025154294	-0.003185695	0.00052240846	0.76758003	5.53742	2.0	0.0	1.0	0.6069941	0.0025720543	52000	60.128865242004395
13	56.028168	23.768232	131.0	26.0	0.5420464	0.5220208	2.566891	0.0135009065	56.028168	851.0933	0.015198095049176897	23.115906	6.2112765	28.620358	0.8517191	0.26757714	0.04786206	0.43104878	0.03303653	9.6559525e-09	0.0015040548	-9.23872e-10	-0.00076299725	164.91498	-32.198166	0.111298904	-0.0042790696	7.760697	0.0	0.0018583644	0.008629934	0.0007504516	0.021506647	-0.002841936	0.00041105883	0.46404672	7.760697	1.0	0.0	0.0	0.59289634	0.0036278625	56000	64.85427355766296
14	54.575344	15.657217	104.0	25.0	0.42814064	0.373571	2.134029	0.03043059	54.575344	882.50385	0.014708397420247396	24.192863	7.90993	31.008314	-0.6544517	0.32628557	0.07275637	0.5313473	0.085001335	-9.417534e-09	-0.010391188	-2.9206275e-09	0.0010625891	76.774216	-11.52845	0.069568515	-0.011733592	2.185403	0.0	0.004857946	0.0047059203	-0.0013167001	0.017734623	-0.0020534943	0.00032747883	1.0160242	2.185403	2.0	0.0	1.0	0.57155997	0.0024681448	60000	69.57878494262695
15	59.892307	20.15717	136.0	28.0	0.67660123	0.6501556	3.6073446	0.06340778	59.892307	927.2438	0.014488183975219726	23.582937	8.898989	31.998116	0.5770867	0.21327116	0.065224834	0.3830774	-0.063061856	2.2411346e-08	0.012539069	8.076429e-09	-0.0020760775	124.11463	-21.228348	0.17904623	-0.02454409	4.838067	0.0	0.00426362	-0.010351634	0.0029486462	0.019387744	-0.0025418983	0.0004272146	0.0	4.838067	0.0	0.0	0.0	0.563825	0.003942782	64000	74.32624053955078
16	59.44776	20.552288	129.0	28.0	0.48522273	0.39744776	2.2944913	0.024628967	59.44776	960.0432	0.014118282542509191	26.22371	9.823124	34.718372	-0.2707502	0.37130913	0.060580146	0.5620277	0.14540145	1.3351441e-08	-0.005867854	2.2947788e-09	0.00021201409	91.001595	-11.430611	0.07775074	-0.024234667	6.541566	0.0	0.002133095	0.009812105	-0.00024857576	0.017763518	-0.0022671842	0.0003288538	0.46625552	6.541566	2.0	0.0	0.0	0.56890196	0.00336344	68000	78.83432245254517
17	60.53846	18.948576	121.0	30.0	0.5092952	0.41561085	2.648295	0.027054442	60.53846	993.22864	0.013794842190212674	25.136787	10.722577	35.36738	1.2839174	0.21683726	0.06241735	0.3952179	-0.017420812	-3.051758e-08	-0.004196283	1.5497208e-09	-0.00016386984	71.07356	-7.356758	0.0625237	-0.0037994757	6.2022147	0.0	0.0030177187	0.009907134	0.00015354248	0.011761059	-0.0014898375	0.0002538636	0.5519063	6.2022147	1.0	0.0	0.0	0.5481995	0.0035158182	72000	83.41811418533325
18	65.86667	23.152729	128.0	29.0	0.4892646	0.29140288	1.5134425	0.047472857	65.86667	1023.30695	0.013464565076326068	25.846088	11.520889	36.7402	0.9779984	0.27122918	0.057181876	0.42895764	0.06715007	5.4836273e-09	-0.004622834	2.0861626e-10	0.00015693171	83.916245	-11.880531	0.035953276	-0.0029863268	6.433258	0.0	0.0012095468	0.009883467	-0.00016298672	0.011392757	-0.0015235973	0.00022795843	0.3498297	6.433258	2.0	0.0	0.0	0.5243905	0.003297392	76000	85.68379044532776
19	69.052635	25.297821	159.0	39.0	0.5862712	0.31309736	1.5989108	0.0822784	69.052635	1056.9048	0.013211309814453126	27.245207	12.272956	38.65711	1.4420358	0.24028364	0.019155502	0.31731516	0.1018414	-1.4424324e-08	0.006469844	-3.5762787e-10	-0.0010676153	92.316925	-15.045204	0.03148534	-0.002522301	9.42118	0.0	0.0007789029	-0.003855447	0.0012493546	0.00492528	-0.00068345485	0.00011265511	0.0	9.42118	0.0	0.0	0.0	0.5145798	0.0043364638	80000	90.47284960746765
20	66.03333	20.499567	137.0	33.0	0.38459313	0.18149078	0.84774166	0.035799444	66.03333	1080.0675	0.01285794648670015	29.685625	12.617451	40.68813	2.1191568	0.2769231	0.02695502	0.3676794	0.18697786	4.6640634e-09	-0.007779064	-1.1995435e-09	0.00055058807	63.348335	-10.941219	0.02785293	-0.014480103	0.0	0.0	0.0006662226	-0.08423055	-0.0017477063	0.006198374	-0.00042346705	3.2414937e-05	0.78729755	0.0	3.0	0.0	0.0	0.5188766	0.0040993528	84000	95.13911056518555
21	64.048386	16.518248	114.0	39.0	0.48133805	0.2993635	1.3346676	0.045022838	64.048386	1110.212	0.012616045865145597	26.318954	13.211996	40.6659	0.4466368	0.15840437	0.01849147	0.22652888	0.08538205	-7.867813e-09	-0.008396789	9.0897084e-10	0.00027267958	37.76111	-2.2081375	0.03884046	-0.0063531436	8.223401	0.0	0.0040369737	0.009448096	-0.00029137262	0.017809298	-0.0014555285	0.00015382758	0.65366584	8.223401	2.0	0.0	0.0	0.50138164	0.0036160436	88000	99.6506769657135
22	69.929825	19.16032	125.0	40.0	0.5975352	0.30483222	1.5094448	0.036582332	69.929825	1144.2877	0.012437909997027853	27.487364	13.411857	41.424248	0.47853205	0.240795	0.022969782	0.29522082	0.16238111	-1.8835069e-08	0.010196058	-6.556511e-10	-0.001294897	48.53108	-4.6738434	0.03109439	-0.0019683838	7.930996	0.0	0.0007660987	-0.0022371584	0.0013947581	0.010554689	-0.0012474372	0.00015897075	0.0	7.930996	0.0	0.0	0.0	0.4778127	0.0044244593	92000	104.25014591217041
23	64.683334	20.495115	133.0	33.0	0.4569102	0.2249288	1.0075905	0.07105982	64.683334	1172.072	0.012209083557128906	29.172386	13.422596	42.769127	1.2535536	0.2772136	0.037735406	0.37948114	0.16154201	-5.6028364e-09	-0.0076151392	2.2947788e-09	0.000543011	51.737312	-5.591736	0.02207293	-0.007332515	3.065226	0.0	0.0021128594	0.0038774456	-0.0006661655	0.009145372	-0.0007139554	7.2482246e-05	0.7381803	3.065226	2.0	0.0	1.0	0.48441502	0.0027220657	96000	108.8515408039093
24	68.43104	18.56128	126.0	39.0	0.5276848	0.24866849	1.2066677	0.1121574	68.43104	1203.1188	0.012031187744140625	27.49798	14.07376	42.943817	-0.93833864	0.18857077	0.02268098	0.25607383	0.10996533	-1.3351441e-08	0.0009555671	-2.0861626e-10	-0.00039894565	37.89214	-3.5482025	0.031827454	-0.0058548357	8.516903	0.0	0.00059188466	0.008985938	0.00040456507	0.010599192	-0.0012709094	0.00016140314	0.25664738	8.516903	1.0	0.0	0.0	0.4811673	0.0017431828	100000	113.96689200401306
