Epoch	AverageEpRet	StdEpRet	MaxEpRet	MinEpRet	AverageEpCost	StdEpCost	MaxEpCost	MinEpCost	EpLen	CumulativeCost	CostRate	AverageVVals	StdVVals	MaxVVals	MinVVals	AverageCostVVals	StdCostVVals	MaxCostVVals	MinCostVVals	LossPi	DeltaLossPi	SurrCost	DeltaSurrCost	LossV	DeltaLossV	LossVC	DeltaLossVC	Penalty	DeltaPenalty	StopIter	Entropy	KL	TotalEnvInteracts	Time
0	11.758823	5.8586845	44.0	4.0	0.4234628	1.1903329	19.811348	0.034435093	11.758823	143.97968	0.035994917	0.0009123947	0.013749861	0.099961385	-0.0915445	-0.0012333732	0.026691873	0.19343932	-0.26395157	9.059906e-09	-0.016646028	-8.523465e-09	0.0002320481	83.48498	-16.815987	2.7102644	-0.5137274	0	0	5.0	0.9189385	0.016652416	4000	4.002095699310303
1	13.707904	7.283218	44.0	4.0	0.5022036	1.6585443	24.16467	0.021340452	13.707904	290.1571	0.03626964	1.2200193	0.321772	2.5794208	-0.4290576	0.48463073	0.35783207	2.3292882	-1.7808456	4.8160555e-08	-0.015776442	-2.384186e-10	0.009305777	95.38708	-43.290512	4.250695	-0.09570265	0	0	7.0	0.91720957	0.017934669	8000	7.591430902481079
2	17.047009	9.114299	51.0	5.0	0.77553546	3.3149872	37.66834	0.0076320786	17.047009	471.8903	0.03932419	5.1074634	0.26538712	6.080983	3.2031593	0.5800827	0.6529493	3.5069585	-4.08541	-1.1563301e-08	-0.015485311	-2.515316e-08	0.007028723	86.77462	-29.337791	18.00925	-3.7954817	0	0	8.0	0.9150572	0.014210806	12000	11.200998544692993
3	18.85849	9.358619	59.0	5.0	0.56873184	1.6791874	20.666197	0.009574397	18.85849	592.48895	0.03703056	9.51758	0.77561593	11.241426	5.9608545	1.1007628	0.5388744	3.7136998	-1.1180797	-2.4318695e-08	-0.01448262	4.887581e-09	0.009423941	64.495186	-3.2170982	3.735142	-0.280442	0	0	10.0	0.912667	0.014505443	16000	14.83286166191101
4	26.476822	13.372322	76.0	7.0	2.005112	5.484059	36.696404	0.015752928	26.476822	895.26605	0.044763304	11.195752	0.5772741	13.212924	7.906975	0.5223221	0.743417	4.014455	-2.8866038	7.152557e-09	-0.014775913	-8.9108944e-08	0.026927412	123.041374	-20.013939	32.71401	-8.493662	0	0	13.0	0.9095006	0.012768378	20000	18.526841402053833
5	34.982456	18.009249	104.0	12.0	6.7939515	13.549836	70.01034	0.028736943	34.982456	1669.8372	0.06957655	14.561183	2.1140985	18.345057	2.8501709	2.4480703	1.3321868	6.672827	-2.626578	-1.9490718e-08	-0.020049132	-7.724762e-08	0.03409251	184.39793	-26.22931	150.12744	-22.677223	0	0	9.0	0.9066217	0.014561033	24000	22.245415210723877
6	40.343433	19.415792	124.0	8.0	14.134337	18.718822	97.19662	0.09768371	40.343433	3069.2905	0.10961752	18.218367	2.8687682	21.34449	-2.6886322	7.2403045	1.7178826	11.45511	-0.7316748	2.861023e-09	-0.02328691	1.5258789e-07	-0.04172188	187.56876	-11.8680725	247.07637	-36.995728	0	0	8.0	0.90466017	0.01630523	28000	26.15847611427307
7	51.166668	20.571587	105.0	12.0	21.90511	30.642942	175.10045	0.08725872	51.166668	4777.9204	0.14931001	20.063366	4.005061	23.11911	-5.993253	12.985043	0.70399714	14.311795	9.095601	-1.7523766e-08	-0.014426111	8.058548e-08	-0.0665161	216.96228	-22.069748	473.16827	-14.214172	0	0	12.0	0.9025569	0.013628693	32000	29.325189113616943
8	58.82353	21.100557	128.0	30.0	18.095171	20.113638	131.85028	0.68317395	58.82353	6008.392	0.16689979	23.87264	2.6710668	25.685884	-3.5702984	16.2494	1.3426754	18.851957	8.753518	8.8214875e-09	-0.01465049	-1.01566314e-07	0.018483665	244.10431	-13.949448	221.08774	-17.817673	0	0	79.0	0.90020114	0.0047045127	36000	33.43048334121704
9	63.04762	25.2407	173.0	34.0	15.2155695	17.121445	85.82077	0.7337173	63.04762	6968.5615	0.17421404	25.498535	5.1710706	27.606695	-15.40558	12.098696	1.4738735	15.919615	1.0904701	-1.2159347e-08	-0.015631797	1.2683869e-07	0.063455686	287.53625	-9.979004	146.9922	-14.01416	0	0	79.0	0.896647	0.0044739256	40000	37.48161029815674
10	77.88	31.784044	187.0	34.0	16.794653	17.923357	78.56762	1.6655242	77.88	7814.559	0.17760362	27.652884	2.9964712	29.146858	-0.22251913	9.327839	0.6453206	10.815196	5.982791	-3.987551e-08	-0.010730319	1.3065338e-07	-0.010340474	398.07245	-40.142822	131.75107	-1.4492798	0	0	79.0	0.89519304	0.0032673588	44000	41.58051156997681
11	102.63158	40.39764	258.0	48.0	14.828799	12.911951	69.881645	2.0606978	102.63158	8385.159	0.17469081	30.707964	4.9530797	32.530205	-17.237322	9.267571	0.4950366	10.639414	3.9757547	1.1444092e-08	-0.010678268	9.059906e-09	0.045256563	518.8896	-63.744537	63.862858	-7.139881	0	0	79.0	0.8802383	0.0049127475	48000	45.50497794151306
12	140.0	70.49772	320.0	52.0	26.415346	25.323214	116.48199	5.5510526	140.0	9126.177	0.1755034	34.698875	4.366657	36.221935	2.4992127	7.240197	1.288838	10.426019	3.2264972	6.198883e-09	-0.015778273	3.361702e-08	0.01896429	849.73773	-119.446655	158.08241	-12.455246	0	0	79.0	0.88186675	0.0059698694	52000	49.480632066726685
13	333.33334	192.53499	748.0	95.0	26.387962	12.539158	50.777462	7.8495984	333.33334	9442.833	0.16862202	39.816765	1.2211709	40.31335	26.246912	10.181089	2.2761056	15.639581	3.604037	2.1219254e-08	-0.011346583	3.8146974e-09	0.036286127	1860.3811	-326.07214	51.526516	-26.21493	0	0	79.0	0.87003016	0.0043579726	56000	53.47121453285217
14	704.6	246.94824	1000.0	383.0	27.877768	16.342583	53.5705	11.614309	704.6	9653.969	0.16089948	45.122078	0.20133553	45.189022	40.809174	5.160382	1.1554593	8.673328	1.0246377	-3.051758e-08	-0.0074869352	-2.5272369e-08	0.041361697	2200.214	-334.06592	41.477535	-2.051731	0	0	17.0	0.86319935	0.012214564	60000	57.03920221328735
15	1000.0	0.0	1000.0	1000.0	36.433884	13.915009	49.609253	14.605874	1000.0	9799.705	0.1531204	49.30575	0.02047234	49.32132	49.03065	4.1802754	0.9354343	7.1256847	0.99251956	3.838539e-08	-0.0023602839	-1.0371208e-08	-0.02598871	2187.678	-303.36218	11.864017	-0.69116783	0	0	8.0	0.8622513	0.013783718	64000	59.79507088661194
16	1000.0	0.0	1000.0	1000.0	23.572235	5.0916677	26.697842	14.759195	1000.0	9893.993	0.1454999	52.710556	0.08161291	52.76821	51.86228	1.9504806	1.0441287	5.084469	-0.84557927	5.8555605e-07	-0.0028754857	1.1563301e-08	0.014053627	1903.629	-232.69153	4.5146594	-0.7403455	0	0	9.0	0.861576	0.01470063	68000	63.32900619506836
17	1000.0	0.0	1000.0	1000.0	25.382586	6.1468015	34.131077	16.88672	1000.0	9995.524	0.13882673	55.54906	0.012750351	55.557995	55.375362	2.8704507	0.6965823	5.208903	0.2851796	5.2189824e-07	-0.0014000034	-2.4437905e-09	0.0040177563	1681.9817	-186.50366	3.7940829	-0.36784172	0	0	79.0	0.8618099	0.004864793	72000	67.13137173652649
18	886.25	197.02078	1000.0	545.0	47.76217	19.52079	78.50726	24.570385	886.25	10199.739	0.1342071	57.946835	0.019119333	57.95697	57.702454	2.2754443	0.81793606	5.4996324	-0.25235513	-3.2067298e-08	-0.013034183	1.9788741e-08	-0.025217565	1422.2472	-140.19397	27.51778	-3.2904797	0	0	5.0	0.86966974	0.02174842	76000	70.84945297241211
19	1000.0	0.0	1000.0	1000.0	38.895504	19.596226	69.21147	15.174306	1000.0	10355.321	0.12944151	59.97408	0.03615726	59.991894	59.557434	3.4890234	1.2806195	7.3792143	-0.009557314	-1.0681153e-07	-0.0019526433	1.3053417e-08	-0.007504314	1363.8635	-139.00415	23.828587	-0.6590729	0	0	79.0	0.8691134	0.0028871156	80000	74.68862271308899
20	740.0	330.00546	1000.0	124.0	18.339598	4.6182837	23.769812	12.504576	740.0	10478.49	0.12474393	61.950226	0.041236088	61.96731	61.316032	2.8474731	0.9872372	5.7064714	-0.14812067	-4.0650367e-08	-0.0066603543	1.7285346e-09	0.0029780425	1126.5461	-79.89636	6.91473	-1.0892386	0	0	8.0	0.8810207	0.011875265	84000	78.34339213371277
21	1000.0	0.0	1000.0	1000.0	34.59483	13.15365	53.885178	19.812683	1000.0	10616.869	0.12064624	63.476067	0.017271932	63.48603	63.219208	2.4454558	0.5761626	4.2748475	0.688865	-4.925728e-07	-0.0034764083	-3.4570693e-08	0.001197696	1135.5242	-111.86572	14.381129	-1.1249218	0	0	9.0	0.8816947	0.01579679	88000	81.94103360176086
22	1000.0	0.0	1000.0	1000.0	26.390434	7.826145	37.639736	16.591003	1000.0	10722.431	0.11654816	65.22652	0.0027372204	65.22971	65.20627	3.1104112	0.30018917	4.2016945	1.8426839	-7.829666e-07	-0.0018979985	2.1755695e-09	-0.00036304013	1029.3408	-102.719055	5.29137	-0.54906034	0	0	79.0	0.88191944	0.0050526774	92000	85.76424360275269
23	1000.0	0.0	1000.0	1000.0	37.815346	13.260011	51.758198	21.420479	1000.0	10873.692	0.11326763	66.91118	0.0023670306	66.91398	66.89374	2.5720909	0.32793808	3.6020584	1.6500094	-2.3841858e-08	-0.0010357627	9.1195105e-09	0.0024229358	932.01935	-92.61975	12.877237	-0.6662245	0	0	79.0	0.8766979	0.0024195693	96000	88.81429934501648
24	1000.0	0.0	1000.0	1000.0	28.28531	11.562115	45.715023	15.148053	1000.0	10986.834	0.10986834	68.50689	0.002598197	68.50979	68.48317	2.861958	0.53018713	4.427624	1.313336	9.4532965e-07	-0.0030331078	-9.298325e-09	-0.00014304685	844.2961	-83.958435	8.926577	-0.45433617	0	0	11.0	0.87741613	0.013034269	100000	92.36504101753235
25	668.8	291.91464	1000.0	214.0	40.647087	20.139914	68.95883	13.178093	668.8	11211.223	0.107800215	70.026794	0.003961588	70.029976	69.965294	2.4349256	0.9545224	5.9009905	-0.36675245	3.7640334e-08	-0.021752754	-4.4763087e-08	-0.021487098	747.98254	-39.532898	27.213669	-7.5113792	0	0	3.0	0.8773221	0.02502935	104000	96.01498317718506
26	1000.0	0.0	1000.0	1000.0	18.29271	7.123698	30.358513	11.840237	1000.0	11284.394	0.104485124	71.100655	0.0052736737	71.10568	71.05077	3.490779	1.2758725	6.81396	-0.29520386	5.9962275e-07	-0.0029883315	-1.7225743e-08	0.0036425134	710.9418	-70.43359	8.51789	-4.8331423	0	0	79.0	0.8758406	0.0040903366	108000	99.84267473220825
27	1000.0	0.0	1000.0	1000.0	23.590618	12.803745	38.811096	8.391691	1000.0	11378.756	0.101596035	72.48911	0.009579202	72.49478	72.36537	1.8543308	0.77415615	4.5274734	-0.27880472	-1.4743805e-06	-0.002197701	1.168251e-08	0.0031720598	644.2912	-66.58893	5.136625	-0.49678278	0	0	79.0	0.8595435	0.005948114	112000	103.67051219940186
28	543.0	374.0122	1000.0	141.0	43.802284	10.536246	55.34805	25.634829	543.0	11718.539	0.101021886	73.85837	0.11600952	73.87575	70.11943	2.1368618	0.6846345	5.429089	-1.7934813	2.503395e-09	-0.01986503	2.2351742e-08	-0.04283142	633.87964	-68.45465	58.243797	-20.638641	0	0	4.0	0.8472178	0.020738605	116000	107.30315732955933
29	475.625	230.39908	823.0	140.0	60.120304	32.8983	116.19607	19.483936	475.625	12206.472	0.101720594	72.01067	10.249556	74.703445	-57.287186	6.698127	0.5667244	8.320538	3.3937752	5.3405763e-08	-0.0012092235	-4.3988226e-08	-0.016022649	590.792	-24.104614	95.20855	-9.35067	0	0	5.0	0.84433776	0.018229758	120000	111.13068866729736
30	683.8	171.95047	1000.0	484.0	35.696266	6.7823434	47.60039	28.680681	683.8	12426.299	0.10021209	74.02521	4.1533422	75.20901	34.66444	9.685154	0.5236307	10.859381	7.142133	-1.8656253e-08	-0.011231777	3.6239623e-08	0.018797083	578.1663	-36.461304	31.88018	-20.887035	0	0	79.0	0.8420532	0.0064305975	124000	115.18981194496155
31	1000.0	0.0	1000.0	1000.0	28.289032	11.348543	47.069504	16.970049	1000.0	12539.454	0.09796449	75.87446	0.7973989	76.02761	58.32653	5.200873	0.56158733	6.6818132	3.1787791	-7.9154965e-08	-0.0051108864	-1.7285346e-08	0.0053999005	496.26834	-60.184113	9.481168	-5.695832	0	0	8.0	0.8352136	0.013928448	128000	118.76125264167786
32	1000.0	0.0	1000.0	1000.0	19.360212	7.1144	30.422386	10.770878	1000.0	12616.8955	0.095582545	77.308876	0.033280477	77.32048	76.48788	2.9033108	0.36812603	4.142456	1.6974589	3.0326842e-07	-0.0025015373	-3.4332274e-08	-0.0016790433	438.24643	-51.19037	3.15328	-1.097739	0	0	79.0	0.83507997	0.005511073	132000	121.8778326511383
33	1000.0	0.0	1000.0	1000.0	12.514471	3.01317	16.060297	8.504091	1000.0	12666.953	0.09313936	78.60541	0.011162128	78.610916	78.387054	1.9521111	0.33396605	3.0047379	0.80304366	4.6896935e-07	-0.0024930718	2.1040439e-08	0.0020642153	389.65765	-46.114838	1.4518528	-0.5051296	0	0	9.0	0.83157134	0.013872509	136000	125.43639469146729
34	1000.0	0.0	1000.0	1000.0	36.93749	6.4348774	47.78444	30.946064	1000.0	12814.703	0.091533594	79.83694	0.014467458	79.846	79.606316	1.0978096	0.34601885	2.0979867	0.15443821	-3.499985e-07	-0.002718391	-5.543232e-09	-0.004168413	346.07584	-41.659607	11.512318	-2.8887472	0	0	79.0	0.83139694	0.0044427873	140000	129.25582027435303
35	1000.0	0.0	1000.0	1000.0	35.71334	13.179011	54.848793	19.810177	1000.0	12957.557	0.08998303	81.021576	0.01235928	81.029884	80.84556	2.702273	0.33825544	3.9349337	1.5176071	-2.1743774e-07	-0.0026683025	1.835823e-08	0.0013690876	306.59186	-37.58322	8.938521	-0.31783104	0	0	79.0	0.83514005	0.004741748	144000	133.07563614845276
36	1000.0	0.0	1000.0	1000.0	26.788021	5.9764886	32.060574	16.886425	1000.0	13064.709	0.08827506	82.156784	0.015087823	82.16537	81.911285	3.1362748	0.3991094	4.4903293	1.6948436	-4.2438508e-08	-0.0020067273	5.9604643e-10	-0.010092986	271.00464	-33.893326	3.3441777	-0.16749501	0	0	8.0	0.8313	0.014704165	148000	136.64114212989807
37	1000.0	0.0	1000.0	1000.0	7.0520573	2.4431527	11.15049	5.138506	1000.0	13092.917	0.086137615	83.253876	0.0019558098	83.25535	83.21821	2.7183683	0.47980326	4.567921	1.0143565	-2.38657e-07	-0.0017578435	-9.536744e-10	-0.0030862347	238.7226	-30.470062	4.206336	-3.603971	0	0	79.0	0.8312832	0.0040970296	152000	140.45743918418884
38	1000.0	0.0	1000.0	1000.0	12.134622	5.226226	20.46982	6.7222567	1000.0	13141.455	0.084240094	84.300354	0.0012064101	84.3013	84.28325	0.8584022	0.39256066	2.15514	-0.3685761	-1.01566314e-07	-0.0019679188	-6.213784e-09	-0.00013500555	209.81914	-27.391144	1.7366644	-0.20459437	0	0	79.0	0.83626544	0.004430383	156000	144.28643202781677
39	1000.0	0.0	1000.0	1000.0	10.057262	2.5268247	13.6511135	6.677266	1000.0	13181.685	0.082385525	85.30417	0.001216979	85.30507	85.28584	1.0181917	0.24296676	1.7331485	0.2721847	-2.0575523e-07	-0.0012297598	-3.695488e-09	0.00030181723	183.84409	-24.578583	0.5941587	-0.061696947	0	0	79.0	0.8398508	0.0023164048	160000	148.11209750175476
40	1000.0	0.0	1000.0	1000.0	19.295494	7.5598984	31.37395	11.145269	1000.0	13258.866	0.08084674	86.26728	0.0017743036	86.268234	86.2151	0.95707285	0.19304137	1.6312037	0.37262645	1.9812583e-07	-0.0013657624	-2.3111701e-08	0.0019745573	160.53595	-22.004486	4.3293595	-0.8205831	0	0	79.0	0.8415769	0.0040717726	164000	152.03606700897217
41	537.7143	319.05698	1000.0	156.0	59.877697	21.313673	105.131805	36.84981	537.7143	13691.185	0.08149514	87.19156	0.00046186536	87.19194	87.18541	1.9350265	0.28411546	2.7941432	1.1478804	-1.502037e-08	-0.024506427	-2.9802323e-09	-0.10110596	529.87646	-0.042114258	127.73813	-48.606728	0	0	2.0	0.84814316	0.03729315	168000	155.0408492088318
42	1000.0	0.0	1000.0	1000.0	8.281919	3.8190176	13.486224	3.5823262	1000.0	13724.3125	0.079792514	87.177124	0.00251381	87.17855	87.089195	6.3301525	1.1701868	9.927039	2.3398044	-9.465218e-08	0.0047910586	5.9604645e-08	-0.011851826	139.97018	-18.022766	27.501535	-25.242226	0	0	7.0	0.84670097	0.012255791	172000	158.60811972618103
43	1000.0	0.0	1000.0	1000.0	6.2031183	1.5870366	8.289483	3.852729	1000.0	13749.125	0.07812003	87.984825	0.0029345737	87.9867	87.93117	1.1640332	0.7081073	3.0727863	-1.0476273	-2.052784e-07	-0.0017603298	-9.536743e-09	-0.0030873022	122.89306	-18.415932	0.9720651	-0.42083794	0	0	79.0	0.84494025	0.0038987265	176000	162.44264912605286
44	1000.0	0.0	1000.0	1000.0	13.192533	4.690408	19.731909	6.549807	1000.0	13801.895	0.07667719	88.87089	0.004472211	88.87355	88.809685	0.45638403	0.6250447	2.2905664	-1.5217117	-3.2329558e-07	-0.0033668284	3.7550927e-09	-0.0018246729	105.43519	-16.224808	2.340706	-0.5426471	0	0	79.0	0.85330784	0.0047436347	180000	166.25281500816345
45	1000.0	0.0	1000.0	1000.0	19.056574	5.6239405	26.210718	11.124308	1000.0	13878.121	0.075424574	89.713715	0.010325546	89.718124	89.51004	0.8014247	0.47439083	2.2848222	-0.63803136	-3.335476e-07	-0.0024738265	-5.2452087e-09	-0.00016650808	90.06411	-14.249382	4.033239	-0.7639098	0	0	79.0	0.8457633	0.004989315	184000	170.09330773353577
46	1000.0	0.0	1000.0	1000.0	29.778358	9.535616	43.998966	19.031431	1000.0	13997.234	0.074453376	90.51539	0.015351785	90.52142	90.24904	1.2484853	0.3499301	2.479272	0.06796481	-1.2798309e-06	-0.0017505803	-2.7775764e-08	0.0015901625	76.57272	-12.467552	9.078949	-1.2552943	0	0	79.0	0.8438578	0.0030905101	188000	173.95530796051025
47	787.2	261.31546	1000.0	438.0	25.12273	5.3951893	33.638577	18.219889	787.2	14135.078	0.0736202	91.27689	0.030792274	91.28454	90.51979	2.128567	0.3412422	3.073483	0.9309995	3.3378602e-09	-0.0062987953	-8.5830685e-09	-0.00042402744	226.86635	-2.238968	5.120087	-0.45816994	0	0	21.0	0.83729064	0.012579682	192000	177.57487988471985
48	1000.0	0.0	1000.0	1000.0	22.942484	2.7533565	27.68766	20.91354	1000.0	14226.848	0.072585955	91.61161	0.004940881	91.61583	91.549385	2.6507185	0.34038562	3.5777764	1.4015305	-2.8014182e-07	-0.0030631665	-5.8710574e-09	0.002121272	59.903156	-9.734272	2.420464	-0.3135519	0	0	79.0	0.838224	0.0065743416	196000	181.418523311615
49	1000.0	0.0	1000.0	1000.0	42.638855	2.051765	45.91925	40.53179	1000.0	14397.403	0.07198702	92.28244	0.009690694	92.28977	92.17866	1.8998003	0.3851565	3.1973078	0.9323807	-1.8310547e-07	-0.0015804598	3.9219856e-08	-0.0022796055	50.70085	-9.082184	11.3315525	-2.492981	0	0	6.0	0.84049654	0.014120315	200000	184.42200803756714
