Epoch	AverageEpRet	StdEpRet	MaxEpRet	MinEpRet	AverageEpCost	StdEpCost	MaxEpCost	MinEpCost	EpLen	CumulativeCost	CostRate	AverageVVals	StdVVals	MaxVVals	MinVVals	AverageCostVVals	StdCostVVals	MaxCostVVals	MinCostVVals	LossPi	DeltaLossPi	SurrCost	DeltaSurrCost	LossV	DeltaLossV	LossVC	DeltaLossVC	Penalty	DeltaPenalty	StopIter	Entropy	KL	TotalEnvInteracts	Time
0	17.539474	6.705145	44.0	8.0	0.37562743	0.26001245	1.4606229	0.025228065	17.539474	85.65345	0.021413362503051758	0.0098885	0.22735038	0.5219767	-0.5061341	-0.01678746	0.57463425	1.4135674	-1.3959969	-1.8143977e-08	-0.01414459	2.4437905e-09	-0.006320252	137.39056	-22.312561	0.41713455	-0.37604383	0.84999996	-0.020940423	7.0	0.67503893	0.017931381	4000	5.227975606918335
1	20.37755	9.338329	51.0	9.0	0.37298763	0.25250834	1.2497109	0.039414782	20.37755	158.85297	0.019856620788574218	1.1785141	0.24210934	2.5323884	0.20722741	0.2311824	0.03530254	0.36029112	0.11588551	5.019464e-09	-0.0068533453	-1.5795231e-09	-0.00014237173	174.17593	-69.37998	0.0382007	-0.0036370754	0.82905954	-0.021052241	9.0	0.6917307	0.015204344	8000	9.943247079849243
2	26.533333	13.05101	73.0	11.0	0.47281748	0.62741834	5.511068	0.01272434	26.533333	229.83815	0.01915317916870117	5.151163	0.95538074	9.226251	-2.7258646	0.21548092	0.030541325	0.3533176	0.0527856	-4.419695e-08	-0.0076845516	-4.7683715e-09	-9.739441e-05	203.53244	-81.14664	0.37141857	-0.05024749	0.8080073	-0.032232046	79.0	0.68184596	0.005612005	12000	15.168699264526367
3	32.13008	17.330812	108.0	11.0	0.45363694	0.5878121	5.9725018	0.040183984	32.13008	285.94757	0.01787172317504883	10.889312	0.50841403	12.509793	7.9477906	0.2924953	0.22101578	1.5136507	-0.6941513	1.7028437e-08	-0.008441754	-1.2814999e-09	0.0016903601	212.55565	-47.205017	0.29239783	-0.07966344	0.77577525	-0.034120023	79.0	0.6704563	0.005014705	16000	20.297417402267456
4	42.223404	22.576183	105.0	9.0	0.8138589	1.4376304	12.253978	0.0046242634	42.223404	362.5741	0.018128704833984374	14.9383545	1.6811959	17.892996	2.3711298	0.25855002	0.06176059	0.45617652	-0.08159214	6.599231e-09	-0.007980259	1.5497207e-08	0.0013853131	276.27267	-48.93364	1.5449955	-0.25343013	0.74165523	-0.03156632	79.0	0.6606719	0.005155636	20000	25.482411861419678
5	56.09859	26.730873	151.0	13.0	1.3939574	1.5982603	9.453228	0.07232961	56.09859	461.5575	0.01923156229654948	18.786098	1.4224339	21.012646	3.184946	0.58745104	0.36366624	2.1860929	-0.8100164	-3.2458143e-08	-0.0041045635	2.4139881e-09	0.0020597544	345.1092	-53.881287	1.3860809	-0.15695488	0.7100889	-0.025412202	79.0	0.6468756	0.0030247315	24000	28.25869369506836
6	63.31746	30.146639	140.0	16.0	1.4686348	1.4312586	6.7958784	0.10110137	63.31746	554.15027	0.019791081019810267	21.872934	2.5954306	24.023993	-1.7881958	0.9139991	0.2050796	1.5494703	0.13249356	-2.0951427e-08	-0.0030358587	-4.7162176e-09	0.003639006	359.06912	-45.90576	0.99374425	-0.1390276	0.6846767	-0.024676502	79.0	0.63322276	0.0026487438	28000	34.1813018321991
7	67.118645	30.394629	172.0	15.0	1.6372511	1.6395172	6.3402476	0.031729583	67.118645	651.2462	0.020351444244384766	24.144766	4.7308807	26.427599	-20.041803	0.91501874	0.1817041	1.5747172	0.24015118	-9.998858e-09	-0.0045751315	-4.738569e-09	0.003610232	336.4397	-26.535767	1.139131	-0.06287432	0.6600002	-0.02455467	79.0	0.6222212	0.0030169822	32000	39.51836395263672
8	81.02041	25.330864	191.0	45.0	2.0005603	1.320072	7.54689	0.2731495	81.02041	749.6076	0.020822433471679686	25.284372	6.8840966	28.298836	-24.909616	1.0410656	0.36565307	2.0633562	-0.08665303	8.059444e-09	-0.0029252763	2.9206275e-09	0.0062578106	343.76617	-30.341522	0.9542118	-0.20454931	0.63544554	-0.02401805	79.0	0.61984754	0.0031066698	36000	45.623536825180054
9	86.21739	30.748568	154.0	18.0	2.9516392	1.951094	7.9937897	0.20749654	86.21739	885.60175	0.02214004364013672	27.327797	7.3007727	30.235859	-25.277975	1.0568671	0.11406678	1.3652282	0.6171228	5.8917737e-09	-0.0026526838	1.4901161e-09	-0.0021870765	376.00513	-30.48993	1.9507322	-0.41811073	0.6114275	-0.009187937	79.0	0.6098378	0.003602974	40000	51.070937156677246
10	94.85714	32.59241	240.0	55.0	2.7746944	1.6338948	7.579859	0.6247314	94.85714	1002.2098	0.02277749495072798	30.158756	5.590652	32.177464	-20.184511	1.6676202	0.09449489	1.9886166	1.2426237	1.4408494e-08	-0.0009284299	3.0994416e-09	0.0029148806	408.55298	-26.600403	1.1918482	-0.07026613	0.60223955	-0.0100444555	79.0	0.5968019	0.0016984049	44000	56.50744867324829
11	101.84615	32.256615	199.0	59.0	2.918698	1.5068225	7.249426	0.4264178	101.84615	1116.2365	0.023254926045735678	32.032055	6.6389937	34.026875	-23.459667	1.4273162	0.033514503	1.5009538	1.2191963	-8.951472e-09	-0.0012977688	8.9406965e-10	0.0030795243	426.92093	-23.3833	0.8855147	-0.00957793	0.5921951	-0.008562803	79.0	0.5957213	0.0024156084	48000	58.88780426979065
12	90.84091	39.436337	223.0	37.0	3.092392	2.2184756	11.380619	0.19035167	90.84091	1252.3496	0.024083646334134616	33.951923	7.0901074	35.729034	-27.99103	1.4354272	0.08870901	1.6029046	1.0624408	-6.9524395e-09	-0.0036130773	-2.115965e-09	0.0056428425	434.69214	-9.382446	1.8529353	-0.15442848	0.5836323	-0.012873948	79.0	0.58768654	0.005598627	52000	64.31873416900635
13	110.47222	30.558218	181.0	69.0	4.339346	1.8460809	9.324489	0.90422964	110.47222	1408.951	0.025159840175083704	34.67678	6.1895094	36.59268	-20.966274	1.7609562	0.39890432	2.836292	0.34609213	-1.5892397e-08	-0.0015479538	-4.053116e-09	0.003033269	412.97864	-22.788391	1.731138	-0.2857839	0.57075834	-0.0033214688	79.0	0.5935807	0.0016347175	56000	69.81059193611145
14	113.74286	35.387115	218.0	53.0	6.144258	3.426341	16.687906	1.8363835	113.74286	1624.0955	0.027068257649739583	34.70835	9.667264	38.20555	-30.846876	2.2128406	0.14123501	2.4798746	1.4261053	2.6299605e-09	-0.0033410129	-3.013015e-08	-0.008202565	418.30356	-30.581024	5.452483	-0.9177599	0.5674369	0.014932692	79.0	0.59155566	0.0032361927	60000	74.94807076454163
15	120.333336	34.543488	236.0	76.0	3.883255	2.0580087	12.194366	0.48945996	120.333336	1752.4844	0.027382568359375	38.15932	5.982224	39.957798	-7.18121	3.1439254	0.1228514	3.457746	2.5306711	-2.3197506e-09	-0.0019662909	5.6743623e-08	0.008175692	435.44138	-19.607025	3.2535596	-1.6076353	0.58236957	-0.0025416613	79.0	0.5736318	0.003439045	64000	80.01528143882751
16	135.06897	43.146046	253.0	68.0	6.5480876	3.4233587	15.13387	0.9760068	135.06897	1943.2402	0.02857706227022059	39.021103	7.6368523	41.424725	-11.310667	1.9054984	0.20076069	2.5150309	1.1496518	-3.4963048e-08	-0.0034039111	-3.132224e-08	-0.0073618186	516.5374	-30.884857	5.315211	-1.226016	0.5798279	0.015844524	79.0	0.58242065	0.0059039947	68000	85.17270731925964
17	116.29412	37.05523	265.0	69.0	5.4936357	3.1921935	15.398957	2.0226712	116.29412	2130.2856	0.029587300618489583	41.40997	6.808765	43.37137	-11.728003	3.0344326	0.45416138	4.480895	1.1706353	8.485857e-09	-0.0012827411	1.4126301e-08	-0.0035744414	415.97757	-4.869812	4.17591	-0.23057508	0.5956724	0.01742959	79.0	0.5847672	0.0029238658	72000	88.00025296211243
18	106.13513	35.8391	207.0	59.0	4.233192	2.6409426	15.855443	0.910518	106.13513	2288.4387	0.03011103579872533	42.13331	7.26843	43.94399	-11.967838	2.628593	0.30587345	3.531306	1.3203012	-6.041771e-09	-0.0021830024	1.1324882e-08	-0.0047539403	428.6544	-3.9039307	2.7884712	-0.3923769	0.613102	0.016502798	79.0	0.5646904	0.0070725176	76000	93.39086985588074
19	104.97298	28.925335	188.0	62.0	3.9973788	1.4106629	7.0138464	1.219255	104.97298	2436.862	0.030460775756835937	41.231327	7.0172687	43.633183	4.0163746	2.2507327	0.24625278	2.7813249	1.0414864	7.495388e-09	-0.0031122933	6.556511e-10	0.0048031	351.5328	-7.6843567	1.0603757	-0.09824735	0.6296048	0.0033637881	79.0	0.5541721	0.0040014824	80000	98.43510270118713
20	125.548386	48.277985	262.0	79.0	5.5647545	2.727906	13.969331	0.7463016	125.548386	2611.2634	0.03108646937779018	39.578754	9.960367	43.641468	-7.3614955	2.0101898	0.12578128	2.2848713	1.1605972	1.5798876e-09	-0.0015125317	5.39422e-09	0.0037424348	450.54947	-17.678589	3.1062167	-0.48843646	0.6329686	0.004119396	79.0	0.5584951	0.0042378544	84000	103.5721423625946
21	127.870964	51.608166	363.0	84.0	5.55789	2.732748	15.505906	1.4138906	127.870964	2783.6494	0.03163237970525568	43.570038	6.370583	45.12809	-1.5334407	2.7004025	0.31081074	3.7387366	1.322055	4.0285894e-10	-0.0016174983	-2.1457671e-09	-0.0020110097	505.43042	-3.606903	2.7329524	-0.025314331	0.637088	0.016782999	79.0	0.551824	0.005301911	88000	108.43999695777893
22	136.7931	32.972694	235.0	82.0	4.8207107	1.7586751	9.659688	1.9570912	136.7931	2924.241	0.03178522789996603	44.653736	5.357863	45.862167	2.394967	2.6018662	0.2628028	3.4364483	1.4700986	1.1531699e-09	-0.0017401879	-6.198883e-09	0.005852886	458.55176	-4.7128906	1.4990205	-0.17878854	0.653871	0.004652083	79.0	0.5510188	0.004177567	92000	113.41966724395752
23	147.88889	53.863567	334.0	77.0	7.144154	2.8926046	14.109378	1.8761559	147.88889	3117.1355	0.03247016143798828	44.47054	7.6711597	46.5681	-8.802235	2.190939	0.23030241	2.8774562	1.0658555	-1.9262975e-08	-0.0013274282	0.0	-0.003520946	546.1096	-14.905884	4.3325195	-1.1617215	0.6585231	0.017750382	79.0	0.55632275	0.0023530002	96000	116.03945422172546
24	139.17857	39.318348	270.0	91.0	6.7328916	1.6828713	10.360169	3.5753999	139.17857	3306.2761	0.03306276123046875	44.326893	10.192393	48.054123	-3.8442173	2.8861766	0.808917	4.82636	0.51106185	5.280528e-09	-0.0015940445	7.2717667e-09	-0.0055763805	414.14252	-7.6915894	1.8553514	-0.27934587	0.67627347	0.026738822	79.0	0.5566996	0.0026718483	100000	121.33067965507507
