Epoch	AverageEpRet	StdEpRet	MaxEpRet	MinEpRet	AverageEpCost	StdEpCost	MaxEpCost	MinEpCost	EpLen	CumulativeCost	CostRate	AverageVVals	StdVVals	MaxVVals	MinVVals	AverageCostVVals	StdCostVVals	MaxCostVVals	MinCostVVals	LossPi	DeltaLossPi	SurrCost	DeltaSurrCost	LossV	DeltaLossV	LossVC	DeltaLossVC	Penalty	DeltaPenalty	StopIter	Entropy	KL	TotalEnvInteracts	Time
0	11.764011	5.851939	37.0	4.0	0.3491179	0.5423651	9.348345	0.03801212	11.764011	118.45494	0.029613735	0.00042255467	0.013310388	0.079866596	-0.08954526	-0.00053821993	0.024788022	0.16288139	-0.31866798	1.1873245e-07	-0.015018657	5.111098e-09	0.00065298844	82.737434	-17.563057	0.5884042	-0.1266515	0	0	5.0	0.9189385	0.016624898	4000	7.6968677043914795
1	13.571428	7.13285	47.0	4.0	0.4066806	0.76548195	9.318923	0.011344117	13.571428	238.03473	0.02975434	1.2731904	0.20519675	2.0353127	-0.06596252	0.2836194	0.18601893	1.273511	-1.3320994	1.4305114e-08	-0.013920185	2.861023e-09	0.0040948745	92.39611	-42.18164	1.0047922	-0.16672057	0	0	7.0	0.9172318	0.016618611	8000	12.511396408081055
2	16.620832	8.934599	64.0	4.0	0.5191364	1.276219	13.1083355	0.026289538	16.620832	362.75845	0.03022987	5.1888795	0.2208506	5.6981344	4.4325004	0.4132931	0.23306113	1.9833438	-0.9765922	3.9577483e-08	-0.017299337	1.3113022e-09	0.0036045054	81.783966	-26.471645	1.8889037	-0.0849607	0	0	8.0	0.91497034	0.016092824	12000	19.900239944458008
3	19.791044	10.300756	62.0	5.0	1.0201322	4.895272	65.84796	0.028647553	19.791044	568.0365	0.03550228	9.372272	0.99891037	11.55145	5.718244	0.5483565	0.56856567	3.7814722	-2.666544	7.510185e-09	-0.015676787	-1.5735626e-08	0.019094616	76.37343	-7.248787	29.57023	-1.9498978	0	0	10.0	0.9128935	0.0139967175	16000	27.285714626312256
4	26.25	13.347703	85.0	7.0	2.0317757	4.7244945	31.846342	0.012905985	26.25	876.90424	0.04384521	11.776535	1.5282857	15.028315	4.8532715	0.9463694	1.8064039	9.390409	-8.126118	-5.4836273e-09	-0.013769225	-3.027916e-08	0.034396224	117.710495	-14.569847	28.138304	-9.87385	0	0	13.0	0.9107208	0.013494238	20000	34.654231786727905
5	35.419643	16.436913	81.0	10.0	8.574816	14.313394	86.75688	0.023334837	35.419643	1844.6499	0.07686041	14.722452	0.60010046	16.189646	11.374524	2.0822494	1.2413181	6.342543	-1.5285313	-5.6028364e-09	-0.020773452	-1.3160705e-07	0.016638786	159.74084	-24.573944	180.73772	-44.94391	0	0	8.0	0.9077457	0.015100551	24000	42.35244631767273
6	38.009617	15.34256	73.0	8.0	11.821356	16.94392	76.99634	0.030383151	38.009617	3074.9597	0.10981999	18.181293	1.7406317	20.87962	3.4845498	8.81341	2.22705	13.675067	-2.9225075	-2.6345253e-08	-0.02105446	1.821518e-07	-0.06331435	137.83261	-7.1602325	180.582	-8.472443	0	0	9.0	0.90573657	0.0151809435	28000	50.00843548774719
7	44.444443	17.2724	92.0	7.0	14.615568	18.557016	112.4298	0.015444291	44.444443	4390.361	0.13719878	19.222198	3.2066891	22.212194	1.5128758	10.678173	1.286575	13.534092	5.3697515	1.513958e-08	-0.014865704	6.341934e-08	-0.058899608	167.95488	-12.042938	201.88173	-4.4779053	0	0	12.0	0.9034894	0.013417267	32000	57.8429856300354
8	58.82353	21.099861	127.0	15.0	23.959242	25.935259	166.51184	0.1133219	58.82353	6019.5894	0.16721082	20.914831	3.5817006	23.77322	-0.8639938	11.771033	0.8106291	14.287033	7.7096457	4.529953e-08	-0.014365784	-1.9598008e-07	-0.14304577	251.2339	-45.6819	331.79312	-19.795288	0	0	15.0	0.9001953	0.012871592	36000	62.36147356033325
9	61.153847	19.809269	120.0	21.0	18.863869	18.999027	91.30391	0.20108815	61.153847	7246.1787	0.18115447	24.53901	4.041406	26.79593	4.2366633	16.123356	0.4991904	17.09085	11.571719	1.66893e-08	-0.018305289	-1.5068055e-07	-0.0807024	207.16663	-30.5941	192.30473	-17.694305	0	0	79.0	0.8969436	0.0074649863	40000	70.6911985874176
10	73.77778	28.699377	159.0	31.0	14.468472	19.094212	93.0846	1.8477443	73.77778	8027.509	0.18244338	25.861261	4.1123605	28.815441	3.56047	12.023409	0.8244611	14.075585	8.329932	1.4305114e-08	-0.008757869	5.6266785e-08	0.10223062	311.5114	-45.78012	170.72607	-13.195892	0	0	79.0	0.8923227	0.003424583	44000	78.8557538986206
11	86.62222	35.610416	225.0	40.0	12.58943	12.345813	71.520615	2.229047	86.62222	8598.477	0.17913494	28.224918	5.9601264	32.34103	-2.39375	8.548441	1.7726376	13.188161	-1.2452965	2.503395e-08	-0.011841051	5.722046e-09	0.05226942	391.47684	-53.65503	59.90978	-4.26902	0	0	79.0	0.88206816	0.00489016	48000	86.86236000061035
12	99.875	54.53952	295.0	37.0	13.9787245	10.665287	61.43584	2.8507452	99.875	9157.639	0.17610843	32.037598	5.7060885	35.787716	2.3283005	6.670346	1.4255005	11.251731	1.5377198	-2.861023e-09	-0.018318295	9.775162e-08	0.019477969	538.7506	-62.5614	43.92975	-0.6006775	0	0	79.0	0.87977386	0.00685741	52000	92.31527805328369
13	250.0	165.32657	766.0	76.0	17.16532	8.3144045	40.272453	4.5493402	250.0	9432.284	0.16843365	34.88122	5.920509	39.118664	8.328401	6.490166	1.7355672	10.897991	1.26887	-1.9073487e-09	-0.00893856	2.3841858e-08	0.0043454226	1693.1658	-403.12842	20.459948	-6.2344713	0	0	79.0	0.8691909	0.005183424	56000	99.82196354866028
14	618.1667	318.6442	1000.0	70.0	25.887205	16.18465	45.275215	1.8867147	618.1667	9602.488	0.16004147	44.008	0.974411	44.353188	31.098606	4.254867	0.73500466	6.270689	1.8186607	8.058548e-08	-0.0070374766	4.2915342e-09	-0.0071688415	2278.9885	-388.5708	13.613182	-0.88753986	0	0	6.0	0.8726196	0.017609341	60000	106.39923739433289
15	632.8333	289.6437	1000.0	316.0	31.237623	17.709791	64.36179	11.521715	632.8333	9822.885	0.15348257	48.819813	0.42371976	48.93317	40.59205	2.6629794	0.6758571	4.8871374	-0.708205	1.07288365e-08	-0.009404369	3.3676624e-08	-0.003766851	1839.92	-233.9093	22.334715	-6.1077766	0	0	79.0	0.8718974	0.005253006	64000	112.97095775604248
16	1000.0	0.0	1000.0	1000.0	23.659237	4.3340454	27.70711	16.606846	1000.0	9917.521	0.1458459	52.105907	0.035276875	52.13081	51.591156	4.6205316	0.4487068	5.6808953	2.580922	2.360344e-08	-0.002425275	-1.835823e-08	-0.0031549037	1952.7758	-252.46179	8.289661	-5.7069974	0	0	9.0	0.86190754	0.0142304115	68000	116.16177749633789
17	1000.0	0.0	1000.0	1000.0	19.945549	4.9118156	26.264814	12.506099	1000.0	9997.304	0.13885143	55.107414	0.15817615	55.15494	52.418587	2.52896	0.3778912	3.770027	1.0729882	-5.061626e-07	-0.0010810571	7.033348e-09	6.9809554e-05	1715.7882	-203.7876	3.0885391	-0.6854725	0	0	79.0	0.862098	0.0023437538	72000	123.51121115684509
18	1000.0	0.0	1000.0	1000.0	26.257689	9.914625	40.717236	12.88545	1000.0	10102.335	0.13292547	57.715405	0.028948324	57.73355	57.43937	1.780424	0.21415795	2.4088352	1.104473	7.21693e-07	-0.0017606455	-2.0623206e-08	-0.002357342	1521.7809	-167.71509	6.998923	-0.15252829	0	0	79.0	0.86614716	0.0038171464	76000	130.89113473892212
19	1000.0	0.0	1000.0	1000.0	28.707386	20.506165	63.017315	8.782043	1000.0	10217.164	0.12771454	59.985626	0.023897639	59.99861	59.678276	2.1387827	0.21559833	2.8817449	1.36857	-2.8395652e-07	-0.001958652	-5.1677226e-08	-0.008696895	1363.0413	-143.86853	18.959528	-0.4878826	0	0	79.0	0.86168003	0.0035327969	80000	139.04837799072266
20	925.25	129.4708	1000.0	701.0	13.860428	2.6238568	17.913353	10.856379	925.25	10289.989	0.122499876	62.035275	0.032649696	62.04993	61.50836	1.8781079	0.5279648	3.5327873	0.48270875	-3.862381e-08	-0.0046798834	2.3841857e-09	0.0015239426	1165.4873	-110.122314	2.0918174	-0.27511525	0	0	79.0	0.8721387	0.0053577176	84000	147.18488430976868
21	1000.0	0.0	1000.0	1000.0	21.470142	10.189151	38.318974	12.009086	1000.0	10375.87	0.11790761	63.822968	0.016608467	63.831753	63.55487	1.5787731	0.36302456	2.5846467	0.4348503	-4.467964e-07	-0.0030075707	-4.1127204e-09	-0.0016527331	1114.1144	-112.47601	7.963716	-0.5892005	0	0	7.0	0.8754005	0.014751861	88000	151.84404826164246
22	1000.0	0.0	1000.0	1000.0	41.204586	12.318297	59.91114	27.604723	1000.0	10540.688	0.114572704	65.58831	0.025108462	65.60345	65.34259	1.8246745	0.15961549	2.331372	0.9564938	4.4345857e-08	-0.00214079	-4.4107438e-08	-0.00019808102	1007.9651	-101.76367	14.894164	-4.1538286	0	0	79.0	0.8754967	0.0054102093	92000	159.772602558136
23	1000.0	0.0	1000.0	1000.0	63.204857	24.82025	101.70827	37.34846	1000.0	10793.508	0.112432376	67.27333	0.019620566	67.28554	67.091736	3.8829591	0.40337098	4.982265	2.5924485	8.552074e-07	-0.0013318392	3.218651e-09	0.0048835776	911.75525	-91.6936	33.57799	-3.561283	0	0	79.0	0.86914086	0.002815538	96000	167.36498165130615
24	1000.0	0.0	1000.0	1000.0	35.641674	13.955188	56.905113	17.893377	1000.0	10936.074	0.10936074	68.87511	0.0049784547	68.87937	68.83439	5.099054	0.8595383	7.271625	2.391695	-3.118515e-07	-0.0027601735	1.6629697e-08	-0.0011133181	824.6499	-82.81201	13.321299	-3.4263458	0	0	11.0	0.8679606	0.011801163	100000	174.32000756263733
25	669.4	241.05402	1000.0	442.0	32.195137	14.150464	45.39217	8.485655	669.4	11111.49	0.10684125	70.38663	0.042921152	70.39654	69.334015	3.0713344	1.1945435	7.1574593	-0.5168336	-3.0755995e-08	-0.02037871	2.0623206e-08	-0.0021272467	721.0854	-39.250305	9.881814	-2.068993	0	0	3.0	0.8677229	0.03446686	104000	179.03775143623352
26	1000.0	0.0	1000.0	1000.0	14.841787	6.305254	25.652117	9.941115	1000.0	11170.857	0.10343386	71.448616	0.006601417	71.45315	71.37966	2.345924	1.2486817	5.904497	-1.4552333	-3.8385392e-07	-0.0029960189	-1.2278557e-08	0.0040248553	693.93414	-69.35779	5.3144794	-2.4024937	0	0	79.0	0.8659242	0.003836585	108000	186.07786655426025
27	1000.0	0.0	1000.0	1000.0	14.761024	7.5411215	23.068844	5.066628	1000.0	11229.902	0.100266986	72.83259	0.009243723	72.838295	72.71566	1.5614419	0.7727543	4.1036534	-0.68177587	-6.6256524e-07	-0.0028132407	9.775162e-09	0.0004293917	628.3025	-65.609314	2.5916097	-0.49166822	0	0	79.0	0.8497222	0.005289487	112000	193.50727152824402
28	1000.0	0.0	1000.0	1000.0	26.952446	5.7653637	35.780296	19.816875	1000.0	11337.712	0.0977389	74.208466	0.017801763	74.21686	73.803276	1.3229183	0.6558367	3.4152942	-0.58088195	3.285408e-07	-0.0032025867	4.768372e-10	0.0007905355	566.26624	-59.80948	6.321545	-1.577889	0	0	79.0	0.8382403	0.0035044798	116000	201.0011191368103
29	915.5	146.35829	1000.0	662.0	34.782745	18.053793	60.924774	17.33265	915.5	11482.335	0.09568612	75.53298	0.018061893	75.54054	75.19433	2.4535391	0.35284123	3.411175	-0.041971147	-3.194809e-08	-0.0125762485	4.2915346e-08	-0.014259223	512.6031	-43.773407	17.372509	-0.49400902	0	0	4.0	0.83402705	0.019508982	120000	205.52107954025269
30	783.25	248.36804	1000.0	395.0	22.690222	5.510571	31.408094	16.175417	783.25	11598.681	0.09353775	76.67136	0.11675212	76.69072	73.14402	2.9769945	0.51546186	4.528436	1.3750131	-2.157688e-08	-0.005308713	-2.1547079e-08	-0.010347755	499.56607	-38.908478	4.415697	-0.7749505	0	0	5.0	0.8325592	0.02109932	124000	212.75605654716492
31	859.0	146.26517	1000.0	663.0	33.05603	17.082281	60.334267	14.244237	859.0	11755.641	0.091840945	77.57803	0.51497954	77.694916	64.898445	2.4489894	0.25706625	3.1539125	0.099832654	-1.0690093e-07	-0.00978804	3.8146974e-09	-0.0116450535	466.6475	-62.4169	7.954548	-1.4237509	0	0	3.0	0.82956755	0.026981303	128000	220.0663058757782
32	862.75	237.72397	1000.0	451.0	32.501396	12.721894	49.421173	17.879011	862.75	11924.007	0.09033339	78.272545	1.525711	78.66823	53.15225	3.6242223	0.30713984	4.4212575	2.03649	-3.051758e-08	0.004496592	6.0796737e-09	-0.008299092	405.33472	-36.463257	5.5728383	-0.28390646	0	0	5.0	0.8264569	0.017172527	132000	227.1831455230713
33	759.2	300.0076	1000.0	311.0	18.497929	7.580924	32.59408	9.861393	759.2	12023.034	0.08840466	79.61306	0.18264335	79.6546	76.050415	3.9023352	0.26800507	4.6311216	2.853877	-5.1796437e-08	-0.004021858	4.6491624e-09	-0.007937322	402.9115	-28.501038	7.9767714	-2.8111687	0	0	12.0	0.8238705	0.014273211	136000	234.3021423816681
34	1000.0	0.0	1000.0	1000.0	10.814514	3.8613765	16.514626	5.6193132	1000.0	12066.293	0.08618781	80.51725	0.041129556	80.537346	79.91497	2.1686492	0.2542152	2.919687	1.4168516	-4.5466422e-07	-0.002706958	4.798174e-09	-0.002238874	323.08414	-38.10675	2.3873732	-1.3071628	0	0	79.0	0.8216881	0.004946856	140000	239.2323067188263
35	1000.0	0.0	1000.0	1000.0	5.7464356	2.8735383	10.38868	2.6470253	1000.0	12089.278	0.08395332	81.64847	0.022992443	81.65686	81.15837	1.0040064	0.15751667	1.6172872	0.55188817	-2.8371812e-07	-0.0011392572	-4.5597552e-09	-0.0016609365	286.69556	-35.457336	0.48253256	-0.2053205	0	0	79.0	0.8238792	0.003642362	144000	246.56092524528503
36	1000.0	0.0	1000.0	1000.0	5.698221	0.7051983	6.469232	4.5538774	1000.0	12112.071	0.08183832	82.75621	0.023199692	82.76569	82.357895	0.45846802	0.16351739	0.9527284	-0.11290742	-7.6746943e-07	-0.0029571485	3.0100347e-09	0.002113563	253.13365	-31.957077	0.17336917	-0.0043899864	0	0	79.0	0.8186212	0.005501026	148000	254.01477241516113
37	1000.0	0.0	1000.0	1000.0	8.395573	1.330066	10.0242	6.3171797	1000.0	12145.653	0.079905614	83.81889	0.021257026	83.82938	83.411705	0.598813	0.15661807	1.1896989	0.096921176	-2.5367737e-07	-0.002059974	-2.0861626e-10	0.0007915722	222.89505	-28.777039	0.37614018	-0.015371889	0	0	79.0	0.8221019	0.0035377645	152000	261.27688097953796
38	1000.0	0.0	1000.0	1000.0	10.922117	5.6095324	19.935081	5.9548287	1000.0	12189.342	0.07813681	84.84342	0.015018275	84.850655	84.63738	0.762824	0.15069701	1.3943607	0.21036871	1.001358e-08	-0.0017562215	4.8279762e-09	-0.0012988386	195.55313	-25.834564	1.5965086	-0.033167362	0	0	79.0	0.8286635	0.0038355198	156000	266.23634696006775
39	1000.0	0.0	1000.0	1000.0	6.1658454	0.63646746	7.2214065	5.553476	1000.0	12214.005	0.07633753	85.826416	0.0057316185	85.83108	85.750206	0.8155752	0.17479543	1.445533	0.20682895	4.6777726e-07	-0.0014541888	3.4421683e-09	0.00023571173	171.01125	-23.144241	0.2190939	-0.066474706	0	0	79.0	0.83126456	0.002805874	160000	273.64168214797974
40	1000.0	0.0	1000.0	1000.0	8.228933	1.8777602	9.983287	5.1311016	1000.0	12246.921	0.07467635	86.766975	0.006345711	86.771835	86.60831	0.5580564	0.19172186	1.1209944	-0.24426249	2.0313263e-07	-0.0011445332	-6.169081e-09	0.0025620807	149.07309	-20.696548	0.4340207	-0.024833828	0	0	79.0	0.8327361	0.0040594377	164000	281.2404582500458
41	1000.0	0.0	1000.0	1000.0	20.548868	5.136793	25.540842	13.295693	1000.0	12329.116	0.07338759	87.66411	0.014163418	87.67311	87.52203	0.91343844	0.20766076	1.5754162	0.28034073	1.437664e-07	-0.0037930775	2.1040439e-08	0.0004739928	129.54442	-18.492462	3.6661806	-0.77250624	0	0	79.0	0.8392226	0.0038103785	168000	288.86067485809326
42	1000.0	0.0	1000.0	1000.0	18.922052	3.8617964	22.794626	14.71858	1000.0	12404.805	0.07212096	88.53056	0.012733491	88.53722	88.3176	1.7734534	0.2773242	2.8782735	0.9151671	9.298325e-09	-0.0022008999	2.1457671e-09	-0.00053742673	111.97983	-16.417877	2.0649672	-0.029514074	0	0	79.0	0.82443434	0.004159091	172000	296.3067464828491
43	1000.0	0.0	1000.0	1000.0	21.875355	8.097434	31.474705	12.160206	1000.0	12492.306	0.07097901	89.35833	0.007024432	89.36367	89.27812	1.7016336	0.28302714	2.5996006	0.9300828	-8.430481e-07	-0.0023976928	2.1755695e-09	-0.0034483634	96.39419	-14.532486	3.2406347	-0.076910496	0	0	79.0	0.8341309	0.004003599	176000	301.339070558548
44	1000.0	0.0	1000.0	1000.0	12.445991	3.0709786	15.74105	8.864962	1000.0	12542.09	0.06967828	90.14987	0.0054915366	90.153984	90.05604	1.7938313	0.36989135	2.9809897	0.7888032	-1.0955334e-07	-0.003353478	1.642108e-08	-0.003651892	82.59365	-12.813431	1.2266421	-0.41659862	0	0	79.0	0.84383327	0.0055223303	180000	308.7961688041687
45	1000.0	0.0	1000.0	1000.0	6.8566513	2.5881023	10.980676	4.2449656	1000.0	12569.517	0.06831259	90.90404	0.0046573374	90.90766	90.83395	1.0199678	0.34111336	2.1425683	-0.006241277	-5.142689e-07	-0.0030809534	-1.3113022e-09	-0.0025911303	70.43061	-11.253532	0.44137633	-0.19638844	0	0	79.0	0.8318212	0.005931095	184000	316.20049500465393
46	1000.0	0.0	1000.0	1000.0	7.912139	1.9504672	10.287314	4.860466	1000.0	12601.165	0.06702747	91.61981	0.016022246	91.62566	91.218094	0.5174826	0.28520554	1.4095045	-0.43268356	2.6226044e-07	-0.00284008	2.5331975e-10	-0.00058323157	59.787983	-9.849232	0.5972651	-0.048531353	0	0	79.0	0.830397	0.004266176	188000	323.5991849899292
47	1000.0	0.0	1000.0	1000.0	5.8642335	1.6539713	8.575794	4.3523088	1000.0	12624.622	0.06575324	92.30206	0.022647759	92.30847	91.715645	0.5987396	0.17449209	1.2186844	-0.02947871	2.6798247e-07	-0.0010666929	-5.9604646e-09	0.0012028823	50.447952	-8.572151	0.25056073	-0.025596738	0	0	79.0	0.82122624	0.0038599162	192000	328.5858280658722
48	1000.0	0.0	1000.0	1000.0	6.253952	1.7636881	8.923343	4.04576	1000.0	12649.638	0.06453897	92.952354	0.0056610517	92.95616	92.88271	0.5721382	0.13587692	0.9678496	0.053701386	7.812977e-07	-0.002291876	-6.28829e-09	-0.0015173217	42.281017	-7.410652	0.26587006	-0.00321728	0	0	6.0	0.8198402	0.012789233	196000	335.5676500797272
49	1000.0	0.0	1000.0	1000.0	4.3225284	0.5944156	5.0870967	3.4820898	1000.0	12666.928	0.06333464	93.56553	0.0072201192	93.56928	93.44226	0.37375626	0.13147992	0.86021066	-0.18511146	5.4836273e-09	-0.0014692786	2.4363398e-09	6.9743255e-05	35.24314	-6.377228	0.13776468	-0.007797003	0	0	5.0	0.8198928	0.014498798	200000	342.83313488960266
