Epoch	AverageEpRet	StdEpRet	MaxEpRet	MinEpRet	AverageEpCost	StdEpCost	MaxEpCost	MinEpCost	EpLen	CumulativeCost	CostRate	AverageVVals	StdVVals	MaxVVals	MinVVals	AverageCostVVals	StdCostVVals	MaxCostVVals	MinCostVVals	LossPi	DeltaLossPi	SurrCost	DeltaSurrCost	LossV	DeltaLossV	LossVC	DeltaLossVC	Penalty	DeltaPenalty	Optim_A	Optim_B	Optim_c	Optim_q	Optim_r	Optim_s	Optim_Lam	Optim_Nu	OptimCase	Margin	BacktrackIters	Entropy	KL	TotalEnvInteracts	Time
0	14.691176	8.891929	55.0	5.0	1.4963831	8.957018	120.91554	0.045034897	14.691176	407.03207	0.10175802	-0.004016976	0.110143766	0.4253767	-0.35696846	0.005265894	0.15241851	0.5099491	-0.50372154	-2.102852e-07	0.008335919	1.0967255e-07	-0.06426799	150.39209	-20.195496	141.40765	-8.117706	0.16077879	0.0	0.048578303	-0.0018904163	0.06782187	0.05599346	-0.05355887	0.38684988	0.0	0.16077879	0.0	0.0	0.0	0.9189385	0.0043282574	4000	2.7867414951324463
1	14.059859	7.7704716	54.0	4.0	0.42745775	0.8787527	13.295236	0.0461388	14.059859	528.6419	0.066080235	1.0711294	0.26655167	2.630572	-0.56815106	0.67427635	0.47052857	3.113781	-1.9828832	-1.1134148e-07	-0.022071669	1.6689301e-09	0.0048877043	109.19437	-42.189636	1.2842083	-0.06835604	0.0	0.0	0.016582057	0.0023577632	-0.005159529	0.04607141	-0.010135203	0.0034833702	2.1464252	0.0	2.0	0.0	0.0	0.91992605	0.004480363	8000	5.122779607772827
2	16.6375	9.793166	70.0	4.0	0.727186	2.4425366	34.973747	0.032578833	16.6375	703.22986	0.05860249	4.471145	0.2614464	5.7309985	2.9531484	0.7323236	0.6027249	3.4221199	-2.7798007	-5.5789947e-08	-0.006491485	-2.002716e-08	-0.013191417	104.15112	-36.051918	6.7410216	-0.024431705	1.2655345	0.0	0.038803115	0.006737408	0.013655057	0.06618154	-0.039556365	0.057151064	2.3998654	1.2655345	1.0	0.0	0.0	0.9077718	0.0047410214	12000	7.562597036361694
3	17.064377	9.560297	84.0	4.0	0.5452317	1.0919708	11.460465	0.030757356	17.064377	830.5807	0.051911294	8.903371	0.4038444	9.998942	6.6536636	0.7303787	0.5496878	3.2958205	-1.8723433	6.7949295e-09	-0.014968125	-7.2717667e-09	-0.0030281362	71.23159	-5.5470886	1.8052555	-0.29862535	1.1759167	0.0	0.031117808	0.009592035	0.0026506505	0.045027323	-0.015477364	0.017221939	1.8011469	1.1759167	1.0	0.0	0.0	0.8918488	0.0045618196	16000	9.936193227767944
4	20.306122	11.841993	89.0	5.0	0.49965855	0.7863282	6.633213	0.035027083	20.306122	928.8307	0.046441533	10.400093	0.9637778	13.339155	4.1146274	0.58415234	0.33462292	2.1964948	-1.2880865	2.3424626e-08	-0.016259711	2.6822091e-09	-8.540717e-05	93.6425	-5.674019	0.61421144	-0.05220288	1.8282435	0.0	0.02655304	0.0099999625	-1.681489e-05	0.05200476	-0.013893932	0.00758461	1.6295134	1.8282435	2.0	0.0	0.0	0.8708704	0.0048435694	20000	12.25519347190857
5	20.703125	10.107258	69.0	6.0	0.40708217	0.8545262	8.883002	0.019797277	20.703125	1007.4505	0.041977104	12.433572	1.0992666	15.534586	5.9440923	0.4498492	0.24171743	1.7422868	-0.8640256	-6.198883e-09	-0.015438161	-4.768372e-10	0.0037551422	70.43098	-1.7169647	1.0323926	-0.08543277	0.18973956	0.0	0.025582863	0.007820499	-0.0044881064	0.03612571	-0.009871054	0.00924207	1.8086617	0.18973956	2.0	0.0	1.0	0.8529357	0.0029965795	24000	14.567659139633179
6	22.548023	10.073134	62.0	7.0	0.4192581	0.535723	3.8870518	0.03241656	22.548023	1081.6666	0.03863095	11.899235	2.2267118	16.162111	-2.1594343	0.41489574	0.14043786	1.1358355	-0.20032385	5.2452087e-09	-0.016199246	5.960465e-11	0.0029359094	66.91314	-3.16642	0.25625062	-0.020967871	1.2067432	0.0	0.016385755	0.0066235336	-0.0035808864	0.043862317	-0.010215051	0.0037976825	1.5728538	1.2067432	2.0	0.0	1.0	0.8399033	0.0029322407	28000	16.90395188331604
7	25.119497	10.3519	57.0	6.0	0.57799536	0.7972638	5.7468586	0.021579813	25.119497	1173.5743	0.036674198	12.873634	3.1802526	17.325678	-4.2162857	0.35862	0.11632411	0.82625884	-0.2706396	3.8146974e-09	-0.0063011167	3.9339065e-09	-0.0033407172	72.85011	-2.3155518	0.5314184	-0.022292256	2.1513724	0.0	0.0146052595	0.008632258	0.003104973	0.03216603	-0.011125704	0.0070487396	1.3007458	2.1513724	1.0	0.0	0.0	0.8223645	0.0040329276	32000	19.178409814834595
8	27.722221	10.281756	59.0	6.0	0.5027308	0.50047356	2.331122	0.028133454	27.722221	1246.078	0.034613278	13.657675	2.8945894	17.465134	-3.0437524	0.46535948	0.086371005	0.774053	0.122529164	-1.192093e-10	-0.010847113	-2.95043e-09	-5.002034e-05	74.29604	-2.934166	0.17721038	-0.011809126	2.0582423	0.0	0.0114336535	0.009997522	9.850534e-05	0.027595548	-0.007956226	0.0039167153	1.0694151	2.0582423	1.0	0.0	0.0	0.7992322	0.0042643775	36000	21.439974784851074
9	28.913044	10.329695	72.0	11.0	0.45302913	0.44376734	2.1239645	0.012947011	28.913044	1308.6168	0.03271542	14.481825	3.7304602	18.216026	-8.709822	0.38138977	0.06740297	0.60023046	0.084859505	3.015995e-08	-0.009207333	-3.1590461e-09	0.0013596134	76.17933	-2.0395355	0.13997447	-0.0049916804	0.9154958	0.0	0.008618012	0.009068712	-0.0016245565	0.014777926	-0.004178113	0.0028339077	0.9748342	0.9154958	2.0	0.0	1.0	0.77713263	0.0026461424	40000	23.025129079818726
10	32.639343	10.010703	57.0	11.0	0.56125665	0.50854856	2.301137	0.019649016	32.639343	1377.1443	0.031298734	15.148352	4.164017	18.59205	-9.812452	0.3408195	0.060520418	0.5516989	0.07589263	-7.152557e-09	-0.007480385	-6.2584876e-10	-0.00190389	78.82544	-2.447754	0.15984827	-0.0053427964	2.1556344	0.0	0.011960379	0.009190771	0.0018767733	0.024008932	-0.00724175	0.0043526343	1.1407658	2.1556344	1.0	0.0	0.0	0.7685408	0.0042250617	44000	25.402227640151978
11	34.46552	10.415035	78.0	14.0	0.5744927	0.444871	2.6551447	0.030866884	34.46552	1443.8132	0.030079443	16.285648	4.529666	19.356369	-12.250548	0.38840368	0.057728946	0.5985246	0.10944676	1.525879e-08	-0.002427859	-2.9802324e-11	-0.0022091304	84.68774	-1.0953445	0.12533857	-0.0019136891	2.3827212	0.0	0.004933661	0.008233059	0.0021613687	0.013029372	-0.0046264236	0.0026438436	0.7741124	2.3827212	1.0	0.0	0.0	0.7565012	0.0040570004	48000	27.736023664474487
12	36.145454	13.130697	110.0	20.0	0.47466806	0.3088979	1.9367462	0.058469072	36.145454	1496.2137	0.028773341	16.875244	4.72601	19.84653	-10.913159	0.39258435	0.041751828	0.56248873	0.23069471	-2.014637e-08	-0.0050448542	2.2947788e-09	0.0005681048	109.27639	-2.2539673	0.06541249	-0.006856315	1.5716857	0.0	0.002633139	0.009642286	-0.00070083345	0.007273865	-0.0025242954	0.0013730755	0.5225729	1.5716857	2.0	0.0	1.0	0.7400333	0.002694028	52000	30.04538106918335
13	35.292034	12.041728	86.0	14.0	0.45409626	0.28946847	1.3262348	0.05790697	35.292034	1547.6051	0.027635805	18.563051	4.865964	21.047407	-13.103529	0.32733008	0.042339314	0.4811837	0.17350589	1.9669533e-09	-0.0065247174	4.4703483e-10	0.0010792157	105.52068	-2.168869	0.05330731	-0.0027312972	1.7587643	0.0	0.0029012263	0.008747598	-0.0013006828	0.010129969	-0.0031248627	0.0013508252	0.57589906	1.7587643	2.0	0.0	1.0	0.7134745	0.002403596	56000	32.408029556274414
14	38.650486	10.789882	78.0	19.0	0.4310309	0.2119972	0.99942046	0.05957103	38.650486	1592.0398	0.026533997	18.048439	3.824408	19.795177	-11.332949	0.30269843	0.036337905	0.42681697	0.15804774	-2.8848648e-08	-0.007593913	-8.1211327e-10	0.0015179721	105.96565	-0.9537506	0.029517962	-0.00028437376	1.6384792	0.0	0.0020282366	0.0052617495	-0.0017844304	0.009289385	-0.0022089875	0.00067201845	0.62086076	1.6384792	2.0	0.0	1.0	0.7036421	0.0026724816	60000	34.728978872299194
15	37.537735	9.393067	71.0	24.0	0.6168203	0.33979076	2.2459638	0.0948208	37.537735	1657.4592	0.0258978	18.03385	4.6704097	20.114147	-15.075924	0.29857966	0.036963567	0.4344363	0.14105064	-4.768372e-10	0.0001088779	-6.198883e-09	-0.0031491225	91.708405	-0.58971405	0.08669466	-0.015411928	3.5682964	0.0	0.0055848537	0.004491397	0.0031120759	0.010054869	-0.0028033927	0.0017581622	1.1151035	3.5682964	1.0	0.0	0.0	0.71096843	0.004676819	64000	37.02503442764282
16	36.944443	11.117082	98.0	23.0	0.5192012	0.23864388	1.3155619	0.093095556	36.944443	1713.589	0.025199838	17.630314	4.5963874	19.798931	-10.289616	0.41979745	0.03419856	0.55124974	0.26760614	5.4836273e-09	-0.003058273	1.3709068e-09	-0.00055726455	97.17073	-1.2806625	0.04343895	-0.0039045066	2.0560036	0.0	0.00197359	0.009697391	0.00051973225	0.0048444537	-0.0016008286	0.00089264166	0.4511293	2.0560036	1.0	0.0	0.0	0.6917509	0.0037419174	68000	39.33181691169739
17	38.5534	10.042365	89.0	23.0	0.46069402	0.19796851	1.1529703	0.086158715	38.5534	1761.1918	0.024460997	17.927473	4.8172073	20.205263	-12.346855	0.35777253	0.028789647	0.47171405	0.23571913	-2.6226044e-09	-0.0035626763	-4.4703484e-11	0.0008556891	93.07986	-2.812355	0.030176582	-0.0018256791	1.0509497	0.0	0.0008841966	0.007892622	-0.0010195207	0.0023823415	-0.00085961045	0.00049323007	0.33470622	1.0509497	2.0	0.0	1.0	0.6446582	0.0024087613	72000	41.62902593612671
18	40.191917	10.746554	83.0	26.0	0.46069235	0.19626775	1.322281	0.12843987	40.191917	1806.8982	0.023774976	18.70132	4.4048357	20.737299	-11.119766	0.31379965	0.029922409	0.42826495	0.14789131	1.5497208e-09	-0.006149364	-7.4505807e-10	0.00084407174	103.960464	-2.2304611	0.027824499	-0.00010440685	1.3938332	0.0	0.0030169676	0.008243615	-0.000977999	0.0063671377	-0.0013507097	0.00054457434	0.6049597	1.3938332	2.0	0.0	1.0	0.6503964	0.0026089612	76000	43.93446636199951
19	42.95699	11.949638	109.0	26.0	0.5061562	0.18144447	0.9284071	0.18071434	42.95699	1853.9741	0.023174677	19.129242	4.4524903	21.09922	-8.795684	0.30639282	0.029632088	0.41209894	0.17085934	-1.45435335e-08	-0.002322738	-1.8775463e-09	-0.0001582262	119.63836	-3.4847717	0.02344907	-0.00096908957	1.8572955	0.0	0.0004937351	0.009921598	0.00014331093	0.0012825923	-0.00045458705	0.00026196043	0.22307771	1.8572955	1.0	0.0	0.0	0.65734327	0.0036585173	80000	46.23646664619446
20	40.97938	10.140233	84.0	24.0	0.48405483	0.186833	1.0773969	0.1352827	40.97938	1900.9858	0.022630785	20.475336	3.848032	22.116034	-6.782679	0.33644196	0.030219417	0.44856328	0.20018733	-1.8835069e-08	-0.0038101259	4.3213366e-10	0.00032300066	104.62004	-3.549446	0.023802062	-0.00015468709	0.89796996	0.0	0.0019734316	0.009703034	-0.00038910218	0.0027600953	-0.0006332933	0.00050982443	0.45097998	0.89796996	2.0	0.0	1.0	0.69451123	0.002778634	84000	48.68642854690552
21	41.226803	11.56827	92.0	24.0	0.48905364	0.17139244	1.0655878	0.15134169	41.226803	1948.4241	0.022141183	18.968805	4.471628	20.936432	-5.724766	0.32870045	0.025932541	0.44236892	0.23179954	4.2915342e-09	-0.0023536142	-2.0861626e-10	0.00021953847	106.605255	-2.406784	0.021948807	-3.040582e-05	2.5041122	0.0	0.0005091708	0.009781145	-0.0002655157	0.0028440033	-0.0008672412	0.00032212472	0.22815864	2.5041122	2.0	0.0	1.0	0.6531433	0.0021726917	88000	50.98522114753723
22	44.22222	11.090314	76.0	28.0	0.52892894	0.19471332	1.2328602	0.22601631	44.22222	1996.1051	0.021696795	19.915771	4.0308557	21.534168	-4.028043	0.3206723	0.027672455	0.4232939	0.20139515	1.1086464e-08	-0.0035035554	2.682209e-10	-0.0006470488	111.704025	-2.2177582	0.027425561	-0.0010516439	0.7886797	0.0	0.0011381381	0.008988761	0.0006541719	0.0011622381	-0.00010098872	0.0004231851	0.3558341	0.7886797	1.0	0.0	0.0	0.63449377	0.004015127	92000	53.27803182601929
23	42.741936	10.645717	77.0	27.0	0.52824014	0.18279003	1.1745056	0.16615257	42.741936	2045.2981	0.021305189	20.106283	4.9204874	22.272083	-5.5241117	0.35392958	0.019313257	0.41280332	0.27163365	1.2159347e-08	-0.002001446	-1.11758706e-10	-0.0006987413	100.08675	-1.5526352	0.022998162	-0.0003775414	2.706627	0.0	0.001167194	0.008119692	0.00066071283	0.0017823329	-0.00037790695	0.00023216491	0.37914187	2.706627	1.0	0.0	0.0	0.59817135	0.004393097	96000	54.82616448402405
24	41.164948	9.965591	76.0	26.0	0.47014815	0.13995859	0.81598794	0.19180752	41.164948	2090.9133	0.020909132	20.629095	3.6810553	22.19579	-1.171621	0.35176897	0.030699894	0.4564487	0.2300943	-7.867813e-09	-0.0030517534	-1.2516975e-09	0.0007099662	100.8241	-3.0050201	0.01754265	-0.001571143	2.495101	0.0	0.00013659068	0.00728349	-0.00072517653	0.0018884336	-0.00058235216	0.00019358701	0.1369433	2.495101	2.0	0.0	0.0	0.5649695	0.0031104593	100000	57.19545912742615
25	44.85393	12.007068	91.0	27.0	0.5002403	0.16435568	1.0590112	0.19271623	44.85393	2135.4363	0.020533042	18.72846	4.4768615	20.893034	-1.5654519	0.31874552	0.029896868	0.4136232	0.20028488	-8.46386e-09	0.0	-7.8976153e-10	0.0	112.05439	-6.7360687	0.019840764	-0.0002757106	2.438669	0.0	0.0021828192	0.0099998955	5.357968e-06	0.0038141282	-0.00067140395	0.00027633223	0.46720895	2.438669	1.0	0.0	9.0	0.5455976	-5.9604645e-08	104000	59.54887890815735
26	42.43617	11.59655	89.0	24.0	0.52102196	0.15872002	0.9860749	0.2013561	42.43617	2184.4546	0.020226432	21.344898	4.3792825	23.335352	-1.8382856	0.32671717	0.02099539	0.39739722	0.24180646	7.152557e-09	-0.0038548852	-9.536744e-10	-0.00053837476	108.27162	-2.9863892	0.02101682	-0.00040826574	0.5454453	0.0	0.0015023554	0.009092367	0.0004953784	0.0015130951	5.388606e-05	0.0002703734	0.40648812	0.5454453	1.0	0.0	0.0	0.5455976	0.0035450417	108000	61.890979051589966
27	42.234043	9.798421	70.0	27.0	0.46287462	0.1526031	0.9621767	0.15308486	42.234043	2228.1416	0.019894121	20.73282	2.836932	22.006178	-0.67584467	0.34506038	0.016966216	0.39979628	0.26918638	-6.3180923e-09	-0.004610887	5.066395e-10	0.00084601284	105.30464	-2.2403107	0.018345768	-0.0013608783	2.1185663	0.0	0.0006900744	0.006895464	-0.0008790392	0.003296308	-0.00080540916	0.00024889706	0.31634882	2.1185663	2.0	0.0	0.0	0.556567	0.0038025267	112000	64.24857068061829
28	40.29293	10.286062	74.0	28.0	0.5258279	0.17695269	1.0511693	0.2713925	40.29293	2280.2021	0.019656915	19.184938	3.7408302	21.026093	-0.7529723	0.31662223	0.032329332	0.44309554	0.17981334	-4.529953e-09	-0.00020208741	-2.9802322e-10	-0.0007180851	93.974014	-0.7400894	0.025067633	-0.0023062546	3.8667483	0.0	0.00085671316	0.008588307	0.0006410029	0.0037839368	-0.00092303415	0.00029105807	0.31583768	3.8667483	1.0	0.0	0.0	0.50778043	0.004003415	116000	66.70839095115662
29	40.2449	9.685947	90.0	27.0	0.50324804	0.15015732	0.81493855	0.22493093	40.2449	2329.672	0.019413935	19.429083	2.8956013	20.909058	1.319304	0.3616591	0.026032237	0.44401097	0.2532546	-5.9604646e-09	-0.0031588254	-1.1920929e-09	-0.00010281095	100.17958	-0.7998352	0.017923858	-0.00042342767	1.6012737	0.0	0.0015168895	0.009970096	8.070677e-05	0.001979162	-0.0003173162	0.00021781436	0.3900563	1.6012737	1.0	0.0	0.0	0.45901966	0.0039291834	120000	69.08618927001953
30	42.946236	11.721101	96.0	28.0	0.48659495	0.17417209	0.95941585	0.18101947	42.946236	2374.938	0.019152725	19.208984	2.9716153	20.682943	0.7903166	0.34311923	0.029119618	0.44789645	0.22443359	2.6941299e-08	-0.0038087491	5.662441e-10	0.00011688408	112.457085	-2.8296814	0.02219163	-0.00053185225	0.0	0.0	0.0013358258	0.009510886	-0.00031213573	0.0013412326	-3.2817716e-05	0.0001991944	0.36622843	0.0	2.0	0.0	0.0	0.4087361	0.0029191456	124000	71.5851891040802
31	41.53125	10.53264	91.0	26.0	0.5001785	0.17033207	1.0694808	0.14996518	41.53125	2422.9922	0.018929627	19.849289	3.675997	21.764534	1.1536105	0.322342	0.031270508	0.43747133	0.20673575	-1.1444092e-08	-0.002855071	2.0116568e-10	-0.000516898	97.04523	-3.6749115	0.02080771	-0.00034038723	0.0	0.0	0.00088104553	0.0099999085	4.2983515e-06	0.0009638807	0.00012931753	0.00020188317	0.3104643	0.0	1.0	0.0	0.0	0.42689925	0.0035550736	128000	74.42139029502869
32	44.674156	12.969953	109.0	29.0	0.46415722	0.15934052	0.958919	0.2015421	44.674156	2464.5183	0.018670592	19.558212	3.7312908	21.635923	1.3635491	0.34099856	0.03658217	0.46654043	0.20146587	-1.859665e-08	-0.0023254235	-2.682209e-10	0.00075310917	115.89519	-4.649872	0.020905081	-0.0019902382	0.10729929	0.0	0.00039077085	0.00673425	-0.0008023157	0.00062402064	-0.00021441959	0.00019710955	0.24088871	0.10729929	2.0	0.0	0.0	0.39887834	0.0035663825	132000	77.05784320831299
33	42.68817	10.023605	80.0	28.0	0.5015094	0.17240638	1.0145838	0.20593321	42.68817	2511.2676	0.018465202	20.903778	4.1883373	23.330805	0.10990679	0.29920295	0.019165074	0.36989093	0.21492311	-3.8146974e-09	-0.004358633	-1.8030405e-09	-0.00013924186	92.39382	-2.7840729	0.02290562	-0.002010515	3.3591955	0.0	0.0029273771	0.009993985	3.5359397e-05	0.005146563	-0.00067921105	0.00020788147	0.5412152	3.3591955	1.0	0.0	0.0	0.37790787	0.0027653007	136000	79.68950247764587
34	46.941177	13.177836	97.0	29.0	0.4261765	0.13299014	0.7677624	0.16594318	46.941177	2547.509	0.018196493	20.308071	3.4784446	22.350903	1.0327154	0.34103864	0.031138858	0.4596158	0.20226695	3.9935113e-08	-0.00519248	-2.5331975e-10	0.00069822173	121.26102	-7.081032	0.016765254	-0.003490447	0.0	0.0	0.0013147196	-0.01695583	-0.0015726812	0.0028969517	-0.00038102147	9.175478e-05	0.5382334	0.0	3.0	0.0	0.0	0.36839473	0.004326539	140000	82.2814929485321
35	43.857143	11.540251	93.0	28.0	0.49050736	0.14644958	0.94169945	0.17342308	43.857143	2592.1492	0.018001037	21.429308	3.9395802	24.047136	2.013515	0.2824613	0.024374394	0.37030134	0.18789616	1.7881393e-09	-0.0040220167	-2.2351741e-10	0.00018714518	98.013336	-4.8481445	0.019272277	-0.002255883	2.4512043	0.0	0.0012447494	0.009622238	-0.00021644446	0.002420546	-0.00038185949	0.00012401522	0.3596689	2.4512043	2.0	0.0	0.0	0.34045482	0.0040545315	144000	84.86325287818909
36	45.215908	11.326206	92.0	30.0	0.51307034	0.15973312	0.96683115	0.23568411	45.215908	2637.3438	0.01781989	20.326635	4.347282	23.356697	1.6533606	0.3307091	0.027868351	0.4341487	0.21714562	9.596348e-09	-0.0019341869	-2.9802324e-11	-0.00027606683	93.01711	-11.022072	0.0192425	-0.00019882992	1.6764919	0.0	0.0005670845	0.009424714	0.00028906518	0.0007722273	-0.00017261654	0.00014524747	0.24529563	1.6764919	1.0	0.0	0.0	0.33156288	0.003439179	148000	86.42362952232361
37	43.703297	10.097866	77.0	28.0	0.49361235	0.1481321	0.86287546	0.20764136	43.703297	2682.3625	0.017647121	20.803404	4.425548	24.443682	2.113348	0.3426511	0.032234613	0.46701735	0.22656082	-2.4437905e-09	-0.0032120764	5.662441e-10	6.9144444e-05	73.918365	-30.380936	0.0155320475	-4.101824e-05	0.0	0.0	0.0010759983	0.009784594	-0.00014615948	0.00108393	-2.8046758e-05	9.917393e-05	0.32923093	0.0	2.0	0.0	0.0	0.33567107	0.0041791266	152000	88.84996342658997
38	46.511627	10.427763	78.0	30.0	0.47191656	0.17095391	0.994967	0.18956202	46.511627	2722.9473	0.01745479	19.754004	6.3621426	25.656757	3.4643426	0.34230053	0.032232486	0.45248568	0.21522908	1.4185906e-08	-0.0066950554	7.376075e-10	0.0005712024	51.211945	-20.142294	0.019025857	-0.000787789	2.201576	0.0	0.0020511078	0.0072879465	-0.00060379406	0.0048765405	-0.00061628583	0.0001344248	0.5305077	2.201576	2.0	0.0	0.0	0.2861011	0.0045247143	156000	91.2673692703247
39	45.965115	11.732927	86.0	30.0	0.5058588	0.16594803	1.0659171	0.21502693	45.965115	2766.734	0.017292086	20.114977	8.663025	28.433992	2.5632539	0.31527346	0.04178104	0.45526078	0.15904999	1.4185906e-08	-0.0060172966	-3.874302e-10	-0.00015709602	35.308384	-7.551016	0.020262165	-0.0008293055	4.0088615	0.0	0.0041174823	0.009841231	0.00012746142	0.005167633	-0.00032780913	0.00010232708	0.6468315	4.0088615	1.0	0.0	0.0	0.30276465	0.0044732997	160000	93.89465689659119
40	46.26744	11.669304	93.0	31.0	0.51783967	0.17072885	1.0092288	0.23037386	46.26744	2811.3098	0.017142134	20.450933	9.692293	30.16909	2.4267092	0.34282035	0.029800436	0.4474966	0.2263061	4.7683715e-09	-0.002490854	1.1473894e-09	-0.00046647465	28.138845	-3.8719044	0.020652946	-8.964911e-05	5.80693	0.0	0.0019798125	0.008493469	0.0003855772	0.0034970806	-0.00038694878	9.868353e-05	0.48280248	5.80693	1.0	0.0	0.0	0.2716695	0.0040101823	164000	96.47079229354858
41	46.682354	10.386883	95.0	30.0	0.49706084	0.16836274	0.8817607	0.19158556	46.682354	2853.752	0.01698662	20.95745	10.121458	31.446466	1.9996303	0.3481489	0.036611773	0.46345344	0.21792948	9.179115e-09	-0.00506673	-7.4505807e-10	4.255153e-05	21.696627	-2.2303886	0.018827088	-0.00035014935	4.3175125	0.0	0.0023284287	0.0099583445	-6.2960935e-05	0.0043753963	-0.0004413581	9.516369e-05	0.4835461	4.3175125	2.0	0.0	0.0	0.26416004	0.0038256994	168000	99.16980314254761
42	51.23077	11.832076	86.0	33.0	0.48721236	0.15019983	0.9603695	0.19422661	51.23077	2891.7625	0.016812572	21.589176	10.326334	32.019848	1.7374021	0.33956048	0.046656206	0.48716533	0.13595931	-1.0967255e-08	-0.004408787	8.717179e-10	0.00020218252	27.40286	-4.184578	0.017491864	-0.0009825435	3.9832683	0.0	0.0015741204	0.008594396	-0.0002496086	0.0033863878	-0.00028342567	4.432575e-05	0.427968	3.9832683	2.0	0.0	1.0	0.24833512	0.0027130628	172000	101.68465232849121
43	48.76543	12.636681	102.0	33.0	0.5171768	0.1598277	0.9168726	0.20805416	48.76543	2933.7065	0.016668787	21.958893	10.912107	33.717304	1.6153485	0.32010052	0.02276854	0.39882624	0.23260921	-7.390976e-09	-0.0036271545	1.7881394e-10	-0.00034670797	25.823076	-2.056902	0.019434597	-0.00052509643	5.818218	0.0	0.002753403	0.008055754	0.00035223327	0.003182163	-0.00016541003	6.381306e-05	0.5846309	5.818218	1.0	0.0	0.0	0.2222867	0.0039939266	176000	104.20541000366211
44	50.16456	12.380498	99.0	34.0	0.50995016	0.15539557	0.9256759	0.18617833	50.16456	2974.089	0.016522717	22.192955	11.070144	34.441845	1.4671308	0.34412733	0.030842703	0.4494501	0.22630677	-6.7949295e-09	-0.0065327985	6.854534e-10	-0.00017948999	22.217796	-1.7323246	0.017211866	-0.00019353442	2.3629837	0.0	0.0046930313	0.0091844555	0.00019835042	0.004709016	2.776898e-05	4.824127e-05	0.7148255	2.3629837	1.0	0.0	0.0	0.19608295	0.0044358596	180000	106.64704990386963
45	50.16456	10.369662	79.0	34.0	0.51636785	0.14658621	0.94966465	0.2351075	50.16456	3015.0137	0.016385945	22.201817	11.249861	34.992672	1.302845	0.33409655	0.023623252	0.41257557	0.23203798	-4.7683715e-09	-0.006511853	1.6391277e-10	-0.0003575924	14.579587	-0.9585104	0.016003544	-0.00019190274	4.0847287	0.0	0.005423768	0.009273913	0.0003262832	0.006256525	-0.00034942958	0.00014662261	0.7647492	4.0847287	1.0	0.0	0.0	0.1807245	0.0046260674	184000	109.09296536445618
46	50.329113	13.745169	118.0	33.0	0.5044668	0.14635807	0.88197947	0.19201726	50.329113	3054.8772	0.016249347	22.371002	11.283813	35.38395	1.2360473	0.34540966	0.020340987	0.40699136	0.25777075	9.6559525e-09	-0.005766253	-6.705523e-10	-8.217932e-05	25.121433	-1.7400665	0.01759718	-0.00027232245	4.1957207	0.0	0.00325665	0.009846908	8.875126e-05	0.003785008	-0.00016487822	5.1451512e-05	0.5750897	4.1957207	1.0	0.0	0.0	0.160429	0.004784383	188000	111.51990675926208
47	50.871796	10.288603	88.0	31.0	0.48212487	0.11746063	0.7735421	0.22881338	50.871796	3092.6934	0.016107777	22.849485	11.68057	36.34423	0.8959625	0.3305088	0.016303727	0.3750309	0.2609169	4.7683715e-09	-0.0067205345	5.662441e-10	0.0003153581	12.935526	-0.97899437	0.011361389	-6.2406994e-05	0.0	0.0	0.0032125881	0.0076702847	-0.00035137613	0.004037401	-0.00020907332	5.299583e-05	0.6354055	0.0	2.0	0.0	0.0	0.14432788	0.004283826	192000	113.95708727836609
48	50.94872	10.542828	82.0	34.0	0.5126339	0.113802075	0.8321176	0.24647734	50.94872	3132.6975	0.015983151	22.279161	11.521658	36.15822	0.89021885	0.32267457	0.019850833	0.37826034	0.24553378	1.9073487e-09	-0.0057402076	3.874302e-10	-0.00027804557	12.287277	-0.6664629	0.012375444	-0.0004015658	2.8055665	0.0	0.0038255972	0.009676197	0.00024797325	0.004573592	-0.00037688887	0.00018990136	0.6287779	2.8055665	1.0	0.0	0.0	0.13587034	0.003153163	196000	116.4095938205719
49	54.232876	14.682503	108.0	36.0	0.50468516	0.13748105	0.88398993	0.21051228	54.232876	3169.5857	0.015847929	23.219082	11.649804	36.820976	0.55372036	0.34196636	0.017463502	0.3999234	0.27432483	-7.390976e-09	-0.007993113	6.2584876e-10	-0.00010302545	25.89582	-2.621376	0.015951402	-0.000273766	2.515512	0.0	0.0062437924	0.009831886	8.638973e-05	0.006285159	-4.285344e-05	4.4393575e-05	0.79690367	2.515512	1.0	0.0	0.0	0.14428413	0.0046472326	200000	117.97578740119934
50	52.407894	11.171131	95.0	38.0	0.5307695	0.14169984	0.8944008	0.22324732	52.407894	3209.9556	0.015735077	23.613464	12.217238	38.292183	0.86447406	0.32779196	0.014591642	0.36768946	0.2599367	-7.748604e-10	-0.001995891	6.482005e-10	-0.0005870321	13.448903	-1.0501995	0.016395034	-0.0006521791	17.082464	0.0	0.0052322373	0.003661028	0.0005871163	0.006181576	-0.00022720886	5.437878e-05	1.1954796	17.082464	1.0	0.0	0.0	0.16038692	0.0047900258	204000	120.56183171272278
51	50.615383	10.628013	92.0	36.0	0.51300395	0.13060012	0.82043356	0.18693529	50.615383	3250.3174	0.015626526	22.94885	11.875343	38.19348	0.72228265	0.35074946	0.024511868	0.42717028	0.2623057	-1.2159347e-08	-0.00520871	5.662441e-10	-0.000312113	11.229945	-0.548851	0.014837151	-0.00016923342	4.836052	0.0	0.0035728132	0.009177191	0.00025691686	0.004219101	-0.00022769638	8.022071e-05	0.6239507	4.836052	1.0	0.0	0.0	0.14650631	0.0042401524	208000	123.00132417678833
52	51.960526	11.879261	100.0	35.0	0.5033698	0.114413634	0.7711213	0.2791443	51.960526	3288.8723	0.015513549	22.747383	11.688865	38.000526	0.7532257	0.3420533	0.019811956	0.40143833	0.25841904	-1.1920929e-08	-0.009462443	6.109476e-10	-9.61665e-05	13.580291	-0.73909473	0.0124326	-0.00018076412	2.871975	0.0	0.008818634	0.009956828	6.485324e-05	0.009309996	-0.00021879279	9.742357e-05	0.9411095	2.871975	1.0	0.0	0.0	0.14676154	0.0045108953	212000	125.44326448440552
53	56.21127	12.201264	88.0	36.0	0.46232018	0.11754298	0.7939156	0.23971142	56.21127	3321.698	0.015378231	24.238125	12.157575	38.8279	0.6637862	0.3303012	0.01899745	0.38936526	0.26424268	-1.4305115e-09	-0.007124731	-9.685754e-10	0.00037209716	15.173044	-0.9858637	0.012249983	-0.0011023767	0.0	0.0	0.0041642264	0.0058721513	-0.000670325	0.0047942433	-0.00026187836	0.000108854685	0.69240475	0.0	2.0	0.0	0.0	0.13841772	0.004609544	216000	127.86108636856079
54	54.90278	11.427501	88.0	39.0	0.5074828	0.121747024	0.85054183	0.25297958	54.90278	3358.4216	0.015265553	23.850101	12.384132	39.593624	0.81188166	0.29656956	0.017062148	0.34616676	0.20188887	-4.529953e-09	-0.004912803	1.1622906e-09	-0.0001808427	11.155882	-0.5757885	0.013052191	-0.0010465514	9.403232	0.0	0.003869977	0.009148897	0.0001362923	0.0044937604	-0.0001166802	2.1825317e-05	0.650384	9.403232	1.0	0.0	0.0	0.14848387	0.004236241	220000	130.28714299201965
55	57.47826	12.5981455	95.0	39.0	0.49098334	0.13497764	0.86787075	0.2612312	57.47826	3392.3508	0.015144424	24.73062	12.420102	40.161266	0.89607286	0.3315072	0.017853089	0.38169938	0.26142555	-8.225441e-09	-0.006914407	-1.2218953e-09	0.00013236658	12.950035	-1.0186701	0.013358831	-0.00053843856	3.3864884	0.0	0.005938256	0.009512783	-0.00015687084	0.0076614907	-0.00029502125	5.050824e-05	0.79008836	3.3864884	2.0	0.0	1.0	0.13701749	0.0029058154	224000	132.73316383361816
56	55.52778	12.100244	104.0	37.0	0.50993216	0.12451567	0.8455357	0.22832146	55.52778	3429.0789	0.015039819	24.468668	12.878564	41.055656	0.82858706	0.30626318	0.016009487	0.35315588	0.22151242	-9.775162e-09	-0.0072137555	9.0524555e-10	-0.0002054137	11.802214	-0.5597229	0.013075263	-0.00044522434	11.801444	0.0	0.007523343	0.008566161	0.00017886831	0.007934829	-9.582106e-05	2.2313432e-05	0.9371569	11.801444	1.0	0.0	0.0	0.15506387	0.004533846	228000	135.15549087524414
57	59.41791	15.427393	133.0	39.0	0.48241037	0.111975014	0.7625232	0.19997889	59.41791	3461.428	0.014919948	25.25494	12.69913	41.03941	0.78969026	0.32907712	0.01783933	0.3740052	0.24741097	-1.3828277e-08	-0.010691006	-7.674098e-10	0.00016237852	23.726183	-2.0356998	0.011902134	-0.00074603315	0.0	0.0	0.010962958	0.0083488	-0.00029603243	0.01156646	-0.00017896942	5.3073672e-05	1.0754747	0.0	2.0	0.0	0.0	0.14483142	0.0042672013	232000	137.59037828445435
58	62.390625	16.266932	122.0	41.0	0.4782791	0.13838603	0.8048322	0.21179798	62.390625	3492.0432	0.014796793	26.50982	13.436123	42.653618	0.8592683	0.30317888	0.016397139	0.3431924	0.17569204	2.7418137e-09	-0.010169647	7.8976153e-10	6.0716986e-05	22.482746	-1.4002876	0.013947366	-0.00014558248	0.0	0.0	0.0102547575	0.006353219	-0.00034814343	0.010313878	-4.432747e-05	3.3235847e-05	1.0155727	0.0	2.0	0.0	0.0	0.1414789	0.004473236	236000	140.00647020339966
59	61.369232	12.259463	94.0	45.0	0.5046937	0.11308611	0.7663907	0.26458198	61.369232	3524.853	0.014686887	26.293941	13.647112	43.647114	0.77182835	0.29398444	0.018797165	0.33945647	0.18588972	-4.529953e-09	-0.008933588	1.0281801e-09	-3.4019486e-05	10.701707	-0.5121603	0.011148502	-0.0006454233	4.1342597	0.0	0.008289912	0.009795875	7.648274e-05	0.008370843	-4.815853e-05	2.8657058e-05	0.91992694	4.1342597	1.0	0.0	0.0	0.10922563	0.0045017716	240000	142.56917786598206
