Epoch	AverageEpRet	StdEpRet	MaxEpRet	MinEpRet	AverageEpCost	StdEpCost	MaxEpCost	MinEpCost	EpLen	CumulativeCost	CostRate	AverageVVals	StdVVals	MaxVVals	MinVVals	AverageCostVVals	StdCostVVals	MaxCostVVals	MinCostVVals	LossPi	DeltaLossPi	SurrCost	DeltaSurrCost	LossV	DeltaLossV	LossVC	DeltaLossVC	Penalty	DeltaPenalty	Optim_A	Optim_B	Optim_c	Optim_q	Optim_r	Optim_s	Optim_Lam	Optim_Nu	OptimCase	Margin	BacktrackIters	Entropy	KL	TotalEnvInteracts	Time
0	15.083019	8.6098175	51.0	5.0	1.5712614	9.684822	117.31012	0.04351028	15.083019	416.4065	0.10410162	-0.006626323	0.11072317	0.43203893	-0.39283374	0.0057773227	0.14988764	0.48507836	-0.5281415	7.712841e-08	-0.0020917545	-1.3637543e-07	-0.071480975	146.79726	-20.361298	158.26224	-8.11644	0.92675996	0.0	0.053668525	0.0011645779	0.071024336	0.057532597	-0.046969518	0.5709355	6.788527	0.92675996	1.0	0.0	0.0	0.9189385	0.0040408587	4000	4.372607469558716
1	15.357693	9.164256	62.0	5.0	0.8566846	2.5848536	25.75391	0.05075587	15.357693	639.4155	0.07992694	1.089577	0.14170435	1.5348653	0.6518804	0.6841544	0.68647766	3.4824288	-2.6624491	-5.1498414e-08	-0.00016576219	-2.1457673e-08	-0.023733716	139.7981	-51.402718	9.516783	-0.5254307	1.2936919	0.0	0.031054012	0.003549262	0.023225144	0.049693294	-0.039479196	0.083619475	2.9579432	1.2936919	1.0	0.0	0.0	0.9160766	0.004402463	8000	8.30705451965332
2	15.205323	8.339497	53.0	4.0	0.37473604	0.4097312	3.377852	0.01658982	15.205323	737.9763	0.061498027	4.6841316	0.19100532	5.3823113	3.6361399	0.9374902	0.3145562	2.4262688	-0.6938795	3.051758e-08	-0.02435077	-2.3841858e-08	0.0045703594	74.70544	-22.468124	0.693906	-0.3638678	0.0	0.0	0.019598614	-0.012432663	-0.008238165	0.059073046	-0.010928184	0.0030253814	2.4304948	0.0	3.0	0.0	0.0	0.90113145	0.0046762214	12000	12.44248104095459
3	18.072727	10.383737	71.0	5.0	0.9288649	3.3811643	39.349876	0.024727253	18.072727	942.6892	0.058918074	8.178584	0.20502485	8.601166	7.05062	0.5905316	0.3176545	2.3718598	-1.0601478	-2.6941299e-08	-0.010097255	-4.8279762e-09	-0.025248071	83.142105	-11.083389	13.600693	-0.39664364	0.5613938	0.0	0.038819905	0.007313289	0.023729948	0.057751242	-0.062990785	0.20959105	2.3039384	0.5613938	1.0	0.0	0.0	0.8793424	0.00448174	16000	16.648780345916748
4	18.830189	10.359548	58.0	5.0	0.58957106	1.0996312	9.296422	0.009849818	18.830189	1067.7767	0.053388838	10.73843	1.0649899	13.541092	5.362769	0.98727393	0.39067388	2.7332413	-0.7391035	-5.9604646e-09	-0.009027708	-5.7816507e-09	-0.004698911	68.80533	-1.8403091	1.674065	-0.24921918	1.6291975	0.0	0.02313217	0.008689932	0.00475678	0.04717512	-0.020377928	0.01727159	1.6315486	1.6291975	1.0	0.0	0.0	0.86116415	0.004515151	20000	20.83380103111267
5	20.48969	9.509756	59.0	7.0	0.4186042	0.6493504	4.9963408	0.009566368	20.48969	1149.3293	0.047888722	11.463591	1.6203295	15.23142	3.1510887	0.7021767	0.21257788	1.6427364	-0.4861574	-5.841255e-09	-0.0126234135	-4.768372e-10	0.003277761	62.175617	-2.1365776	0.5851131	-0.17404792	0.23349857	0.0	0.016947562	0.008155499	-0.003972525	0.023921302	-0.0077243163	0.008555678	1.4415455	0.23349857	2.0	0.0	1.0	0.8417345	0.0028656435	24000	25.044362545013428
6	22.340782	9.648635	51.0	6.0	0.39043513	0.47741944	3.5659716	0.023629235	22.340782	1219.229	0.043543894	11.761961	2.7673814	16.276678	-5.573036	0.45063543	0.119054236	1.08086	-0.08864833	-8.940697e-09	-0.018840156	-8.9406965e-10	0.0040070945	59.929344	-2.1385612	0.23591574	-0.025526851	0.2183701	0.0	0.025158107	0.0050087664	-0.004904254	0.055258263	-0.012043518	0.00481879	2.2411637	0.2183701	2.0	0.0	1.0	0.8331354	0.0029752164	28000	29.22545337677002
7	25.125786	10.617265	62.0	7.0	0.59306896	0.6596812	3.2467065	0.02163284	25.125786	1313.5332	0.041047912	12.729687	3.247672	16.834791	-3.1417608	0.352698	0.106683195	0.7413647	-0.15426376	-2.2172928e-08	-0.0038641419	-9.536744e-10	-0.003764063	75.9626	-3.7485886	0.33449647	-0.016144186	3.0643108	0.0	0.015272695	0.0065999543	0.0037041213	0.026499948	-0.006731	0.0040353914	1.5212038	3.0643108	1.0	0.0	0.0	0.8141938	0.0047913142	32000	33.39400362968445
8	25.350319	11.014678	95.0	6.0	0.38232377	0.4247969	2.4510887	0.023191316	25.350319	1373.6221	0.03815617	13.888681	2.6799767	17.33367	-0.8871968	0.43614432	0.07920143	0.7628759	0.04123799	-1.5735626e-08	-0.015253892	2.6822091e-09	0.003432818	81.42945	-2.7904205	0.15407763	-0.020846933	0.0	0.0	0.013267248	0.001958849	-0.004642002	0.021530598	-0.0047057006	0.0026797384	1.4673309	0.0	2.0	0.0	0.0	0.7911445	0.0048210793	36000	37.59760880470276
9	31.377953	12.747041	81.0	8.0	0.5625789	0.5580291	3.4923363	0.03609987	31.377953	1445.1638	0.036129095	14.13317	3.1952298	17.322903	-4.146737	0.33277667	0.07737486	0.6256033	-0.009703541	1.2874604e-08	-0.004149079	9.983778e-10	-0.002149248	105.86376	-9.95562	0.205468	-0.0078049153	2.8032315	0.0	0.008351504	0.008644474	0.0019943595	0.021728761	-0.006265173	0.002934263	0.9829084	2.8032315	1.0	0.0	0.0	0.77987236	0.0041494737	40000	41.62542462348938
10	31.21875	13.1576605	100.0	13.0	0.4731123	0.4303113	2.6566126	0.026673812	31.21875	1505.7407	0.03422138	16.228125	3.5409746	19.141045	-6.8792815	0.39604375	0.0681894	0.66683555	0.099019155	-1.1444092e-08	-0.006735934	-6.556511e-10	0.00075903453	109.30844	-5.843361	0.12568004	-0.0054998696	1.6304485	0.0	0.0041848533	0.009681782	-0.00086126814	0.012365688	-0.0043669133	0.0023310499	0.6574496	1.6304485	2.0	0.0	1.0	0.7513271	0.002792657	44000	45.54695105552673
11	32.292683	9.400512	68.0	17.0	0.5543774	0.45686355	2.7939546	0.031154322	32.292683	1575.4841	0.032822587	16.278656	3.7982655	19.544098	-5.3085356	0.3516221	0.05647447	0.5449702	0.07983977	-3.5762786e-09	-0.0041851415	1.8775463e-09	-0.001773453	72.86148	-8.437569	0.15286295	-0.0038945973	1.9400026	0.0	0.0051341215	0.009236453	0.0016838916	0.014663972	-0.0059489375	0.0037135796	0.7455563	1.9400026	1.0	0.0	0.0	0.74416405	0.0036592956	48000	49.5485725402832
12	34.782608	10.275156	69.0	19.0	0.48697057	0.34263843	2.103176	0.036399275	34.782608	1631.4858	0.031374726	15.852323	4.2081027	19.438622	-6.1330967	0.39150807	0.0407045	0.55839443	0.20671205	-2.6226044e-09	-0.005571237	3.4570693e-09	0.00031191026	73.67478	-8.899254	0.078454584	-0.003841944	1.7860632	0.0	0.0039011338	0.009925958	-0.000374596	0.010814812	-0.00361975	0.0018951691	0.6269158	1.7860632	2.0	0.0	1.0	0.7196344	0.002693095	52000	52.83688831329346
13	36.477066	11.985921	79.0	21.0	0.45097128	0.27843308	1.4438214	0.053048827	36.477066	1680.7617	0.030013602	17.116634	4.4169264	20.678545	-6.196566	0.3444799	0.037316967	0.47803488	0.15393509	1.8835069e-08	-0.0065597496	1.0728836e-09	0.0011379456	79.809784	-9.241379	0.05236914	-0.0021111146	1.6178751	0.0	0.002660531	0.0080122715	-0.0013440973	0.008205828	-0.002244991	0.00090887543	0.5762439	1.6178751	2.0	0.0	1.0	0.7178077	0.0024654411	56000	56.2383017539978
14	37.490566	14.315347	106.0	23.0	0.5329861	0.26179817	1.3073508	0.03891188	37.490566	1737.4574	0.028957624	17.36693	5.8209763	21.688396	-6.999553	0.30783483	0.035639133	0.44373244	0.16154267	1.9073487e-09	-0.003719929	-1.0281801e-09	-0.0009437499	90.96344	-10.748329	0.049822778	-0.0031037927	2.6897743	0.0	0.0030409624	0.00928021	0.0008798508	0.008348652	-0.0023892364	0.0010755056	0.57243556	2.6897743	1.0	0.0	0.0	0.68852496	0.0039607077	60000	59.631245374679565
15	39.49505	11.876946	79.0	22.0	0.51717836	0.23826036	1.298446	0.08988016	39.49505	1789.7168	0.027964326	18.928923	5.7727365	23.36801	-3.8545527	0.35164812	0.02987021	0.4820268	0.23736368	-2.861023e-09	-0.0042557013	-4.1723253e-10	-0.00044506413	65.956856	-10.763515	0.0387528	-0.00032921135	2.7001626	0.0	0.002691099	0.009786936	0.00043494962	0.007991779	-0.002169454	0.0008879108	0.52437437	2.7001626	1.0	0.0	0.0	0.6849758	0.0036576632	64000	63.04292416572571
16	39.77	9.859874	76.0	22.0	0.4751481	0.2073125	0.98979694	0.12064412	39.77	1837.4768	0.027021717	18.758194	6.2183585	24.046974	-2.1939645	0.34072357	0.022080764	0.4149518	0.25282377	-7.7486035e-09	-0.006257962	1.5646219e-10	0.0005324418	45.908962	-6.660721	0.027615802	-0.0008068774	3.3799195	0.0	0.002533854	0.009191858	-0.0006248903	0.010494654	-0.0019612736	0.00048319192	0.52503604	3.3799195	2.0	0.0	1.0	0.66661954	0.0022550907	68000	66.26539158821106
17	41.427082	10.966564	78.0	26.0	0.52880603	0.2218779	1.1882154	0.13529721	41.427082	1888.2894	0.026226241	18.647646	6.841041	24.571003	0.05235651	0.330678	0.030493239	0.4235385	0.1707126	1.5735626e-08	-0.0025829773	2.399087e-09	-0.00072949316	45.96673	-6.2516174	0.033433273	-0.0009499639	3.852745	0.0	0.0028650966	0.009225414	0.00069534295	0.0093855085	-0.0020174456	0.000624207	0.5572842	3.852745	1.0	0.0	0.0	0.6666908	0.0035950756	72000	69.62585496902466
18	42.989246	10.714772	73.0	28.0	0.5259887	0.19297792	1.1366218	0.14495318	42.989246	1937.2179	0.025489708	19.552805	7.344853	26.022858	-0.064186625	0.3469802	0.02079217	0.42854816	0.26080802	5.4836273e-09	-0.00459386	2.682209e-10	-0.00061601616	42.539284	-4.97023	0.0260405	-7.084571e-05	3.4801674	0.0	0.004110965	0.00905863	0.0006045395	0.006405793	-0.0009438861	0.00038822996	0.6736598	3.4801674	1.0	0.0	0.0	0.6352681	0.0040678643	76000	73.11467051506042
19	43.241756	10.672281	81.0	28.0	0.49149412	0.15856853	0.82390255	0.1617445	43.241756	1982.1376	0.02477672	20.058086	7.562807	26.93672	0.97938234	0.347879	0.017192494	0.41073698	0.2639724	9.23872e-09	-0.0067063794	1.3709068e-09	0.00015921929	41.353416	-4.2620125	0.020350486	-0.0004363656	2.3726954	0.0	0.004093633	0.009866275	-0.00019670525	0.0063794563	-0.00081326463	0.00028934848	0.6441364	2.3726954	2.0	0.0	0.0	0.5897733	0.0048133563	80000	76.47509622573853
20	42.634407	9.395474	69.0	28.0	0.5100702	0.14097148	0.8929242	0.20941141	42.634407	2029.6721	0.024162764	19.928488	7.97805	27.71795	1.0535597	0.32644123	0.015101665	0.3829084	0.26314142	-1.2397766e-08	-0.0058404678	7.4505807e-10	-0.00021768406	27.947443	-3.7617702	0.016740602	-0.00047855824	4.2892337	0.0	0.0048799175	0.009679784	0.000236199	0.0068082954	-0.0005796325	0.00017422617	0.7100246	4.2892337	1.0	0.0	0.0	0.56372553	0.003676856	84000	80.12755060195923
21	44.55056	12.131315	112.0	28.0	0.50149924	0.16058704	1.0325254	0.14662762	44.55056	2074.3354	0.023571994	20.066277	8.120042	27.9899	1.9107345	0.3471399	0.016344842	0.4076779	0.27275965	-2.169609e-08	-0.002689022	1.5050173e-09	-2.0736396e-05	41.50045	-6.2121544	0.01999762	-0.00016066246	3.6954663	0.0	0.0006824635	0.009986207	3.3652454e-05	0.0017399595	-0.00029466793	8.2108294e-05	0.26142037	3.6954663	1.0	0.0	0.0	0.5184264	0.0039109215	88000	83.5685772895813
22	44.66292	11.125377	85.0	31.0	0.5213752	0.12390884	0.828248	0.22676082	44.66292	2120.7463	0.02305159	20.375116	9.180698	29.346878	1.8665205	0.3360595	0.014108067	0.39130414	0.27042228	2.3841857e-09	-0.0022719428	-2.9802324e-11	-0.000488546	28.48932	-3.842125	0.016094998	-0.00035213307	9.377898	0.0	0.0030145515	0.0061315103	0.00047858892	0.0038302885	-0.00021976931	5.9208476e-05	0.70117694	9.377898	1.0	0.0	0.0	0.51857483	0.0046415343	92000	86.93962478637695
23	44.255554	9.820117	77.0	27.0	0.46165317	0.1325029	0.81789875	0.20456673	44.255554	2162.3054	0.022524014	20.6059	9.546577	30.310871	1.2338392	0.35108805	0.010741277	0.38435647	0.29560554	1.07288365e-08	-0.006017914	1.1101365e-09	0.00086479523	20.160934	-2.4030876	0.015652701	-0.0016056951	1.1721041	0.0	0.0008391647	0.003637766	-0.0008664862	0.0034446295	-0.00055449735	0.00011800862	0.48029298	1.1721041	2.0	0.0	0.0	0.47466177	0.004673227	96000	90.34384202957153
24	45.409092	9.582935	87.0	30.0	0.49929723	0.11926583	0.78935915	0.23100916	45.409092	2206.2566	0.022062566	20.173395	9.912949	30.525953	0.9770143	0.31490678	0.014540166	0.35613835	0.24590968	1.001358e-08	-0.004636736	5.2154064e-10	2.4428516e-06	18.8259	-1.5812931	0.014237786	-0.00080893375	4.432499	0.0	0.002264658	0.009998051	-1.5476384e-05	0.0047462774	-0.0005523584	0.00012294383	0.4759306	4.432499	2.0	0.0	0.0	0.45916086	0.003346152	100000	93.85811281204224
