Epoch	AverageEpRet	StdEpRet	MaxEpRet	MinEpRet	AverageEpCost	StdEpCost	MaxEpCost	MinEpCost	EpLen	CumulativeCost	CostRate	AverageVVals	StdVVals	MaxVVals	MinVVals	AverageCostVVals	StdCostVVals	MaxCostVVals	MinCostVVals	LossPi	DeltaLossPi	SurrCost	DeltaSurrCost	LossV	DeltaLossV	LossVC	DeltaLossVC	Penalty	DeltaPenalty	Optim_A	Optim_B	Optim_c	Optim_q	Optim_r	Optim_s	Optim_Lam	Optim_Nu	OptimCase	Margin	BacktrackIters	Entropy	KL	TotalEnvInteracts	Time
0	17.077253	7.3217325	55.0	8.0	0.0	0.0	0.0	0.0	17.077253	0.0	0.0	-0.009106661	0.23059635	0.50992876	-0.5087218	0.017535513	0.582055	1.3633505	-1.3640088	-1.1825561e-07	-0.021204878	-4.4107438e-09	-0.0022124276	142.8716	-20.44619	0.34215733	-0.33798286	0.0	0.0	0.020030666	-5.4072304	-0.11711485	0.021904496	0.002176146	0.0025272353	1.0465299	0.0	3.0	0.0	0.0	0.67463213	0.009300883	4000	3.9660675525665283
1	19.57353	8.365984	54.0	9.0	0.0	0.0	0.0	0.0	19.57353	0.0	0.0	1.0460957	0.28947914	1.6524616	0.1456461	0.0053629465	0.01623297	0.07033214	-0.06654779	-6.008148e-08	-0.018083446	1.15484e-10	4.9299386e-05	155.94777	-63.515083	0.00029217996	-0.00019410337	0.0	0.0	0.006113405	-57441.32	-0.10217881	0.016375875	-4.3189135e-05	1.8175949e-07	0.90487224	0.0	3.0	0.0	0.0	0.6911538	0.008847899	8000	7.680526971817017
2	25.202532	13.471846	87.0	9.0	0.0	0.0	0.0	0.0	25.202532	0.0	0.0	4.9045653	0.29096588	5.872903	3.4086137	0.0008466659	0.009695957	0.04182935	-0.03610569	2.503395e-08	-0.023660561	-4.8428775e-11	1.5987833e-05	205.57887	-80.73348	9.470149e-05	-4.279277e-05	0.0	0.0	0.024859568	-76552.375	-0.07935711	0.02864813	-1.7654022e-05	8.226458e-08	1.1968318	0.0	3.0	0.0	0.0	0.68936867	0.00833276	12000	8.523171186447144
3	32.365852	20.856564	125.0	9.0	2.2966363	25.367176	282.48627	0.0	32.365852	282.48627	0.017655391693115235	10.715649	0.9978708	15.774894	6.273941	-0.00081743055	0.012131541	0.036467474	-0.12273163	-3.33786e-08	-0.02215503	2.053678e-07	-0.009866138	286.06708	-62.598755	786.5847	-76.973206	0.027850231	0.0	0.026651619	0.019842109	0.009165102	0.02668469	-0.004194496	0.53200525	1.1589586	0.027850231	1.0	0.0	0.0	0.67720056	0.007646038	16000	12.408823728561401
4	41.206184	28.18896	192.0	10.0	2.9094028	21.695723	198.86537	0.0	41.206184	564.69836	0.028234918212890626	15.496701	1.3496443	18.609198	7.8662944	2.6966665	3.3774319	13.409067	-9.353016	3.242493e-08	-0.01382417	-2.3698807e-07	-0.025158355	378.83197	-59.196716	400.5054	-12.085205	0.27269605	0.0	0.019054791	0.017814567	0.022069572	0.02551713	-0.037950724	0.22286937	1.0342237	0.27269605	1.0	0.0	0.0	0.65981233	0.007983492	20000	15.986665487289429
5	47.11905	25.678602	128.0	11.0	1.204773	9.308346	85.069016	0.0	47.11905	665.89923	0.0277458012898763	19.672071	1.2139665	21.149685	10.854169	2.6781816	5.6177783	16.298918	-15.5365305	1.5616417e-08	-0.019643864	1.2874604e-08	0.013351655	287.29324	-21.481445	136.82834	-47.83693	0.0	0.0	0.016087197	0.013912667	-0.016876975	0.02018737	-0.013851035	0.04679098	1.0046734	0.0	2.0	0.0	0.0	0.6438439	0.008533316	24000	20.100966930389404
6	69.29825	37.353203	217.0	16.0	10.383883	51.051884	325.9931	0.0	69.29825	1257.7805	0.04492073277064732	21.969378	0.975581	22.962143	12.59463	1.5854895	2.4803793	9.496346	-10.50059	-5.3167344e-08	-0.0033765773	1.1336803e-07	-0.12009734	516.98596	-66.60925	1593.1923	-231.45654	0.20840813	0.0	0.022586042	0.010515434	0.12098262	0.036081076	-0.14431159	1.5432222	1.4655697	0.20840813	1.0	0.0	0.0	0.62649757	0.0077469083	28000	24.070696592330933
7	84.55319	45.261322	254.0	20.0	0.48661408	2.8576467	19.63571	0.0	84.55319	1280.6515	0.04002035903930664	25.380884	0.6486373	26.076899	18.011618	4.6189785	3.7272604	13.383319	-6.95876	2.3841858e-08	-0.02865941	1.6689301e-09	0.016907817	617.95276	-75.15637	31.834202	-18.278912	0.0	0.0	0.030070689	0.012856625	-0.017898625	0.04560708	-0.026396299	0.04484726	1.510084	0.0	2.0	0.0	0.0	0.61564773	0.008092798	32000	27.909903526306152
8	120.606064	55.325996	309.0	23.0	23.343073	44.041317	184.98116	0.0	120.606064	2050.973	0.05697146945529514	26.231714	7.177703	29.0656	-23.23894	2.6414394	4.164459	12.427952	-9.996712	-3.3259393e-08	-0.00083810254	2.1600724e-07	-0.18274017	843.588	-124.888	882.57776	-157.57892	0.09016556	0.0	0.0053317025	0.007428006	0.17696518	0.00757017	-0.07467257	2.4909868	0.84722126	0.09016556	1.0	0.0	0.0	0.6098825	0.0073872586	36000	31.674283981323242
9	108.638885	30.889725	164.0	21.0	2.5723689	7.2904205	30.602833	0.0	108.638885	2143.5781	0.053589453125	31.051165	3.4798257	32.305546	-9.721246	7.7880125	0.7565063	9.5836735	4.6693144	-2.6464463e-08	-0.0029276502	-1.5234947e-07	-0.0061176047	484.95596	-44.52835	59.310863	-26.529995	0.29992697	0.0	0.0010397808	0.01975615	0.005268545	0.010567325	-0.0329321	0.11383029	0.22941391	0.29992697	1.0	0.0	0.0	0.59964216	0.0054064253	40000	35.61549186706543
10	120.15151	43.258293	226.0	65.0	3.150496	9.743002	52.080727	0.0	120.15151	2247.5444	0.051080555308948866	32.770382	5.700099	34.186504	-24.079851	4.9411135	0.7858769	7.6744246	2.0685415	-3.5881996e-08	-0.0039646374	-1.26361845e-08	-0.008044994	599.5148	-39.815796	43.42025	-6.6741333	0.19312504	0.0	0.0014984743	0.019247063	0.009575377	0.0050669406	-0.020845722	0.12177336	0.27902454	0.19312504	1.0	0.0	0.0	0.5978561	0.003974846	44000	36.45924997329712
11	114.52941	34.947216	188.0	56.0	0.31235018	1.164865	6.1801558	0.0	114.52941	2258.1643	0.047045089721679687	35.67718	2.108655	35.978073	-7.59764	3.8300264	0.74645025	6.210255	0.676943	-3.9339065e-09	-0.011236813	8.440018e-08	0.01369901	512.2375	-17.344177	14.238519	-9.184519	0.0	0.0	0.0018039775	0.0037220637	-0.014735514	0.0068904194	-0.008237069	0.013339246	0.58695906	0.0	2.0	0.0	0.0	0.5844888	0.00910023	48000	40.157970666885376
12	147.66667	50.260803	302.0	87.0	15.189811	36.0445	139.30052	0.0	147.66667	2668.2893	0.0513132558969351	35.85905	5.9620504	37.213654	-27.485716	2.2752345	0.7803978	4.759212	-0.56628007	-3.683567e-08	0.01223951	7.545948e-08	-0.062392645	722.2468	-55.17633	434.23468	-41.933075	0.3270812	0.0	0.0024186103	-0.02267695	0.08932152	0.009926031	-0.037463192	0.18694712	0.0	0.3270812	0.0	0.0	0.0	0.58231604	0.009559418	52000	43.92363357543945
13	113.314285	47.52369	291.0	17.0	3.6960275	19.52478	117.3768	0.0	113.314285	2797.6504	0.04995804268973214	38.913437	3.3059187	39.262432	-25.846582	2.8690376	1.8250531	9.179772	-3.147666	3.8146974e-09	-0.006094513	2.002716e-08	-0.013447477	527.48724	-7.7234497	141.32881	-6.2048798	0.07833854	0.0	0.002836586	0.01899464	0.014967464	0.003447993	-0.011672199	0.22283068	0.38644034	0.07833854	1.0	0.0	0.0	0.58485013	0.0063531213	56000	47.510337829589844
14	125.32258	39.1312	235.0	71.0	2.9303517	8.423734	47.069393	0.0	125.32258	2888.4912	0.04814152018229167	39.500713	2.9082932	40.070312	-3.5395784	3.2839887	3.394238	12.361877	-6.270161	1.5735626e-08	-0.004466402	2.2292138e-08	-0.008878357	513.74915	-19.399658	27.38906	-3.3126335	0.56278294	0.0	0.0037233904	0.016471492	0.007423656	0.0054950854	-0.0052603753	0.0156186875	0.47544777	0.56278294	1.0	0.0	0.0	0.57532924	0.0032675809	60000	51.32769823074341
15	128.45161	34.1617	268.0	80.0	5.712462	7.642501	25.746868	0.0	128.45161	3065.5776	0.04789965057373047	40.713562	2.0656772	41.096794	4.5524178	2.088934	2.867385	9.372333	-5.904071	2.503395e-08	0.0021068582	-4.196167e-08	-0.029171843	486.76846	-15.994507	42.329952	-18.315647	0.3896627	0.0	0.0017153452	0.009011431	0.028901637	0.0055220723	-0.017010918	0.07601578	0.43629363	0.3896627	1.0	0.0	0.0	0.56801873	0.008163021	64000	55.20008945465088
16	111.0	23.721767	157.0	68.0	4.8188043	12.52416	63.624134	0.0	111.0	3239.0544	0.04763315357881434	41.514393	4.041795	41.937393	-33.795673	3.069109	0.7567535	5.208001	0.96862495	2.2947788e-08	0.0058400347	-1.4036893e-08	-0.0366441	407.95612	-2.5974426	66.26281	-2.69796	0.2738744	0.0	0.00047688524	0.015030843	0.025394633	0.007891187	-0.031019568	0.12977804	0.17812106	0.2738744	1.0	0.0	0.0	0.5791495	0.004489686	68000	59.22873115539551
17	103.789474	27.419891	184.0	31.0	0.40170458	1.1353109	6.0233088	0.0	103.789474	3254.3193	0.04519887966579861	41.61756	2.7600453	41.878914	-19.728018	3.5463355	0.40784794	4.7636533	2.0249178	-6.4671037e-09	-0.015212428	-3.0994416e-09	0.013010535	400.79178	-1.4440918	11.312899	-7.380307	0.4336632	0.0	0.001997895	0.0068270336	-0.015399398	0.016463762	-0.016137423	0.01800213	0.54096645	0.4336632	2.0	0.0	0.0	0.5731583	0.007066765	72000	63.200451135635376
18	115.5	35.387978	298.0	74.0	8.455298	11.592539	56.856377	0.0	115.5	3541.7993	0.04660262258429276	41.505695	0.034101475	41.53065	41.27486	1.9520471	0.55033773	3.5693376	0.2199099	-1.001358e-08	0.005938176	-5.6147574e-08	-0.05551867	458.64975	-0.5020447	62.28028	-12.249088	0.36174244	0.0	0.0021239824	-0.00043796512	0.05589003	0.0045809783	-0.019378392	0.15283789	0.0	0.36174244	0.0	0.0	0.0	0.57400954	0.009945376	76000	64.01976752281189
19	102.0	21.954498	168.0	71.0	0.9889479	2.20597	10.739758	0.0	102.0	3580.3684	0.04475460510253906	41.672195	0.02319987	41.692574	41.551678	3.8242886	0.8144555	6.1915183	1.5553155	-1.3262033e-08	-0.006252363	-5.2273272e-08	0.007886413	385.73267	-3.1272278	12.309789	-7.7775073	0.3247389	0.0	0.0006020973	0.015349249	-0.009912275	0.004287466	-0.008823732	0.021126311	0.1980568	0.3247389	2.0	0.0	0.0	0.5734748	0.004453447	80000	67.74873280525208
20	107.916664	19.007856	180.0	73.0	0.92724395	2.5932195	13.886567	0.0	107.916664	3613.749	0.04302082170758929	41.124428	0.023082789	41.142662	40.999283	2.2824054	0.445033	4.132663	0.7051837	1.7404556e-08	-0.006258887	-4.1007997e-08	0.009240411	396.369	-0.25653076	5.6304793	-1.9639363	0.29177976	0.0	0.0006127378	0.014353623	-0.009940597	0.0035422498	-0.0071602003	0.017500686	0.20661248	0.29177976	2.0	0.0	1.0	0.5694969	0.0029850039	84000	71.42359447479248
21	106.945946	14.252446	141.0	81.0	4.6810403	7.2329407	30.378365	0.0	106.945946	3786.9475	0.04303349442915483	40.95367	0.017424198	40.967518	40.86976	1.4502217	0.4112696	3.0276985	0.103597514	-8.8214875e-09	0.00078730634	9.596348e-09	-0.02083155	369.3147	-0.85476685	23.378452	-2.9099503	0.29348698	0.0	0.0010556984	0.012729479	0.025069116	0.0048664804	-0.018149443	0.08643955	0.2879815	0.29348698	1.0	0.0	0.0	0.57630944	0.004452468	88000	75.08696579933167
22	104.447365	19.274605	138.0	28.0	8.305392	11.529576	52.093857	0.0	104.447365	4102.5522	0.044592959196671195	40.64645	0.015293048	40.658794	40.57492	2.3536572	0.7008713	4.610987	0.644698	-9.298325e-09	0.00070469285	-9.3579295e-09	-0.05498093	371.61063	-0.9321594	60.16196	-9.204853	0.3402464	0.0	0.0011513095	0.001208273	0.06036909	0.0014081565	-0.0070577865	0.19393784	0.9761431	0.3402464	1.0	0.0	0.0	0.5791025	0.00822195	92000	78.7983467578888
23	98.6	13.807244	148.0	70.0	0.34200373	1.0318719	5.176009	0.0	98.6	4116.2324	0.042877421061197914	40.30401	0.014952313	40.31636	40.214943	4.16644	1.4343566	7.851919	0.87510556	8.106232e-09	-0.0056902366	2.384186e-10	0.013482526	348.2986	-3.3403015	17.616953	-14.464851	0.0	0.0	6.089194e-05	-0.008140773	-0.016815377	0.001790913	-0.0041693114	0.010047945	0.2992418	0.0	3.0	0.0	0.0	0.56914407	0.007853396	96000	82.42751049995422
24	108.416664	20.114084	183.0	64.0	8.912888	15.005561	66.91556	0.0	108.416664	4437.0967	0.044370966796875	39.648884	0.016449694	39.660904	39.536457	1.9240113	0.6558203	4.2368603	-0.100513704	-1.3113022e-08	-0.002821259	-7.772446e-08	-0.05499462	394.7829	-0.26202393	95.68784	-13.482903	0.05331789	0.0	0.0011547651	0.011111675	0.063762225	0.0011868859	-0.0038330685	0.4574114	0.3223718	0.05331789	1.0	0.0	0.0	0.56956345	0.0059543424	100000	86.5784420967102
