Epoch	AverageEpRet	StdEpRet	MaxEpRet	MinEpRet	AverageEpCost	StdEpCost	MaxEpCost	MinEpCost	EpLen	CumulativeCost	CostRate	AverageVVals	StdVVals	MaxVVals	MinVVals	AverageCostVVals	StdCostVVals	MaxCostVVals	MinCostVVals	LossPi	DeltaLossPi	SurrCost	DeltaSurrCost	LossV	DeltaLossV	LossVC	DeltaLossVC	Penalty	DeltaPenalty	StopIter	Entropy	KL	TotalEnvInteracts	Time
0	14.811111	8.329637	53.0	5.0	0.7383409	2.377149	32.21677	0.03342506	14.811111	199.3541	0.049838524	-0.000787176	0.10924107	0.43695128	-0.40780914	0.0021496853	0.15185264	0.51610917	-0.48301926	3.3259393e-08	-0.0182484	6.0796737e-09	0.018692506	139.01378	-19.530563	8.954779	-1.3571973	0	0	5.0	0.9189385	0.01807325	4000	2.5117244720458984
1	19.216347	11.175021	70.0	5.0	2.7147791	13.859116	126.42944	0.032061633	19.216347	764.2673	0.09553341	1.1247357	0.57492894	3.4433372	-1.090045	0.7184716	0.5910072	3.461586	-1.5881233	-4.4345857e-08	-0.019269751	-2.0599366e-07	0.0919198	197.81409	-70.27993	263.57568	-27.061066	0	0	7.0	0.9171939	0.017637264	8000	4.728484153747559
2	26.098684	14.700412	82.0	6.0	5.517774	17.67015	113.836845	0.020242872	26.098684	1603.2131	0.1336011	4.7748437	1.6556882	9.868133	-4.286354	2.92217	2.8814042	11.354716	-9.557588	1.1324882e-08	-0.018776001	-3.2806398e-07	0.11429724	230.71889	-91.28613	304.023	-12.484741	0	0	8.0	0.9148848	0.016610777	12000	6.8806235790252686
3	37.87619	20.588345	142.0	9.0	23.788958	35.719006	117.000946	0.011666285	37.87619	4101.468	0.25634173	10.557789	0.8344648	12.801719	6.779855	5.9125004	4.0860043	14.007111	-10.00143	3.015995e-08	-0.013862812	3.299713e-07	0.22324817	303.24814	-78.07106	1173.8436	-270.45612	0	0	13.0	0.912402	0.012569093	16000	9.0444176197052
4	49.7875	28.131695	154.0	9.0	35.96444	39.238583	111.38879	0.050130688	49.7875	6978.6895	0.34893447	15.538462	0.69638467	17.016861	11.610646	14.182102	1.8595846	17.848774	3.8351245	2.9563903e-08	-0.01799304	-1.9264222e-07	0.12143673	398.44025	-67.770386	1047.9675	-165.8711	0	0	79.0	0.9091683	0.006892315	20000	11.452750205993652
5	63.031746	26.39262	144.0	14.0	50.4992	37.19122	124.14297	0.04944019	63.031746	10160.237	0.4233432	19.337166	0.6362734	20.584759	15.590077	20.148012	0.22521456	20.672073	18.927008	-4.673004e-08	-0.011614595	-2.117157e-07	0.096978255	379.8332	-61.15143	895.8811	-80.083374	0	0	79.0	0.90913314	0.005988277	24000	13.812930345535278
6	90.86364	37.741096	186.0	12.0	55.78292	30.469526	122.84376	0.14660344	90.86364	12614.689	0.45052463	21.039371	3.4321127	23.450117	-4.854377	23.491533	0.14995301	23.831865	22.617218	-5.3286552e-08	-0.011866364	6.2942505e-08	0.024322417	662.3235	-108.48999	498.77753	-26.21228	0	0	79.0	0.92350423	0.0049008545	28000	16.160290718078613
7	116.47059	59.761406	278.0	37.0	62.17296	22.429388	114.10973	10.893836	116.47059	14737.416	0.46054426	25.452595	2.1665838	26.464901	-4.19052	25.302704	0.15325932	25.588877	24.072872	2.3663045e-08	-0.0051702308	-2.861023e-09	-0.023699924	978.0116	-120.84125	358.43942	-5.269867	0	0	79.0	0.92781156	0.0029394012	32000	18.539358615875244
8	112.942856	61.156914	336.0	46.0	72.674126	37.19599	180.68031	5.839929	112.942856	17294.904	0.480414	28.525013	2.5671961	29.437738	-7.338649	26.117453	0.10259686	26.31754	25.622198	4.583597e-08	-0.0040269536	1.87397e-07	-0.022982217	827.8279	-70.52771	649.1264	-25.791565	0	0	79.0	0.911891	0.0039988514	36000	20.898271799087524
9	184.4762	104.99144	447.0	65.0	60.36205	27.981552	135.83052	24.180159	184.4762	18566.691	0.4641673	31.275444	1.2080803	31.63547	11.885072	27.85434	0.07737998	28.01703	27.392668	3.194809e-08	-0.0026741805	-6.484986e-08	-0.01700445	1509.7008	-163.21667	344.85013	-14.541809	0	0	79.0	0.9350657	0.002382957	40000	23.25815176963806
10	173.13043	95.47288	429.0	51.0	60.850536	34.77986	145.62103	8.842499	173.13043	19966.273	0.45377895	34.439407	0.8493141	34.650097	20.86103	26.697285	0.10034028	26.907234	26.085415	-7.140636e-08	-0.004221798	1.7166137e-08	0.029995698	1231.3925	-104.4613	348.8775	-8.025879	0	0	79.0	0.9350767	0.0032793242	44000	25.707216501235962
11	360.36365	241.74828	1000.0	112.0	74.8663	33.77835	143.3753	30.91588	360.36365	20789.896	0.43312284	35.873783	3.0047667	36.95775	-2.2415373	25.586355	0.30318046	26.10232	23.756857	-6.055832e-08	-0.0038031114	-2.7656554e-08	-0.00063931156	2343.1455	-344.95874	280.7729	-39.50865	0	0	79.0	0.90189207	0.0032070437	48000	28.09617304801941
12	372.0	202.44951	844.0	190.0	55.930786	26.367476	125.19253	34.646248	372.0	21378.137	0.411118	40.06433	0.12640719	40.111324	38.347084	23.153643	1.295695	24.413618	10.179306	-2.026558e-09	-0.0022789782	-7.6293944e-08	-0.003756186	1898.6746	-175.82874	162.84131	-53.391228	0	0	79.0	0.8915453	0.0048405137	52000	30.468308448791504
13	514.7143	280.55032	1000.0	212.0	71.37342	45.49881	161.95372	27.630033	514.7143	21928.518	0.39158067	42.637627	0.11622806	42.69472	41.454212	19.40383	3.325447	22.553663	-8.455338	4.2438508e-08	-0.0033037844	7.343292e-08	-0.03291634	2155.3047	-202.96155	275.26465	-53.185486	0	0	9.0	0.8835983	0.011765028	56000	32.58963084220886
14	384.7	177.492	595.0	88.0	68.25727	12.602377	88.37801	42.585342	384.7	22618.37	0.37697282	45.15417	0.21838786	45.286266	42.96823	14.5541115	3.971738	20.701464	-6.5598893	-4.9352646e-08	-0.0022328936	-3.051758e-08	-0.011220501	1640.8455	-119.62598	113.66475	-21.468697	0	0	5.0	0.8829996	0.012970659	60000	34.72691822052002
15	755.8	284.0186	1000.0	237.0	30.79776	5.522406	39.10208	24.273514	755.8	22789.514	0.35608616	47.23003	0.03644453	47.254456	46.744442	15.414549	0.9459313	17.639433	11.045554	6.03199e-08	-0.006217085	1.4567375e-07	0.014605304	2097.3474	-191.30896	142.91785	-120.31537	0	0	16.0	0.88281685	0.01293323	64000	36.94112420082092
16	277.64285	164.78973	646.0	82.0	72.831566	37.559196	159.67804	34.183407	277.64285	23828.326	0.35041657	49.54004	0.23013401	49.608063	45.457363	6.7582016	1.7452148	10.392897	1.178699	-2.4139881e-08	-0.0020699727	3.9196016e-07	-0.0145229595	1142.1896	-52.85193	489.27826	-134.8778	0	0	79.0	0.8831338	0.003353373	68000	39.42742300033569
17	273.7143	216.94714	1000.0	94.0	57.207333	21.00399	124.667755	35.547756	273.7143	24640.863	0.34223422	50.787777	0.31988338	50.867035	45.812397	14.627103	0.3827472	15.726887	12.873643	-1.168251e-08	-0.004931595	-5.1021576e-08	-0.023886278	1120.4397	-49.5802	182.7704	-5.712494	0	0	79.0	0.882561	0.0036180862	72000	41.844085931777954
18	622.1667	331.3213	1000.0	139.0	62.459797	13.803654	79.71845	39.943893	622.1667	25040.855	0.32948494	51.854187	1.0660205	52.019875	26.474524	15.901141	0.65543354	17.26489	12.673245	-1.6450882e-08	-0.0042992793	4.029274e-08	-0.006336428	1670.7502	-138.14172	110.762215	-38.566635	0	0	79.0	0.90730476	0.0043754694	76000	44.25763154029846
19	791.75	208.31752	1000.0	576.0	63.097176	19.207693	93.70944	44.28808	791.75	25344.871	0.31681088	53.92935	0.081597574	53.965904	53.129513	11.684738	0.25178713	12.356568	10.182614	5.0544738e-08	-0.002732775	-1.052022e-07	-0.0119744465	1676.8538	-152.83313	76.878075	-20.785164	0	0	79.0	0.90608007	0.0026539392	80000	46.66467213630676
20	1000.0	0.0	1000.0	1000.0	26.331032	10.958442	43.94059	14.479633	1000.0	25450.195	0.30297852	56.01719	0.050849594	56.04086	55.474045	8.346347	0.6025413	9.866599	6.3810325	-2.477169e-07	-0.0017951309	9.006262e-08	0.001073364	1646.5802	-162.19312	31.635483	-25.49947	0	0	79.0	0.92697346	0.0025323364	84000	49.163084983825684
21	1000.0	0.0	1000.0	1000.0	29.395706	13.090684	42.885414	13.127874	1000.0	25567.777	0.29054293	58.12717	0.022640921	58.139503	57.876694	4.3766584	0.81661034	7.001167	1.774132	-6.153584e-07	-0.0015546732	1.4305115e-09	0.0007119775	1492.5396	-143.73206	9.186283	-1.9144669	0	0	79.0	0.9231827	0.0049089137	88000	51.53516221046448
22	1000.0	0.0	1000.0	1000.0	38.470547	20.829117	73.38586	20.00759	1000.0	25721.66	0.27958328	60.048744	0.0914374	60.093548	59.35705	2.9757514	0.97401446	5.42745	0.4986336	5.581379e-07	-0.0022625974	-1.168251e-08	0.014318175	1359.1293	-129.22424	21.547586	-6.831744	0	0	8.0	0.91489714	0.014447252	92000	53.646697998046875
23	186.3	69.34126	326.0	99.0	82.644806	25.960043	135.62045	36.17497	186.3	27395.955	0.28537452	61.915382	0.006591831	61.918304	61.83035	3.464249	0.90754753	6.0620766	0.75021243	5.2452087e-09	-0.0028292376	8.511543e-08	-0.04058346	690.06964	0.32629395	913.5665	-548.29675	0	0	79.0	0.914632	0.0040106187	96000	56.06091046333313
24	346.18182	211.57198	752.0	105.0	57.94952	24.416702	107.26676	18.445454	346.18182	28036.24	0.2803624	61.970192	0.0042260825	61.973877	61.946915	17.571558	1.2708101	20.469326	13.595339	1.8239021e-08	-0.0034303383	-2.1648407e-07	-0.028370779	870.7024	-14.9592285	176.09935	-20.526306	0	0	79.0	0.9117358	0.0028591533	100000	58.46862244606018
25	867.0	230.36276	1000.0	468.0	47.5605	10.286818	65.119	39.662056	867.0	28267.559	0.27180344	62.566307	0.0092130555	62.57028	62.447693	15.469816	1.611225	18.973694	7.9814262	1.1575222e-07	-0.0014628571	2.2602082e-07	-6.39863e-05	1132.7135	-96.80151	95.80466	-66.454544	0	0	10.0	0.9299383	0.014057029	104000	60.607303857803345
26	769.2	331.23187	1000.0	150.0	45.55878	19.681316	62.548412	19.114895	769.2	28550.81	0.26435935	64.15314	0.00948408	64.15781	64.03897	9.868973	1.9474242	14.737698	2.6903	-2.503395e-08	-0.0022060582	-4.673004e-08	-0.012439409	1031.503	-83.86133	61.40804	-11.553444	0	0	79.0	0.9306139	0.005220215	108000	63.00748944282532
27	745.2	313.76004	1000.0	297.0	56.406425	33.441296	107.17571	13.801788	745.2	28839.92	0.25749928	65.68606	0.009734293	65.69246	65.609116	7.076669	2.1585312	12.647555	1.0202935	6.0796737e-09	-0.0050732903	-2.6226044e-09	-0.0120280655	920.1225	-64.72174	59.41483	-3.0032692	0	0	79.0	0.9227534	0.0044120415	112000	65.40427708625793
28	1000.0	0.0	1000.0	1000.0	31.097057	22.372168	67.56215	7.1069183	1000.0	28964.309	0.24969232	67.04345	0.0043242974	67.04731	67.01022	6.651198	2.0897894	12.245474	0.8814197	-3.5238267e-07	-0.0042125853	1.3321637e-07	0.0092095705	924.56055	-91.94794	20.98916	-10.65819	0	0	79.0	0.92965585	0.0058025625	116000	67.78487229347229
29	1000.0	0.0	1000.0	1000.0	26.331608	9.04194	39.6074	14.1104965	1000.0	29069.635	0.24224696	68.63581	0.0017612067	68.63797	68.623024	4.4174786	1.6571012	9.247358	-1.0287359	-1.7642975e-08	-0.004592443	3.0994416e-09	-0.0022243038	837.3916	-85.1474	7.265972	-3.2907016	0	0	79.0	0.936517	0.003916286	120000	70.15082216262817
30	1000.0	0.0	1000.0	1000.0	28.935688	2.119215	32.437584	27.208645	1000.0	29185.377	0.23536594	70.184456	0.0025408755	70.18686	70.16075	2.8011093	1.9445294	7.8224688	-3.1560671	1.5749931e-06	-0.0013624193	-1.180172e-08	-0.011458053	756.7477	-77.176575	6.5320287	-0.621511	0	0	79.0	0.90534866	0.0045437706	124000	72.63638520240784
31	1000.0	0.0	1000.0	1000.0	15.290545	0.75537	16.401535	14.269806	1000.0	29246.54	0.22848858	71.660934	0.0021159658	71.66372	71.64579	2.1502337	1.4286281	6.2091613	-2.5932984	-5.619526e-07	-0.0026371235	3.8146974e-09	-0.023265388	683.6503	-70.16644	3.2639203	-0.6875353	0	0	6.0	0.90632796	0.014072586	128000	74.74284291267395
32	1000.0	0.0	1000.0	1000.0	7.753624	3.0619297	12.271827	4.3686075	1000.0	29277.553	0.22179964	73.07216	0.003567367	73.0769	73.042435	0.9131607	1.3679233	7.331562	-4.320904	-5.8650972e-08	-0.0021421236	-9.536744e-10	0.00022506333	617.2547	-63.939575	2.2704165	-0.42095315	0	0	79.0	0.90529966	0.005741989	132000	77.11783719062805
33	1000.0	0.0	1000.0	1000.0	5.394785	0.9818363	6.586407	4.036781	1000.0	29299.133	0.2154348	74.42852	0.0018526268	74.431755	74.41923	0.91120297	0.9137346	3.9272974	-1.438894	-2.0313263e-07	-0.0023539714	1.525879e-08	-0.002192978	556.6379	-58.33145	0.94183934	-0.22358859	0	0	79.0	0.91074115	0.0052579106	136000	79.52357387542725
34	1000.0	0.0	1000.0	1000.0	5.1113567	0.69642437	5.960026	4.0204225	1000.0	29319.578	0.20942555	75.73097	0.0024298774	75.734276	75.71412	0.565624	1.0108993	3.4733422	-2.5464973	4.7945974e-07	-0.0016314287	2.861023e-09	0.00011402536	501.3814	-53.26584	0.9950906	-0.21531343	0	0	79.0	0.9211613	0.00461351	140000	81.91782236099243
35	801.0	344.6781	1000.0	204.0	8.615715	2.0689776	10.622839	5.3614707	801.0	29362.521	0.2039064	76.98491	0.0026879585	76.98835	76.96147	0.5882228	1.0195149	3.8228197	-2.9237728	-1.45435335e-08	-0.0051066796	-9.536743e-09	-0.0012398949	472.73984	-39.63745	1.5138496	-0.28144932	0	0	79.0	0.9232813	0.005781991	144000	84.30786991119385
36	1000.0	0.0	1000.0	1000.0	6.0579076	0.38692716	6.540323	5.459026	1000.0	29386.752	0.19855914	78.08385	0.0021416761	78.0872	78.07341	0.66492164	0.77078825	3.1586974	-1.3173311	6.155968e-07	-0.003011001	3.9339065e-09	-0.00047050297	408.87646	-44.561646	0.73442113	-0.0832324	0	0	79.0	0.9391762	0.0035109196	148000	86.70111536979675
37	1000.0	0.0	1000.0	1000.0	7.5420184	2.8119824	11.403074	4.456813	1000.0	29416.92	0.19353236	79.245964	0.0028041378	79.24978	79.22926	0.469015	0.8401164	3.100088	-1.9719809	1.835823e-07	-0.0016359503	-3.4570693e-09	0.0039685476	366.66522	-41.175964	1.0194862	-0.12577099	0	0	79.0	0.9113605	0.003683763	152000	89.10375094413757
38	931.5	118.64548	1000.0	726.0	11.651863	1.5413704	12.837544	9.002369	931.5	29470.309	0.18891223	80.38169	0.003634142	80.38526	80.34839	0.8761501	0.9131882	3.5214062	-2.0313115	-1.835823e-08	-0.0053600203	-9.6261505e-09	0.0037639998	354.90338	-28.412445	1.5524132	-0.1485138	0	0	79.0	0.8933384	0.005501817	156000	91.51028394699097
39	1000.0	0.0	1000.0	1000.0	10.32504	0.5596552	10.918184	9.40548	1000.0	29511.61	0.18444756	81.344986	0.0024103138	81.34799	81.33219	1.0449607	0.84520584	3.2731025	-1.248578	-5.0377844e-07	-0.002608642	1.5079975e-08	-0.0075071235	296.25345	-34.27588	0.8771512	-0.044852853	0	0	79.0	0.9050341	0.006124237	160000	93.90973401069641
40	1000.0	0.0	1000.0	1000.0	7.670916	2.6021175	11.652102	4.645782	1000.0	29542.293	0.18013594	82.39638	0.0032399457	82.40043	82.37511	0.53138953	0.8216484	2.9452033	-1.8004506	-6.437302e-08	-0.0023394302	-7.1525574e-10	-0.00536138	263.79715	-31.678024	0.9176085	-0.058007658	0	0	79.0	0.9315797	0.0047834595	164000	96.39631724357605
41	1000.0	0.0	1000.0	1000.0	10.667679	3.756455	14.61652	6.1306014	1000.0	29584.963	0.17610097	83.42739	0.0055916766	83.43249	83.372925	0.46296245	0.9735918	3.1817899	-2.6953554	1.6617776e-07	-0.0019368822	7.1525574e-10	-0.0007750176	233.80463	-28.726883	3.3869507	-0.50106645	0	0	79.0	0.930276	0.0041433927	168000	98.78422570228577
42	1000.0	0.0	1000.0	1000.0	24.448885	7.738705	37.255318	17.3966	1000.0	29682.758	0.17257418	84.41787	0.016695336	84.427475	84.166405	0.4990601	1.0089697	3.5918477	-3.1439779	2.169609e-08	-0.0019031541	1.8656253e-08	0.00054915587	206.70403	-26.027374	14.280917	-2.953846	0	0	79.0	0.93976593	0.0017660699	172000	101.16581797599792
43	1000.0	0.0	1000.0	1000.0	21.704472	6.2669215	31.653791	15.230652	1000.0	29769.576	0.16914532	85.378136	0.01743805	85.38608	85.08194	2.0149205	0.652602	4.0436597	-0.5424052	5.698204e-08	-0.002004079	-5.9604643e-10	0.0063179377	182.00922	-23.491684	8.387256	-0.38318443	0	0	79.0	0.91661257	0.00481092	176000	103.5581202507019
44	1000.0	0.0	1000.0	1000.0	21.765787	10.224	38.06263	9.819053	1000.0	29856.639	0.16587022	86.30418	0.0070782234	86.30941	86.23326	2.158419	0.5887599	4.0537806	0.50309384	-1.3995171e-07	-0.0032401285	-2.2053719e-08	0.00068947754	159.67346	-21.138336	5.355839	-0.18787003	0	0	79.0	0.9279531	0.0037818828	180000	105.94112062454224
45	587.0	145.25266	831.0	392.0	35.115112	14.8555355	54.46887	10.61251	587.0	30092.16	0.16354434	87.18515	0.03403557	87.19775	86.83144	1.7388792	0.56148887	3.359763	0.0023527965	6.0796737e-09	-0.00703931	-3.1352045e-08	-0.0011800617	518.0588	-35.734436	20.700994	-9.132032	0	0	79.0	0.92645377	0.004746468	184000	108.33371067047119
46	917.5	142.8942	1000.0	670.0	28.91577	2.6888304	33.06073	25.657736	917.5	30227.7	0.16078563	86.954956	1.6095492	87.14381	20.808582	4.7357574	0.43854594	6.05222	3.4845362	-8.5830685e-09	-0.007372775	1.6868114e-08	0.013702691	206.5151	-16.34346	10.776875	-2.5968218	0	0	7.0	0.9434138	0.015921695	188000	110.46209859848022
47	981.5	32.04294	1000.0	926.0	39.693214	8.129815	53.045696	31.321669	981.5	30388.94	0.15827572	87.747986	0.03638288	87.76013	87.12467	3.5863545	0.61268604	5.3296824	1.9502637	-1.4662743e-08	-0.0041125	5.736947e-09	0.00023971425	193.42705	-11.60968	7.5568323	-0.31784105	0	0	79.0	0.943508	0.0053216936	192000	112.8602933883667
48	1000.0	0.0	1000.0	1000.0	31.52615	14.05842	55.134186	20.640604	1000.0	30515.043	0.155689	88.43758	0.082111284	88.452225	86.63879	3.5057416	0.605932	5.1485786	1.2872393	-5.4216383e-07	-0.0033019038	4.23193e-09	0.003957643	113.842186	-16.722198	10.278778	-0.596159	0	0	79.0	0.94104445	0.006335391	196000	115.27299189567566
49	967.0	57.157677	1000.0	868.0	82.72134	34.150146	128.9805	48.016228	967.0	30858.049	0.15429024	89.27934	0.043560576	89.28573	87.65478	3.1254525	0.6039092	4.7117677	0.9728526	3.8146974e-09	-0.001587687	-8.9883805e-08	-0.002745586	169.29387	-8.820801	102.29559	-16.060982	0	0	8.0	0.90254664	0.01830547	200000	117.41260719299316
50	802.0	342.94604	1000.0	208.0	47.024483	5.65304	54.813107	39.429405	802.0	31059.709	0.15225348	89.91823	0.0063450234	89.92118	89.7839	6.5388947	1.034822	9.557133	3.472671	9.298325e-09	-0.0041860198	-3.7789345e-08	-0.013494379	164.04207	-7.9690094	19.003387	-3.1066952	0	0	79.0	0.9027795	0.0041187136	204000	119.89693355560303
51	918.25	141.59515	1000.0	673.0	25.33732	6.005478	33.75236	17.18763	918.25	31170.242	0.14985694	90.51756	0.018990055	90.5236	90.180336	4.513543	1.2578179	8.333887	-0.02292911	1.0967255e-08	-0.0034841334	-1.2695789e-08	-0.01768977	152.97191	-6.422165	6.709162	-3.6356823	0	0	9.0	0.9124874	0.014198643	208000	122.03577733039856
52	1000.0	0.0	1000.0	1000.0	12.985331	3.3025227	16.873655	8.655565	1000.0	31222.184	0.14727445	91.0694	0.013904408	91.076416	90.83398	2.3034086	1.0242014	5.474318	-0.47384718	-3.6501885e-07	-0.0028266665	9.536743e-09	0.0013951516	67.889725	-11.177059	2.8735962	-1.3291512	0	0	79.0	0.913345	0.004175686	212000	124.47020244598389
53	1000.0	0.0	1000.0	1000.0	24.791088	5.370891	30.140368	17.748272	1000.0	31321.348	0.14500624	91.794846	0.02227738	91.80336	91.31316	1.3544934	0.88041085	3.5818133	-1.2603635	-2.7561188e-07	-0.0020732135	1.9073487e-09	0.01263462	57.308094	-10.027985	6.4097695	-0.44011116	0	0	7.0	0.91342306	0.012568731	216000	126.59444737434387
54	1000.0	0.0	1000.0	1000.0	29.38716	7.765131	39.30688	19.373838	1000.0	31438.896	0.14290407	92.51312	0.004093568	92.51536	92.447365	2.3451445	0.6304469	4.209919	0.54627913	-1.3823509e-06	-0.0034837942	-3.8146974e-09	-0.0027750079	47.7161	-8.598042	5.3304524	-0.14268875	0	0	79.0	0.912762	0.0063127964	220000	128.9848337173462
55	853.75	253.31242	1000.0	415.0	38.723312	4.594023	44.53589	33.28044	853.75	31612.67	0.14112799	93.18276	0.008596816	93.18597	93.01771	2.6826146	0.82264155	5.6711807	0.37430227	1.0251999e-08	-0.0068969075	-6.7353247e-09	-0.02667542	129.45604	-2.8584747	10.17055	-1.6932573	0	0	5.0	0.9030313	0.018297518	224000	131.11213541030884
56	1000.0	0.0	1000.0	1000.0	10.203379	3.458371	15.632325	6.2063665	1000.0	31653.484	0.13883108	93.588295	0.009927295	93.59385	93.45488	3.3474643	0.7060539	5.327685	1.3842862	-9.3626977e-07	-0.0035474133	-1.7881393e-09	-0.0012782003	34.999607	-6.4455357	5.9630246	-4.815699	0	0	79.0	0.9036603	0.007124521	228000	133.5386872291565
57	1000.0	0.0	1000.0	1000.0	10.568284	1.7271421	13.454855	9.15256	1000.0	31695.756	0.13661964	94.17357	0.016822873	94.18128	93.84728	0.921367	0.7015067	2.993131	-1.0337704	-6.9475175e-07	-0.0049008764	-7.1525574e-10	0.002197794	28.895428	-5.7367535	0.8682498	-0.11417419	0	0	79.0	0.93421614	0.0051400606	232000	135.96708989143372
58	1000.0	0.0	1000.0	1000.0	6.253365	2.1939545	8.999524	2.9199834	1000.0	31720.77	0.13441004	94.75578	0.0050618364	94.75911	94.676956	1.2569424	0.450615	2.627969	-0.09098065	-1.6522408e-07	-0.0027109839	-9.775162e-09	0.0010402625	23.410812	-4.7955837	0.80347735	-0.38111895	0	0	79.0	0.9284104	0.0034018534	236000	138.3880796432495
59	1000.0	0.0	1000.0	1000.0	9.951822	2.5341363	14.225112	7.6171355	1000.0	31760.578	0.13233574	95.29292	0.0051611317	95.297165	95.242386	0.5215173	0.51621646	2.0583596	-0.60620767	4.4488908e-07	-0.0024429432	1.5050173e-08	0.0029703386	18.861649	-3.9898148	0.8590266	-0.13791674	0	0	79.0	0.9327031	0.0035046316	240000	140.89657521247864
