Epoch	AverageEpRet	StdEpRet	MaxEpRet	MinEpRet	AverageEpCost	StdEpCost	MaxEpCost	MinEpCost	EpLen	CumulativeCost	CostRate	AverageVVals	StdVVals	MaxVVals	MinVVals	AverageCostVVals	StdCostVVals	MaxCostVVals	MinCostVVals	LossPi	DeltaLossPi	SurrCost	DeltaSurrCost	LossV	DeltaLossV	LossVC	DeltaLossVC	Penalty	DeltaPenalty	StopIter	Entropy	KL	TotalEnvInteracts	Time
0	16.798319	6.8287325	51.0	8.0	0.37455666	0.25061756	1.3681601	0.030807732	16.798319	89.14634	0.022286584854125976	0.005065546	0.22971627	0.5245819	-0.52858543	-0.013802864	0.5764162	1.3764658	-1.3596952	4.2915342e-09	-0.016054813	1.5497208e-09	-0.0013572982	134.1638	-21.895271	0.4175047	-0.383741	0	0	7.0	0.6745263	0.017489262	4000	4.508235931396484
1	21.86188	13.444699	111.0	8.0	0.4421901	0.33691022	1.9073904	0.038514007	21.86188	169.59576	0.021199470520019532	1.2083185	0.12988237	1.6471212	0.66917425	0.22435169	0.015526966	0.27853405	0.11929117	5.8054923e-08	-0.009210786	-1.9818545e-09	-0.00021610771	276.0748	-91.7065	0.06637913	-0.003412813	0	0	10.0	0.69141066	0.013857519	8000	8.639930725097656
2	29.294117	18.584116	115.0	9.0	0.4783486	0.4321655	2.4191923	0.024043353	29.294117	234.75548	0.01956295649210612	5.5592294	0.73448986	7.9284754	2.4357004	0.27087224	0.034893982	0.42923898	0.10266906	3.683567e-08	-0.011659648	-4.1425228e-09	0.0013198415	325.91232	-111.70714	0.10894954	-0.0017084032	0	0	18.0	0.6827607	0.012128992	12000	9.521640300750732
3	35.339287	19.769003	101.0	9.0	0.43250412	0.3922175	1.8491292	0.024965044	35.339287	283.42664	0.01771416473388672	11.619199	0.66958076	13.835813	7.7007995	0.29772517	0.033623885	0.43274972	0.17344533	-7.867813e-09	-0.015510271	1.1771918e-09	0.001865872	257.83884	-52.10707	0.074774206	-0.0028585866	0	0	79.0	0.6623235	0.004528609	16000	13.647499322891235
4	43.65934	22.710901	124.0	13.0	0.5381233	0.47257504	2.0313125	0.030938964	43.65934	332.6943	0.016634715270996095	15.646711	0.88143647	17.52184	10.850386	0.25202325	0.020030461	0.31079465	0.15367639	1.6868114e-08	-0.013362333	-2.1904707e-09	0.0017665733	276.83218	-42.32541	0.12062871	-0.0058133006	0	0	79.0	0.65474945	0.0042612213	20000	17.884175539016724
5	55.69014	24.523394	136.0	14.0	0.79687756	0.62707055	3.535569	0.06852165	55.69014	389.70483	0.016237701416015625	18.461584	2.3496137	21.17421	1.4416798	0.32112524	0.021045947	0.37964857	0.24069083	5.51939e-08	-0.011125036	-8.791685e-10	0.0023461147	319.99124	-49.211	0.1752586	-0.013916329	0	0	79.0	0.6402221	0.005343326	24000	22.059749841690063
6	56.485714	29.113445	150.0	13.0	0.7884476	0.5296643	2.5023847	0.034033943	56.485714	444.99573	0.015892704554966518	21.830029	2.4388232	23.515196	-1.6914203	0.4312337	0.025617268	0.510071	0.335838	6.3180923e-09	-0.00677712	7.0035455e-10	0.0013959832	339.56146	-26.12976	0.10441364	-0.0014123768	0	0	79.0	0.6272389	0.0032212497	28000	26.124472618103027
7	61.66129	32.518948	205.0	18.0	0.8377189	0.52429354	2.4486187	0.050097447	61.66129	498.07935	0.015564979553222657	23.775894	2.7629972	25.286064	-8.082933	0.42396712	0.038130064	0.5395855	0.1989104	1.6212464e-08	-0.008907226	-4.157424e-09	0.0015682989	448.018	-33.891235	0.09055034	-0.00025494397	0	0	79.0	0.6115023	0.0026392995	32000	30.20518732070923
8	87.91111	38.657944	191.0	46.0	1.1098528	0.41633096	2.2207355	0.2662707	87.91111	548.29095	0.015230304294162327	25.535336	4.524242	27.305288	-15.062508	0.43305522	0.031998523	0.52206486	0.26190662	-4.4584276e-08	-0.002099883	3.4570693e-09	0.00045615112	531.28973	-61.66098	0.0673997	-0.0023322701	0	0	79.0	0.6078567	0.0021595997	36000	34.30498814582825
9	75.18868	32.531006	167.0	12.0	1.1881094	0.46452013	1.9549603	0.16012783	75.18868	611.2947	0.015282366943359375	28.249866	4.8086824	29.986765	-12.969363	0.47226512	0.02254403	0.5370591	0.333661	6.6757204e-09	-0.0042575626	-1.7285346e-09	0.0006985323	351.27643	-14.281677	0.108226374	-0.009997033	0	0	79.0	0.59693503	0.0019037533	40000	38.34522485733032
10	81.416664	24.699724	140.0	34.0	1.1018919	0.36977622	1.8567165	0.39273757	81.416664	665.3178	0.015120859319513494	29.537066	5.5364084	31.307598	-17.54158	0.56610084	0.049896777	0.687645	0.31544724	-5.00679e-09	-0.0032338833	1.4901161e-09	0.0009358431	308.8249	-8.47168	0.072779745	-0.003704667	0	0	79.0	0.588521	0.002312651	44000	39.89543175697327
11	96.60976	34.54575	212.0	45.0	1.3055333	0.44558725	3.1285684	0.5954711	96.60976	719.00433	0.014979256947835286	30.751602	5.0859427	32.339214	-13.949319	0.5130871	0.061214015	0.6803028	0.16134502	3.170967e-08	-0.0017029219	-1.9073487e-09	-0.00014872465	439.71582	-26.313751	0.10288119	-0.0040946975	0	0	79.0	0.590779	0.0020591316	48000	44.46297550201416
12	89.681816	34.866478	191.0	40.0	1.260379	0.45618683	2.8422422	0.10359883	89.681816	774.8579	0.014901113656850961	32.332542	6.354661	34.122414	-21.91748	0.5451134	0.06508627	0.72946393	0.21686389	-2.169609e-08	-0.0028070787	-2.384186e-10	0.0006677285	392.2486	-10.808655	0.09291107	-0.0038537309	0	0	79.0	0.5749915	0.0012033837	52000	48.83266735076904
13	115.94118	49.626812	243.0	53.0	1.2583534	0.46327773	2.2702055	0.423758	115.94118	817.8351	0.014604197910853794	33.981445	5.1926093	35.30526	-22.242594	0.5751256	0.050246824	0.6608464	0.25636753	2.5808811e-08	-0.0014352434	-1.8775463e-09	0.00019670752	595.7205	-42.41095	0.099276215	-0.011771105	0	0	79.0	0.5759427	0.002249538	56000	52.923725605010986
14	107.25	40.386585	208.0	18.0	1.2509618	0.43436718	2.1517818	0.48045292	107.25	863.3872	0.014389786783854167	36.83772	3.7246938	37.569633	-13.360607	0.46999574	0.053623572	0.58385706	0.04658033	5.4836273e-09	-0.0018984062	-2.5629998e-09	0.0004639174	491.46536	-15.327484	0.06808939	-0.004464127	0	0	79.0	0.57148236	0.001690015	60000	57.02483057975769
15	118.030304	43.387253	255.0	56.0	1.5234708	0.59142935	3.1803997	0.7084027	118.030304	914.2033	0.01428442668914795	37.854404	5.3212233	38.977238	-24.769669	0.51429796	0.0728254	0.6593618	0.11722308	-7.987023e-09	-0.002046722	-2.9802322e-10	0.0007723505	513.5067	-17.837952	0.11332931	-0.0041341335	0	0	79.0	0.5631666	0.0016893958	64000	61.1573212146759
16	141.37038	75.625374	400.0	58.0	1.4153605	0.40704435	2.2362075	0.7553523	141.37038	953.1205	0.014016477697035845	39.363155	5.4224787	40.462402	-25.009296	0.57045096	0.08984226	0.7436568	0.10661004	4.2915342e-09	-0.0029989355	-2.384186e-10	0.00041589508	772.82227	-56.515015	0.091724604	-0.010883875	0	0	79.0	0.5690188	0.0020649552	68000	65.2637209892273
17	137.82143	81.64254	374.0	61.0	1.6762577	0.590769	2.9594903	0.70577765	137.82143	1001.03406	0.013903250800238715	42.00217	5.0993414	43.00818	-25.311031	0.46340394	0.08834174	0.63810784	-0.079178944	-1.5974045e-08	-0.007400651	-7.1525574e-10	-0.00042850233	747.46875	-33.564148	0.13553599	-0.013968222	0	0	41.0	0.5617364	0.01233478	72000	69.38892316818237
18	90.39535	40.014614	222.0	11.0	1.3188801	0.53235567	2.9378276	0.21010281	90.39535	1059.6945	0.013943348131681743	43.11993	8.567963	44.968597	-34.128593	0.55957603	0.07934166	0.618003	0.047422774	-1.3589859e-08	-0.0034723314	-3.9935113e-09	0.0009871932	449.47406	-13.614563	0.12266903	-0.0047812313	0	0	79.0	0.5764126	0.003524916	76000	70.87499642372131
19	105.1579	40.169067	196.0	48.0	1.5388197	0.45701793	2.4101796	0.58627665	105.1579	1118.1721	0.013977151489257813	41.4869	8.961919	44.270683	-29.887964	0.58252156	0.08188082	0.72970986	0.12991482	2.6226044e-09	-0.0035554601	-6.392598e-09	0.0010106032	401.55637	-4.885437	0.10209427	-0.013586476	0	0	79.0	0.5654578	0.0026244333	80000	75.21283197402954
20	123.90625	70.483315	427.0	63.0	1.520149	0.5517609	3.302419	0.73293275	123.90625	1167.3816	0.01389739990234375	41.951633	7.5811005	44.13368	-19.702377	0.62377495	0.11965735	0.83630913	-0.10898266	-1.3351441e-08	-0.0031621489	-6.556511e-10	0.0006397813	590.917	-9.980591	0.1395141	-0.008683383	0	0	79.0	0.5724072	0.001463517	84000	79.67921853065491
21	162.66667	80.694214	402.0	57.0	1.6891226	0.5966321	2.9642522	0.8950515	162.66667	1209.1213	0.013740015203302557	43.65988	5.7608266	45.12121	-15.406764	0.557512	0.088092834	0.6430467	0.01431202	2.0861626e-09	-0.007887163	1.0430813e-09	-0.0006897141	749.32025	-48.718323	0.10223147	-0.0011698902	0	0	39.0	0.57098943	0.012391873	88000	83.8499813079834
22	112.14706	46.43473	245.0	48.0	1.3925711	0.48704085	2.445922	0.37200037	112.14706	1257.1328	0.013664487092391304	45.393406	7.8550706	47.319576	-23.565836	0.52502674	0.10818799	0.65273404	-0.10881467	1.34706495e-08	-0.0032911752	-2.9802323e-09	0.0005358667	488.73642	-10.001862	0.09511904	-0.0011254176	0	0	79.0	0.5990503	0.004694752	92000	88.19139242172241
23	116.52941	42.300213	219.0	54.0	1.4433374	0.5125888	2.849054	0.62260306	116.52941	1306.3107	0.013607402801513672	43.58994	11.0557	47.47009	-23.669205	0.5437987	0.09724602	0.6669595	-0.12964243	5.722046e-09	-0.0034533115	1.0579825e-09	0.0006173526	391.78625	-6.905426	0.10456956	-0.0032570884	0	0	79.0	0.5797563	0.0036001883	96000	92.56826591491699
24	164.20833	83.7541	433.0	56.0	1.5251083	0.39476332	2.4267747	0.7683567	164.20833	1343.6929	0.0134369287109375	43.4525	10.116976	47.50651	-15.078884	0.5757198	0.092604995	0.7195762	0.09039136	-4.2915342e-09	-0.0051130936	-9.23872e-10	0.00034346076	637.59705	-49.23932	0.10436691	-0.017251864	0	0	79.0	0.5738667	0.00412995	100000	97.19719052314758
