Epoch	AverageEpRet	StdEpRet	MaxEpRet	MinEpRet	AverageEpCost	StdEpCost	MaxEpCost	MinEpCost	EpLen	CumulativeCost	CostRate	AverageVVals	StdVVals	MaxVVals	MinVVals	AverageCostVVals	StdCostVVals	MaxCostVVals	MinCostVVals	LossPi	DeltaLossPi	SurrCost	DeltaSurrCost	LossV	DeltaLossV	LossVC	DeltaLossVC	Penalty	DeltaPenalty	StopIter	Entropy	KL	TotalEnvInteracts	Time
0	15.079246	9.103458	62.0	4.0	0.0	0.0	0.0	0.0	15.079246	0.0	0.0	-0.001617165	0.1097978	0.4738652	-0.4279919	0.002982931	0.15025283	0.49143705	-0.5207575	-6.198883e-09	-0.018107539	7.4505807e-10	-0.00014882842	157.75325	-20.650452	0.022594322	-0.022551145	0	0	5.0	0.9189385	0.01763478	4000	5.010788440704346
1	19.578432	12.307289	76.0	6.0	0.0	0.0	0.0	0.0	19.578432	0.0	0.0	1.0699428	0.6336586	3.678158	-2.0131788	0.00013882213	0.0030141575	0.021255048	-0.032407723	6.079674e-08	-0.017016253	4.4703484e-11	-1.3020812e-05	230.46819	-76.86307	9.098324e-06	-3.6904548e-06	0	0	7.0	0.9172345	0.017400306	8000	9.789622068405151
2	26.125	13.720093	70.0	5.0	0.0	0.0	0.0	0.0	26.125	0.0	0.0	4.9726768	0.27978384	5.770553	3.884148	0.00031957065	0.0025658251	0.03819482	-0.019261159	-3.2663344e-08	-0.0173457	-6.5192582e-12	-3.8791914e-06	207.20108	-81.93671	6.6805583e-06	-1.1349848e-06	0	0	8.0	0.91504675	0.014829905	12000	14.722544431686401
3	34.042736	18.803705	111.0	9.0	0.0	0.0	0.0	0.0	34.042736	0.0	0.0	10.413597	0.53560245	11.997525	7.2966104	-0.00026921046	0.0033232332	0.043056555	-0.034104332	4.9591065e-08	-0.01971976	2.514571e-11	-6.029618e-06	251.9006	-60.167328	1.1123497e-05	-2.5201962e-06	0	0	79.0	0.91274863	0.008177973	16000	20.03927183151245
4	48.47561	23.293056	130.0	6.0	0.0	0.0	0.0	0.0	48.47561	0.0	0.0	14.737146	1.0819689	16.93465	9.245845	0.00022745827	0.004465512	0.031291906	-0.033472043	3.218651e-08	-0.015464859	-7.450581e-12	1.7224278e-05	320.60855	-63.686462	1.9993775e-05	-9.337061e-06	0	0	79.0	0.9050652	0.006207407	20000	24.997982025146484
5	70.80357	29.730587	164.0	18.0	0.0	0.0	0.0	0.0	70.80357	0.0	0.0	18.925508	0.3369359	19.75443	17.358067	1.0746025e-05	0.0033216737	0.029124381	-0.024946688	3.1232833e-08	-0.008308496	-1.3969838e-11	4.3367495e-06	495.84848	-91.031006	1.1029746e-05	-3.5304265e-06	0	0	79.0	0.898173	0.00482133	24000	30.0804386138916
6	76.69231	34.38109	180.0	13.0	0.0	0.0	0.0	0.0	76.69231	0.0	0.0	21.770601	2.265706	23.605536	8.586134	3.5098332e-05	0.0024235344	0.020326098	-0.028513886	1.8119811e-08	-0.0077500152	5.820766e-12	6.7422407e-06	493.1337	-75.851074	5.8802048e-06	-1.6401241e-06	0	0	79.0	0.89645725	0.0035301843	28000	34.84904932975769
7	84.914894	30.899858	155.0	21.0	0.0	0.0	0.0	0.0	84.914894	0.0	0.0	24.123327	4.3444867	26.257036	-10.258058	-6.708637e-05	0.0021791407	0.019347457	-0.015765075	1.45435335e-08	-0.0077601657	-1.44355e-11	-6.5579593e-06	452.75867	-48.739166	4.759713e-06	-1.5799999e-06	0	0	79.0	0.9044859	0.0051125055	32000	38.82881808280945
8	101.53846	41.72858	289.0	61.0	0.0	0.0	0.0	0.0	101.53846	0.0	0.0	26.727837	3.6839972	28.328756	-8.416496	-5.4213655e-05	0.0016707327	0.016721673	-0.013729401	-4.4226645e-08	-0.0069530895	-2.4214387e-11	-1.921767e-06	597.9354	-61.803406	2.793262e-06	-7.0410147e-07	0	0	79.0	0.92314863	0.0038953037	36000	44.041603565216064
9	134.89655	75.035324	323.0	44.0	0.0	0.0	0.0	0.0	134.89655	0.0	0.0	29.736664	3.055434	30.59526	-8.109055	-1.957447e-05	0.0014698963	0.014764352	-0.008874412	2.3126603e-08	-0.0050923876	-3.2596291e-12	-4.4100084e-06	1074.4856	-120.884705	2.1640394e-06	-5.138189e-07	0	0	79.0	0.93205655	0.004162955	40000	49.794862270355225
10	123.625	50.33994	236.0	29.0	0.0	0.0	0.0	0.0	123.625	0.0	0.0	33.207367	0.81562763	33.45635	19.903147	-0.000102799015	0.0013369429	0.016955366	-0.006536706	9.536743e-09	-0.0074795233	1.1641532e-11	-1.8760543e-06	698.80566	-46.850647	2.2627794e-06	-4.2685997e-07	0	0	79.0	0.95636415	0.0052673323	44000	54.91456627845764
11	247.93333	96.393265	404.0	102.0	0.0	0.0	0.0	0.0	247.93333	0.0	0.0	35.16099	0.33479235	35.292538	30.133526	3.9330476e-05	0.001116919	0.009012561	-0.008188799	-3.027916e-08	-0.004675134	1.1874363e-11	-6.391911e-07	1660.436	-201.3883	1.2491203e-06	-2.0742925e-07	0	0	79.0	0.9813385	0.0033313252	48000	59.82496404647827
12	396.2	294.41562	944.0	31.0	0.0	0.0	0.0	0.0	396.2	0.0	0.0	38.458237	0.3777811	38.620014	33.67664	7.3169153e-06	0.0011588681	0.0066818944	-0.008001204	-1.3518333e-07	-0.004610386	2.7939677e-12	-2.634655e-06	2337.1917	-275.6101	1.3473598e-06	-1.8813773e-07	0	0	9.0	0.9966707	0.0112400055	52000	64.50537848472595
13	656.8	421.56442	1000.0	49.0	0.0	0.0	0.0	0.0	656.8	0.0	0.0	42.036644	0.056036588	42.083553	41.59223	1.8661622e-05	0.0009804628	0.007952223	-0.009167823	-1.476407e-07	-0.0036325282	-3.2014213e-12	-1.3662582e-06	2647.269	-306.34692	1.0155284e-06	-1.3827156e-07	0	0	79.0	0.994853	0.0031378365	56000	68.70297527313232
14	962.5	64.951904	1000.0	850.0	0.0	0.0	0.0	0.0	962.5	0.0	0.0	45.331707	0.034972854	45.371773	45.05486	4.0157305e-05	0.00089883857	0.0062830835	-0.008329458	-1.8692016e-07	-0.0038368937	4.5401976e-12	1.1671028e-06	2427.4956	-256.9546	8.629209e-07	-1.03361344e-07	0	0	79.0	1.0087994	0.004492952	60000	73.7491364479065
15	1000.0	0.0	1000.0	1000.0	0.0	0.0	0.0	0.0	1000.0	0.0	0.0	48.15843	0.009923423	48.17302	48.10297	-2.266398e-05	0.0007379986	0.0059584724	-0.004724877	2.9301643e-07	-0.004368808	-8.498318e-12	1.1712488e-06	2287.8584	-227.75513	5.48491e-07	-5.6223143e-08	0	0	79.0	0.9829501	0.0057142866	64000	78.90386819839478
16	1000.0	0.0	1000.0	1000.0	0.0	0.0	0.0	0.0	1000.0	0.0	0.0	50.662624	0.009493209	50.675087	50.59703	-2.414985e-05	0.000598541	0.0046010357	-0.008114105	-1.0681153e-07	-0.0022140993	2.7939677e-12	-2.537691e-07	2072.133	-193.7439	4.2236613e-07	1.857716e-07	0	0	79.0	0.97229004	0.0042988025	68000	83.97833323478699
17	795.75	353.77136	1000.0	183.0	0.0	0.0	0.0	0.0	795.75	0.0	0.0	52.90003	0.008266749	52.910507	52.857983	0.0003805698	0.00076492154	0.0067287614	-0.0057636206	1.591444e-08	-0.0037944263	7.450581e-12	-1.3615164e-06	1812.3844	-154.28467	7.2287406e-07	-2.4551986e-07	0	0	6.0	0.97321665	0.015184539	72000	88.41152143478394
18	1000.0	0.0	1000.0	1000.0	0.0	0.0	0.0	0.0	1000.0	0.0	0.0	54.852768	0.011052898	54.866276	54.729515	-2.968739e-05	0.0006160944	0.004526856	-0.008794155	6.47068e-07	-0.0011417384	-2.3283064e-12	-9.5621566e-08	1735.0776	-151.15625	3.825106e-07	-8.096359e-08	0	0	9.0	0.97477174	0.01403574	76000	92.88877940177917
19	1000.0	0.0	1000.0	1000.0	0.0	0.0	0.0	0.0	1000.0	0.0	0.0	56.746517	0.0109548485	56.764057	56.669384	-5.7145236e-05	0.00055504165	0.0034011775	-0.0062489873	-4.6277046e-07	-0.002304435	-2.3283064e-12	-1.107566e-07	1592.5016	-137.0393	3.1546858e-07	-5.6774013e-08	0	0	79.0	0.9772005	0.0049639707	80000	97.49461531639099
20	1000.0	0.0	1000.0	1000.0	0.0	0.0	0.0	0.0	1000.0	0.0	0.0	58.548416	0.010186137	58.5611	58.47204	4.625605e-05	0.0006421196	0.0052238	-0.00454896	1.7738343e-07	-0.0022195855	3.2596291e-12	5.032248e-07	1462.6205	-124.27466	4.2164606e-07	-5.2925373e-08	0	0	79.0	0.9892919	0.0046186796	84000	101.51440334320068
21	886.0	197.4538	1000.0	544.0	0.0	0.0	0.0	0.0	886.0	0.0	0.0	60.25106	0.0059340284	60.261642	60.218307	-5.5234657e-05	0.0005871691	0.0057427366	-0.005060331	-9.75132e-08	-0.007444695	1.3969839e-12	3.374716e-06	1272.9764	-99.66919	3.477836e-07	-5.0630376e-08	0	0	25.0	0.9747492	0.013003418	88000	105.97138214111328
22	1000.0	0.0	1000.0	1000.0	0.0	0.0	0.0	0.0	1000.0	0.0	0.0	61.7804	0.005496634	61.789207	61.75493	4.3372416e-05	0.00042316827	0.005723287	-0.0054794713	5.3334236e-07	-0.0029270023	1.8626452e-12	-1.3185493e-06	1243.4685	-104.68652	1.8217993e-07	1.6331184e-07	0	0	79.0	0.97392464	0.006287318	92000	110.69725584983826
23	900.75	100.108376	1000.0	783.0	0.0	0.0	0.0	0.0	900.75	0.0	0.0	63.339706	0.0032002002	63.344215	63.316803	-0.00039499553	0.0005661653	0.005076081	-0.0053287963	-3.6001204e-08	-0.003319182	-6.868504e-12	1.8751423e-07	1078.7255	-76.43799	4.5803787e-07	2.3931108e-08	0	0	79.0	0.97698826	0.004145198	96000	115.68641924858093
24	1000.0	0.0	1000.0	1000.0	0.0	0.0	0.0	0.0	1000.0	0.0	0.0	64.68707	0.0049056374	64.69289	64.66325	0.0003877919	0.0006096467	0.0064473078	-0.0038800342	-1.7046928e-07	-0.002207932	-6.2864275e-12	-1.0805538e-06	1061.5135	-90.18268	4.951909e-07	-1.6335127e-07	0	0	8.0	0.9701129	0.015568777	100000	120.33802223205566
25	798.25	349.44125	1000.0	193.0	0.0	0.0	0.0	0.0	798.25	0.0	0.0	66.13724	0.005242773	66.14259	66.05	3.5867062e-05	0.0007059182	0.0066248686	-0.0040872833	-3.2663344e-08	-0.0039671897	-6.5192582e-12	1.5806033e-06	953.13837	-74.05261	5.0138794e-07	-8.2035854e-08	0	0	9.0	0.9709606	0.014843487	104000	124.81487536430359
26	861.75	239.45602	1000.0	447.0	0.0	0.0	0.0	0.0	861.75	0.0	0.0	67.47455	0.0019823713	67.47789	67.46311	3.153443e-05	0.00076038495	0.008246897	-0.003798224	-1.3303757e-07	-0.0033382187	-3.4924596e-12	2.940773e-06	864.65985	-66.7572	6.0539656e-07	-1.2831089e-07	0	0	9.0	0.9724821	0.012661588	108000	129.2900836467743
27	1000.0	0.0	1000.0	1000.0	0.0	0.0	0.0	0.0	1000.0	0.0	0.0	68.74792	0.001407585	68.7505	68.739334	-4.602216e-06	0.00046609124	0.0035028344	-0.0035606932	-3.2114983e-07	-0.0029917296	-6.6356733e-12	1.1409854e-07	831.417	-73.52478	2.3365605e-07	-3.2783774e-08	0	0	79.0	0.9722683	0.0031425715	112000	133.2358362674713
28	1000.0	0.0	1000.0	1000.0	0.0	0.0	0.0	0.0	1000.0	0.0	0.0	70.085434	0.001190458	70.08768	70.07843	-1.2418809e-05	0.00046827513	0.0041237324	-0.0034047952	4.7898294e-07	-0.0013901863	2.7939677e-12	-3.4674537e-07	761.7734	-68.8244	2.2048238e-07	-2.6776746e-08	0	0	8.0	0.94469225	0.0131726395	116000	137.65329217910767
29	1000.0	0.0	1000.0	1000.0	0.0	0.0	0.0	0.0	1000.0	0.0	0.0	71.39441	0.00089114567	71.396095	71.387955	-8.380987e-06	0.0005051267	0.0032488608	-0.0027369405	-8.72612e-08	-0.004129292	-1.8626452e-12	7.258803e-07	696.5692	-63.806335	2.6978913e-07	-4.2318902e-08	0	0	79.0	0.9432943	0.003918934	120000	142.37219953536987
30	551.3333	329.15378	1000.0	109.0	0.0	0.0	0.0	0.0	551.3333	0.0	0.0	72.66335	0.0012054903	72.66516	72.65669	-1.765744e-05	0.00072314526	0.0041814344	-0.0026639192	6.8545343e-09	-0.004282016	2.3283065e-13	-5.1853687e-07	682.2366	-23.243713	5.2316364e-07	-1.6383416e-07	0	0	79.0	0.9147078	0.0050980393	124000	147.26015257835388
31	1000.0	0.0	1000.0	1000.0	0.0	0.0	0.0	0.0	1000.0	0.0	0.0	73.46697	0.0009059453	73.468735	73.46269	-6.286726e-06	0.00037393218	0.0023146025	-0.003149417	2.2888183e-07	-0.0025992575	-2.561137e-12	1.8888328e-07	599.28986	-55.04724	1.4736781e-07	-2.0454479e-08	0	0	5.0	0.90247476	0.014335912	128000	151.70004796981812
32	822.75	307.006	1000.0	291.0	0.0	0.0	0.0	0.0	822.75	0.0	0.0	74.64674	0.0010770466	74.648895	74.639885	2.5283975e-05	0.00032420483	0.0029670107	-0.0030501299	-2.1457673e-08	-0.0050629578	-8.731149e-13	-5.2128786e-07	551.2162	-43.661377	1.0776444e-07	-2.6611765e-08	0	0	79.0	0.90137416	0.0025067094	132000	156.47181272506714
33	1000.0	0.0	1000.0	1000.0	0.0	0.0	0.0	0.0	1000.0	0.0	0.0	75.740776	0.00087375945	75.74277	75.737625	2.3104198e-05	0.00022210553	0.0014403203	-0.002496531	3.5524369e-07	-0.0020109154	2.3283065e-13	-7.024704e-07	500.97424	-49.436157	4.987987e-08	-6.519251e-09	0	0	79.0	0.8889193	0.0061914483	136000	161.15965485572815
34	1000.0	0.0	1000.0	1000.0	0.0	0.0	0.0	0.0	1000.0	0.0	0.0	76.902374	0.0010836454	76.904205	76.895485	-1.4800406e-05	0.00039475207	0.0037646058	-0.0023070811	2.529621e-07	-0.0024965159	3.4924596e-12	6.980838e-07	454.1475	-46.181885	1.5596099e-07	-2.7199292e-08	0	0	79.0	0.9011744	0.00470469	140000	165.39921712875366
35	580.0	305.07867	1000.0	287.0	0.0	0.0	0.0	0.0	580.0	0.0	0.0	78.04297	0.0015461579	78.04536	78.03132	-8.927904e-06	0.0005602222	0.00458066	-0.0029318614	-3.218651e-08	-0.0044428315	-7.916242e-12	-5.884315e-07	499.87494	-13.799866	3.230605e-07	-1.0446627e-07	0	0	79.0	0.9083301	0.0035926586	144000	170.57138085365295
36	956.0	76.210236	1000.0	824.0	0.0	0.0	0.0	0.0	956.0	0.0	0.0	78.70472	0.0010557385	78.70658	78.69545	1.1322199e-05	0.0002756737	0.0013700798	-0.0019872396	-3.170967e-08	-0.004114413	5.5879355e-12	6.6642076e-07	407.43826	-30.513489	7.64811e-08	-2.0707525e-08	0	0	7.0	0.9080618	0.0159438	148000	175.30622005462646
37	1000.0	0.0	1000.0	1000.0	0.0	0.0	0.0	0.0	1000.0	0.0	0.0	79.63881	0.00089896016	79.64057	79.63417	5.137115e-07	0.00023354733	0.002132239	-0.0016314653	-7.722378e-07	-0.0015737653	-6.2282198e-12	1.0774384e-07	352.91437	-38.29422	5.462989e-08	-7.1096125e-09	0	0	79.0	0.908064	0.0035585766	152000	180.26152539253235
38	1000.0	0.0	1000.0	1000.0	0.0	0.0	0.0	0.0	1000.0	0.0	0.0	80.71412	0.0010119039	80.71565	80.707726	-1.05425015e-05	0.00024982553	0.0014356428	-0.0017256588	8.1777574e-07	-0.0023551343	-3.4924597e-13	-1.6440457e-07	316.6219	-35.58014	6.6799046e-08	-6.340578e-09	0	0	79.0	0.89121926	0.004873704	156000	185.52653217315674
39	1000.0	0.0	1000.0	1000.0	0.0	0.0	0.0	0.0	1000.0	0.0	0.0	81.7698	0.0013493785	81.77158	81.758644	-1.0112696e-05	0.000328584	0.0020689263	-0.002143457	-4.0268898e-07	-0.0019122434	1.8626452e-12	3.004521e-07	282.91022	-32.50731	1.088082e-07	-1.5035894e-08	0	0	6.0	0.8753047	0.014434222	160000	190.52712321281433
40	341.0	116.77095	518.0	144.0	0.0	0.0	0.0	0.0	341.0	0.0	0.0	82.789894	0.00416133	82.79321	82.74191	-5.739859e-06	0.0005894918	0.0038391058	-0.0061781867	1.0848045e-08	-0.004255788	-2.3283065e-13	1.6884997e-06	748.6146	-6.8652344	3.4809977e-07	-1.4557926e-07	0	0	8.0	0.8761132	0.012417836	164000	194.47554111480713
41	1000.0	0.0	1000.0	1000.0	0.0	0.0	0.0	0.0	1000.0	0.0	0.0	82.39614	0.0017501141	82.39849	82.38119	1.5446501e-05	0.00024135242	0.0023143594	-0.0015728243	2.69413e-07	-0.0018552303	2.2700988e-12	4.1074335e-07	263.80237	-26.860611	6.018168e-08	-1.7267723e-08	0	0	79.0	0.87813526	0.0034428972	168000	199.37963032722473
42	550.7143	306.0498	1000.0	152.0	0.0	0.0	0.0	0.0	550.7143	0.0	0.0	83.26472	0.0056466004	83.26925	83.21849	9.741128e-06	0.0005389234	0.0034037975	-0.00407706	7.510185e-09	-0.0044008303	-7.916242e-12	5.6456656e-07	525.8114	-0.88183594	3.095081e-07	-1.2352162e-07	0	0	79.0	0.90282124	0.0041726064	172000	204.4765067100525
43	804.0	339.48196	1000.0	216.0	0.0	0.0	0.0	0.0	804.0	0.0	0.0	83.4972	0.010080285	83.50154	83.22429	-3.8542046e-05	0.00035557064	0.0019143511	-0.0049245106	-2.3007393e-08	-0.0041819275	3.4924597e-13	-4.5807042e-07	280.89038	-19.922455	1.320663e-07	-3.18634e-08	0	0	19.0	0.9321525	0.0133851785	176000	209.38715529441833
44	1000.0	0.0	1000.0	1000.0	0.0	0.0	0.0	0.0	1000.0	0.0	0.0	84.30679	0.0032765241	84.309944	84.2598	3.7891943e-05	0.0001839571	0.0014502645	-0.0011844401	5.7768824e-07	-0.0028110323	-6.9849194e-13	-7.626815e-07	209.64738	-27.337662	3.5608352e-08	9.2442505e-08	0	0	79.0	0.93396735	0.0039771055	180000	214.44006872177124
45	935.75	111.28426	1000.0	743.0	0.0	0.0	0.0	0.0	935.75	0.0	0.0	85.308365	0.0041190996	85.31172	85.26813	-0.0003146705	0.0002723338	0.0017855747	-0.003138849	1.0967255e-08	-0.0051031844	2.561137e-12	1.6676589e-07	234.95627	-16.990952	1.6759725e-07	-1.0490664e-07	0	0	79.0	0.93310606	0.004169506	184000	219.4484360218048
46	1000.0	0.0	1000.0	1000.0	0.0	0.0	0.0	0.0	1000.0	0.0	0.0	86.127144	0.0025059814	86.12993	86.09905	1.969273e-06	0.0002210034	0.0021517475	-0.0015837189	1.0893344e-06	-0.0023878517	1.1641532e-12	-3.0401256e-07	163.83075	-22.398743	5.1796007e-08	-5.58072e-09	0	0	79.0	0.9477664	0.0060974695	188000	224.39120364189148
47	781.6	291.19998	1000.0	272.0	0.0	0.0	0.0	0.0	781.6	0.0	0.0	87.05809	0.0024920828	87.06039	87.036674	7.5774137e-06	0.0002352271	0.0026752	-0.0017499356	-7.629395e-09	-0.0049443236	6.9849194e-13	-2.6154274e-07	267.43472	-7.89447	5.585075e-08	3.170392e-09	0	0	79.0	0.93372345	0.0047582956	192000	228.5229651927948
48	1000.0	0.0	1000.0	1000.0	0.0	0.0	0.0	0.0	1000.0	0.0	0.0	87.64579	0.0023570147	87.64829	87.62413	-7.002327e-05	0.00021796385	0.0010185831	-0.0017840194	-5.402565e-07	-0.0026279634	-1.1641532e-12	4.5201438e-07	129.92337	-18.384132	6.1500614e-08	-1.0350053e-08	0	0	79.0	0.9402994	0.0032011443	196000	233.7822425365448
49	828.25	297.47974	1000.0	313.0	0.0	0.0	0.0	0.0	828.25	0.0	0.0	88.50541	0.0020750558	88.507225	88.49083	-2.7839664e-05	0.0002995645	0.0019729137	-0.001984353	1.2993812e-08	-0.0063003968	1.3969839e-12	-2.0976528e-07	180.91827	-10.492966	9.077277e-08	-1.9143584e-08	0	0	7.0	0.920933	0.015311163	200000	238.71927690505981
50	803.0	341.21402	1000.0	212.0	0.0	0.0	0.0	0.0	803.0	0.0	0.0	89.1893	0.005115001	89.19365	89.14653	5.4809414e-05	0.0003366508	0.0036613466	-0.0023876633	1.6689301e-09	-0.0016307124	-1.3969839e-12	-1.6700803e-07	173.722	-9.383148	1.1705971e-07	-4.9945378e-08	0	0	8.0	0.9208267	0.015165087	204000	243.54324054718018
51	400.1111	233.1854	838.0	88.0	0.0	0.0	0.0	0.0	400.1111	0.0	0.0	89.82594	0.020439398	89.84094	89.65783	1.6115302e-05	0.0004068403	0.0027315367	-0.0021490173	9.894371e-09	-0.0031454952	6.6356733e-12	-7.817147e-07	766.055	-205.66547	1.6676242e-07	-2.7793362e-08	0	0	4.0	0.92029786	0.012794153	208000	248.22135400772095
52	1000.0	0.0	1000.0	1000.0	0.0	0.0	0.0	0.0	1000.0	0.0	0.0	88.27755	3.416142	89.19789	10.072374	0.000111787456	0.0003155469	0.001942244	-0.0011710502	-3.0755995e-08	-0.004202852	-3.7252905e-12	-3.953441e-07	128.08878	-41.082146	1.1924256e-07	-4.491769e-08	0	0	26.0	0.92018306	0.012640125	212000	252.97150826454163
53	1000.0	0.0	1000.0	1000.0	0.0	0.0	0.0	0.0	1000.0	0.0	0.0	89.93655	0.04376581	89.95164	89.03555	3.284675e-05	0.00020714852	0.0021612626	-0.0010117205	3.3068656e-07	-0.0024093338	2.561137e-12	-5.6029484e-07	86.22072	-14.715622	4.5341427e-08	-9.485099e-09	0	0	7.0	0.9084835	0.014888931	216000	256.72163462638855
54	328.41666	123.834206	551.0	141.0	0.0	0.0	0.0	0.0	328.41666	0.0	0.0	90.79714	0.0090038935	90.80113	90.651085	6.2488754e-05	0.00033546897	0.0027432493	-0.0018605078	0.0	-0.0042604096	4.656613e-13	1.2915618e-06	1037.7573	-52.300476	1.16481154e-07	1.2651462e-08	0	0	79.0	0.9052763	0.007283996	220000	261.67506408691406
55	527.2857	297.35342	1000.0	250.0	0.0	0.0	0.0	0.0	527.2857	0.0	0.0	89.32441	0.010730321	89.33042	89.180626	-0.00018305733	0.00027139188	0.0008670604	-0.0017310026	-3.4570693e-09	-0.0031624734	-1.3969839e-12	-9.163259e-08	536.4114	-4.237976	1.04219296e-07	-5.8823236e-08	0	0	79.0	0.87669045	0.0042482014	224000	266.63439297676086
56	999.0	1.7320508	1000.0	996.0	0.0	0.0	0.0	0.0	999.0	0.0	0.0	88.78699	0.011307192	88.79385	88.68023	-8.109143e-06	0.0001919987	0.0015388954	-0.0016160209	-1.9192695e-08	-0.0013105243	-1.9790606e-12	4.459267e-07	179.24728	-9.952591	3.6825337e-08	-2.1573356e-09	0	0	79.0	0.88451767	0.0045320494	228000	271.6518061161041
57	787.0	267.21228	1000.0	376.0	0.0	0.0	0.0	0.0	787.0	0.0	0.0	89.2375	1.1284696	89.45092	65.352745	2.3758781e-05	0.00016744924	0.0013972927	-0.0020243526	-1.2397766e-08	-0.0062399847	9.895303e-13	-1.2442435e-06	219.09438	-107.81135	3.1602372e-08	-4.7884843e-09	0	0	5.0	0.8876734	0.018565014	232000	276.3226776123047
58	1000.0	0.0	1000.0	1000.0	0.0	0.0	0.0	0.0	1000.0	0.0	0.0	90.09342	0.03204624	90.11221	89.7976	-1.9361476e-06	0.0001493206	0.0010076606	-0.0010980547	1.1401177e-06	-0.0028690826	2.7939677e-12	2.0970823e-07	83.54317	-15.381859	2.4136893e-08	-4.4009933e-09	0	0	79.0	0.8881724	0.0045490717	236000	281.3078806400299
59	1000.0	0.0	1000.0	1000.0	0.0	0.0	0.0	0.0	1000.0	0.0	0.0	91.00675	0.019418698	91.01977	90.85011	2.9947435e-06	0.0001551016	0.0017075376	-0.0010859738	-8.058548e-07	-0.0026982585	5.5297276e-13	1.1207027e-07	68.85862	-13.379963	2.8008992e-08	-2.4170284e-09	0	0	79.0	0.8868054	0.006295357	240000	287.0009846687317
