Epoch	AverageEpRet	StdEpRet	MaxEpRet	MinEpRet	AverageEpCost	StdEpCost	MaxEpCost	MinEpCost	EpLen	CumulativeCost	CostRate	AverageVVals	StdVVals	MaxVVals	MinVVals	AverageCostVVals	StdCostVVals	MaxCostVVals	MinCostVVals	LossPi	DeltaLossPi	SurrCost	DeltaSurrCost	LossV	DeltaLossV	LossVC	DeltaLossVC	Penalty	DeltaPenalty	Optim_A	Optim_B	Optim_c	Optim_q	Optim_r	Optim_s	Optim_Lam	Optim_Nu	OptimCase	Margin	BacktrackIters	Entropy	KL	TotalEnvInteracts	Time
0	11.329545	5.79375	45.0	4.0	0.4312028	0.93508244	14.048882	0.022060525	11.329545	151.87639	0.037969097	0.0016414246	0.014059058	0.11379294	-0.11878871	-0.0033981574	0.029631762	0.15193808	-0.24652395	-2.6226044e-08	-0.020671645	-2.9981138e-08	0.0023267404	80.97471	-16.24231	1.6133399	-0.29453897	0.0	0.0	0.030030519	-0.009161351	-0.006072371	0.040917993	-0.004577294	0.0019243783	2.0228195	0.0	3.0	0.0	0.0	0.9189385	0.0045264177	4000	4.91827654838562
1	12.9126215	6.6766853	47.0	5.0	0.4091956	0.6889407	5.9803305	0.014083395	12.9126215	278.36688	0.03479586	1.1825418	0.35102606	3.3230686	-0.8976928	0.46266645	0.19917463	2.1281457	-0.8413144	1.525879e-08	-0.023849051	-4.768372e-10	0.0046706144	83.398575	-38.4902	0.61280555	-0.01073426	0.0	0.0	0.03604293	0.0018906891	-0.0070322203	0.054773696	-0.010687552	0.006098191	2.340378	0.0	2.0	0.0	0.0	0.89669794	0.004776828	8000	9.598697662353516
2	14.807407	8.899435	63.0	4.0	1.0362291	6.534705	99.60641	0.018718738	14.807407	558.16064	0.046513386	4.858743	0.6922476	7.6658216	0.25132143	0.3914142	0.28931803	2.0772357	-1.807218	1.1920929e-08	0.00076061726	1.0490417e-08	-0.02837984	81.44532	-24.719112	78.986496	-7.0137177	1.266149	0.0	0.04630702	0.002280841	0.036213573	0.06218382	-0.051935926	0.16989195	4.5058413	1.266149	1.0	0.0	0.0	0.8795015	0.0039132615	12000	14.131960391998291
3	14.691176	7.4414525	42.0	4.0	0.4916061	1.0563668	12.050218	0.029203005	14.691176	691.90515	0.04324407	8.937442	0.9014116	10.912611	4.4167666	1.8014599	0.88471097	5.3184104	-3.2604346	-1.9073487e-09	-0.01545871	-1.4424324e-08	0.0001565218	40.023983	-1.1138191	3.3554115	-2.0281506	1.2129284	0.0	0.02149936	0.009978612	-0.0005713575	0.046035	-0.019351766	0.015263137	1.4678365	1.2129284	2.0	0.0	0.0	0.8608624	0.004589861	16000	18.75525999069214
4	16.448559	8.2467375	47.0	5.0	0.36243024	0.46746427	4.1341724	0.024134204	16.448559	780.013	0.03900065	9.197365	0.77955174	11.379515	6.3144984	0.46198297	0.63200945	3.7262053	-2.6587598	1.9073487e-09	-0.020902839	4.4107438e-09	0.0008941602	48.912327	-2.241497	0.79053086	-0.40856785	0.0	0.0	0.040397305	-0.027193358	-0.008363636	0.041618142	-0.0015152735	0.0018807232	2.0400524	0.0	3.0	0.0	0.0	0.84353036	0.004674429	20000	20.981730222702026
5	19.417477	9.834084	64.0	5.0	0.5179379	0.82920253	6.346877	0.02136084	19.417477	886.7082	0.036946174	9.958406	0.60759073	11.180421	6.03991	0.260961	0.40074635	2.2035348	-1.941246	1.9073487e-09	-0.016343232	-6.4074994e-09	-0.0012877618	65.63156	-4.534981	1.0184107	-0.30823624	1.1229987	0.0	0.029108496	0.009928662	0.00092380174	0.040851843	-0.011852656	0.011962982	1.7122395	1.1229987	1.0	0.0	0.0	0.8360927	0.004777212	24000	25.662242889404297
6	20.561855	9.535543	49.0	4.0	0.46534586	0.6306545	4.115072	0.016402239	20.561855	977.2524	0.034901872	11.599977	0.93489033	13.541328	4.5713644	0.5371373	0.1270733	1.2295414	-0.11603396	7.1525574e-10	-0.01543335	1.758337e-09	0.0013896717	59.419662	-1.6854973	0.40834013	-0.03586477	0.92323065	0.0	0.029406432	0.009535882	-0.0016853606	0.041518964	-0.008609861	0.0061200834	1.7560656	0.92323065	2.0	0.0	1.0	0.81340355	0.0030219473	28000	30.377875804901123
7	23.063583	10.754297	67.0	6.0	0.47580397	0.7890995	6.4510136	0.0100621525	23.063583	1059.6216	0.033113174	11.835376	0.98341227	13.686666	5.6610565	0.39936915	0.09318554	0.8598128	-0.0470049	-2.7775764e-08	-0.013800098	4.068017e-09	0.0009771493	74.37716	-4.763756	0.5091704	-0.0023452044	0.77778614	0.0	0.025725113	0.009820637	-0.001049101	0.032548383	-0.00647064	0.0061362344	1.6184856	0.77778614	2.0	0.0	1.0	0.7976207	0.002903648	32000	35.02118229866028
8	25.273886	10.847883	64.0	6.0	0.502561	0.6117307	3.634536	0.020495782	25.273886	1138.9618	0.03163783	13.290254	1.8507793	16.813702	4.5702252	0.41042125	0.08107608	0.6915215	0.1285161	-4.768372e-10	-0.011519707	1.5199184e-09	-0.00012634986	79.04741	-4.53302	0.29560247	-0.008584052	1.6897578	0.0	0.0126744015	0.009998154	0.00010132883	0.028174663	-0.009285753	0.005562823	1.1259104	1.6897578	1.0	0.0	0.0	0.778634	0.0042554867	36000	39.70596694946289
9	28.985508	12.949168	78.0	5.0	0.5093306	0.61576205	3.628482	0.011814405	28.985508	1209.2494	0.030231236	14.072218	1.9750363	17.405895	2.823454	0.42951956	0.111671984	0.7406465	0.11527911	6.9141386e-09	-0.009840358	-3.9935113e-09	-0.00032673104	103.19504	-12.303268	0.27191365	-0.0069470108	1.5295066	0.0	0.009639533	0.0099730855	0.0003219047	0.01770432	-0.005572256	0.003850076	0.98313516	1.5295066	1.0	0.0	0.0	0.7587855	0.003914732	40000	44.34677696228027
10	31.164062	13.5841	124.0	10.0	0.50940037	0.5323	3.2108707	0.017003758	31.164062	1274.4769	0.028965386	15.573803	2.369074	18.93442	2.527098	0.38982368	0.10553062	0.6735967	0.10080954	5.9604646e-09	-0.009218631	3.144145e-09	-0.0002891073	108.3842	-16.497047	0.1976513	-0.011668354	1.8416625	0.0	0.009310467	0.0099740755	0.00030164127	0.020165544	-0.00617245	0.003509799	0.9661608	1.8416625	1.0	0.0	0.0	0.74742025	0.0043296395	44000	49.04315209388733
11	33.487396	9.274404	56.0	13.0	0.5086093	0.40099573	2.074618	0.038253736	33.487396	1335.0609	0.02781377	16.359535	3.6728067	20.280447	-0.42811435	0.38319692	0.035450164	0.5122582	0.24149805	-5.00679e-09	-0.0072335047	-2.8461218e-09	-0.00020885277	58.245617	-13.789486	0.10221247	-0.0011985675	1.9211669	0.0	0.005564186	0.009973025	0.0002570906	0.013885028	-0.0045153205	0.002450247	0.7469428	1.9211669	1.0	0.0	0.0	0.7092252	0.0036791288	48000	51.25480890274048
12	33.788136	10.395446	78.0	12.0	0.58588314	0.47485805	2.6847546	0.0088290265	33.788136	1404.3389	0.027006516	16.171404	4.970539	21.022469	-0.94786346	0.3551321	0.030527612	0.47117525	0.23315008	5.2452087e-09	-0.0064706225	-2.8461218e-09	-0.002489987	51.30621	-9.871403	0.14071234	-0.0050313324	1.9792368	0.0	0.011805449	0.008568712	0.0025418135	0.019650297	-0.005950759	0.004513986	1.1737713	1.9792368	1.0	0.0	0.0	0.6916129	0.0041031633	52000	55.857487201690674
13	36.172726	10.255693	74.0	21.0	0.54166573	0.3233083	1.4106408	0.050119676	36.172726	1464.0536	0.026143814	16.739508	5.955368	22.259647	-0.66778654	0.40623787	0.029118713	0.5094564	0.23310828	-3.385544e-08	-0.004889002	1.296401e-09	-0.0011720081	45.217186	-8.657333	0.06408963	-0.0030141585	2.6290517	0.0	0.0055434722	0.008978442	0.001151855	0.010392282	-0.0025094813	0.0012987716	0.78576094	2.6290517	1.0	0.0	0.0	0.647611	0.0040380093	56000	60.53274345397949
14	37.95238	12.811737	101.0	22.0	0.46568185	0.2545699	1.4652963	0.0720591	37.95238	1512.9608	0.025216013	17.508688	7.2124453	23.80593	-1.166239	0.36948502	0.020700656	0.44036946	0.30878276	2.2649764e-09	-0.006099431	1.8030405e-09	0.0007577258	54.72946	-7.3272667	0.043141343	-0.0026604608	2.1591377	0.0	0.0027279118	0.008927861	-0.00090424233	0.008769375	-0.0021464978	0.0007626385	0.55276614	2.1591377	2.0	0.0	1.0	0.61124873	0.002537544	60000	65.2424635887146
15	39.445545	11.595045	83.0	24.0	0.45850205	0.20992719	1.0558065	0.10235436	39.445545	1559.2976	0.024364024	18.309883	8.245651	25.443651	-1.1094677	0.31805414	0.017060388	0.3792711	0.25206742	-5.4240226e-09	-0.0066269212	-2.3394824e-09	0.0009234832	40.662544	-4.7909584	0.02912677	-0.00032311492	1.9472988	0.0	0.0027510822	0.0077897706	-0.0010520313	0.007865508	-0.0016003259	0.00050074887	0.59427774	1.9472988	2.0	0.0	1.0	0.582832	0.0026363838	64000	69.81018209457397
16	41.68421	9.641209	68.0	25.0	0.514305	0.22268908	1.3090807	0.109367736	41.68421	1608.2744	0.023651095	18.669165	8.792059	26.607937	-0.603744	0.3084046	0.02388493	0.37789044	0.22189371	3.695488e-09	-0.0069045094	-2.026558e-09	-0.00034841037	29.24434	-3.1109982	0.031631198	-0.0014279429	3.0220037	0.0	0.006140042	0.009796207	0.0003431754	0.009903393	-0.0014747174	0.000577887	0.79169285	3.0220037	1.0	0.0	0.0	0.55568314	0.0043267775	68000	74.41801452636719
17	42.276596	12.608173	95.0	24.0	0.52023697	0.204409	1.046752	0.12566291	42.276596	1657.3617	0.023018913	18.990149	9.198007	27.565796	0.50319624	0.34449598	0.016228575	0.3929548	0.28668055	2.026558e-09	-0.0054407357	4.61936e-10	-0.0005132961	40.21293	-3.6206245	0.029814076	-4.5796856e-05	3.5345411	0.0	0.004787679	0.009498203	0.0004786802	0.008343034	-0.001274157	0.0004566283	0.7099729	3.5345411	1.0	0.0	0.0	0.51848406	0.003761253	72000	79.0414822101593
18	42.29787	12.361428	101.0	24.0	0.4846682	0.19901568	1.0781571	0.16694193	42.29787	1703.0232	0.0224082	19.682219	9.734359	28.85126	0.81717503	0.344859	0.015498238	0.3974119	0.27834037	-4.7683715e-09	-0.006025273	-1.0728836e-09	0.00031708175	37.436626	-2.6233292	0.026662024	-0.0006447546	2.4148488	0.0	0.0040618377	0.009720048	-0.00036247226	0.008047461	-0.0013676697	0.00046931696	0.6464383	2.4148488	2.0	0.0	1.0	0.48522013	0.0027833232	76000	81.01558756828308
19	44.764046	11.620422	88.0	28.0	0.50852835	0.17839807	0.94875145	0.19360304	44.764046	1748.3153	0.02185394	19.96968	9.933499	29.469904	1.1572989	0.32250246	0.022093246	0.3932694	0.24673851	-1.0728836e-09	-0.0048424928	-3.2782554e-10	-0.00020563015	30.404886	-2.4977455	0.023786595	-0.00045652688	4.4946127	0.0	0.0035916646	0.00984264	0.0001905179	0.007274633	-0.0009216951	0.00023066228	0.6040767	4.4946127	1.0	0.0	0.0	0.47597158	0.0041163056	80000	85.33556771278381
20	45.62069	15.336261	123.0	26.0	0.48460025	0.15292475	0.91880995	0.18971437	45.62069	1790.704	0.021317905	20.666878	10.122891	30.49572	1.4048986	0.34081045	0.01388519	0.38492128	0.29018322	-3.218651e-09	-0.0065380987	3.7252904e-10	0.00028694628	49.6359	-3.5818787	0.018858517	-0.00061179325	2.3752024	0.0	0.004962461	0.009417752	-0.00033756075	0.007537519	-0.0007098909	0.00019570244	0.7258969	2.3752024	2.0	0.0	1.0	0.44335234	0.0027079824	84000	90.05459356307983
21	45.643677	10.77564	94.0	30.0	0.51465565	0.15828934	0.9889164	0.17996404	45.643677	1835.5946	0.02085903	20.895195	10.731301	31.699966	1.4316915	0.3174543	0.024369119	0.39713126	0.2345689	2.6226044e-09	-0.0050356607	-1.7136335e-10	-0.00033629776	23.453314	-1.7800941	0.020131359	-0.0009535514	5.0507684	0.0	0.0043797363	0.009487078	0.00032108827	0.0075407196	-0.0007970944	0.00020100061	0.6794504	5.0507684	1.0	0.0	0.0	0.43121684	0.0046997378	88000	94.60120439529419
22	45.43182	8.146103	69.0	30.0	0.49547395	0.129167	0.7814452	0.23628002	45.43182	1879.1967	0.02042605	20.796637	10.430329	31.571144	1.8137861	0.35189033	0.021412317	0.41635436	0.27580154	6.198883e-09	-0.005455253	-3.427267e-10	8.013448e-05	15.165916	-1.264883	0.014512138	-0.0005584629	4.2153554	0.0	0.004377358	0.009946635	-9.9622885e-05	0.008263077	-0.00085009163	0.00018597739	0.6633885	4.2153554	2.0	0.0	1.0	0.3865565	0.0025776555	92000	99.21116137504578
23	45.18182	9.320731	81.0	31.0	0.51847786	0.1300957	0.7866445	0.22050332	45.18182	1924.9619	0.020051686	20.277653	10.310227	31.431847	1.5537422	0.33710918	0.008853206	0.36677158	0.24530548	-3.8146974e-09	-0.0028599417	1.2516975e-09	-0.00033818677	16.297068	-0.9014044	0.01569097	-0.00037286337	5.984187	0.0	0.0021988114	0.0084044915	0.00040896665	0.003867068	-0.00041818625	0.00010482783	0.51149136	5.984187	1.0	0.0	0.0	0.34778857	0.003272522	96000	103.7505784034729
24	49.17284	11.803735	87.0	33.0	0.49322787	0.15389112	1.0141643	0.21428388	49.17284	1964.9305	0.019649306	21.297068	10.445654	31.821035	0.9085162	0.35373536	0.013628861	0.39720422	0.29456994	-7.092953e-09	-0.003214518	-3.1292438e-10	0.00011937693	26.029987	-2.6264648	0.018980633	-0.00076857395	2.6030674	0.0	0.001259671	0.009749328	-0.00013772096	0.0020626565	-0.00024649105	7.566493e-05	0.35945225	2.6030674	2.0	0.0	1.0	0.31416965	0.0024839872	100000	108.30633401870728
25	49.024693	11.148797	84.0	31.0	0.4775215	0.1354705	0.8736612	0.22320189	49.024693	2003.6722	0.01926608	22.224398	11.04189	33.36788	0.9807878	0.3260533	0.013273191	0.36652052	0.27007544	-2.3841858e-08	-0.004998509	-2.682209e-10	0.00037096557	21.567461	-1.4019375	0.014722467	-0.00014898274	0.3822353	0.0	0.00301799	0.008311324	-0.00045851365	0.0038606082	-0.00032388783	0.00012449683	0.6025926	0.3822353	2.0	0.0	1.0	0.27344573	0.0029309653	104000	110.44880747795105
26	49.5	15.187989	134.0	35.0	0.48838577	0.12323715	0.77115834	0.1616383	49.5	2042.8467	0.018915247	21.935272	11.148379	33.717037	0.10571146	0.3163244	0.0075148256	0.33942106	0.2702893	-6.198883e-09	-0.006099534	8.046627e-10	0.00022273508	38.395653	-2.3785667	0.014789273	-6.684754e-05	2.9243498	0.0	0.002442553	0.009373073	-0.00023463098	0.004057657	-0.00037659725	8.781199e-05	0.51048267	2.9243498	2.0	0.0	0.0	0.2576418	0.0040079392	108000	115.00124764442444
27	47.638554	11.124247	89.0	34.0	0.5362359	0.1404064	0.93125874	0.26682115	47.638554	2087.4795	0.01863821	22.104223	11.666591	34.987156	-0.03692983	0.32493445	0.008114319	0.35086873	0.28468084	-5.9604643e-10	0.0032616274	7.8976153e-10	-0.0005385545	18.233374	-1.4976044	0.018419677	-0.0013449788	15.30827	0.0	0.0014879581	-0.00356175	0.0007606429	0.0028364016	-0.00023984979	4.2662465e-05	0.0	15.30827	0.0	0.0	1.0	0.23319447	0.0031477585	112000	119.55110383033752
28	48.47561	11.035668	86.0	34.0	0.4853654	0.11707935	0.72226244	0.19531359	48.47561	2127.3618	0.018339327	21.853989	11.249493	34.364155	0.27544364	0.35918295	0.014073425	0.40164337	0.30068475	-2.1457671e-09	-0.0042854343	-1.2814999e-09	0.00024370872	17.300337	-0.7023449	0.013765612	-0.0011626519	2.3731244	0.0	0.0017429487	0.008664022	-0.00030189633	0.0030387894	-0.00029732677	6.822073e-05	0.44852072	2.3731244	2.0	0.0	1.0	0.24571574	0.0027971775	116000	124.16549301147461
29	46.302326	10.543453	87.0	32.0	0.5237908	0.1196688	0.8275908	0.2709924	46.302326	2172.4553	0.018103795	21.185364	11.293159	34.631176	0.08759509	0.327257	0.021684807	0.39112583	0.24955766	7.033348e-09	-1.8181563e-05	8.866191e-10	-0.00046656793	14.346647	-0.5376644	0.015121238	-0.0011692038	27.053293	0.0	0.0047815423	0.0022585369	0.00051381387	0.0056821187	-0.00017524858	3.4102686e-05	1.4550248	27.053293	1.0	0.0	0.0	0.22366035	0.0044621867	120000	128.73770761489868
30	50.012657	10.815475	91.0	34.0	0.4691686	0.12125165	0.70933354	0.21526866	50.012657	2209.5415	0.017818883	22.236843	11.181569	34.561844	0.007729888	0.35892054	0.0077631227	0.38138106	0.30663672	-9.417534e-09	-0.0057307864	8.3446505e-10	0.0006064347	18.807945	-1.2106323	0.014755813	-0.0021034013	1.6896918	0.0	0.0011658843	0.0060090506	-0.00061647187	0.0031298867	-0.00043246022	9.522486e-05	0.4404786	1.6896918	2.0	0.0	0.0	0.17705786	0.004585692	124000	133.40700912475586
31	51.233765	10.720652	87.0	35.0	0.47487938	0.12065777	0.8551244	0.2571741	51.233765	2246.4355	0.017550278	22.65193	11.609445	35.375755	0.2544173	0.3128962	0.0111118	0.34600574	0.26118973	4.529953e-09	-0.005990487	-7.1525574e-10	2.385719e-05	15.727858	-0.75034523	0.012004797	-5.7259575e-05	0.0	0.0	0.0033500358	-0.004351125	-0.0004903137	0.0033658913	-1.6297505e-05	1.6751823e-05	0.580163	0.0	3.0	0.0	0.0	0.17373216	0.0047533247	128000	137.9067358970642
32	48.756096	9.98604	85.0	35.0	0.516475	0.13296033	0.8300478	0.25095743	48.756096	2288.7935	0.017339345	22.102324	11.659225	35.77994	0.49494535	0.32237253	0.0108623	0.3548426	0.26675963	2.6226044e-09	-0.004316137	-5.438924e-10	-0.00044113383	12.583768	-0.8684473	0.016164817	-0.0008206256	5.635992	0.0	0.003658305	0.009009278	0.0003379069	0.0052947565	-0.00043428302	0.00011525043	0.63722813	5.635992	1.0	0.0	0.0	0.1863327	0.0045238077	132000	140.01213359832764
33	48.23171	10.209153	84.0	32.0	0.5211037	0.12580487	0.8700613	0.28080666	48.23171	2331.6138	0.017144218	21.751234	11.383379	35.55003	0.43627933	0.34923473	0.006728613	0.36634782	0.30211738	-5.1259996e-09	-0.0030791827	-2.9802322e-10	-0.00044679292	12.150939	-0.48305416	0.014133642	-4.153233e-05	9.921224	0.0	0.0032555237	0.0059314263	0.00043754783	0.00368881	-0.00014278805	4.7055342e-05	0.740851	9.921224	1.0	0.0	0.0	0.17427886	0.0044001206	136000	144.6431975364685
34	47.566265	8.113936	72.0	33.0	0.5189728	0.123896174	0.8135604	0.3130921	47.566265	2374.7292	0.016962351	21.626339	11.371817	35.583275	0.37881395	0.35146758	0.0062549924	0.37081486	0.29698324	-6.437302e-09	-0.0016696611	-8.940697e-11	-0.00035447069	7.7568436	-0.39719963	0.01293978	-0.00025233813	15.913221	0.0	0.0026338173	0.0042516408	0.00039887123	0.0032133777	-0.00012665143	2.7677159e-05	0.7870722	15.913221	1.0	0.0	0.0	0.130579	0.004265859	140000	149.31302285194397
35	50.113926	9.516126	82.0	33.0	0.48086026	0.114893705	0.8176518	0.2779054	50.113926	2412.8743	0.01675607	21.948168	11.133505	35.204346	0.69267976	0.35267177	0.014088383	0.39637205	0.2934881	-4.9471853e-09	-0.006237721	-6.854534e-10	0.00033010385	10.509892	-0.90366554	0.0119874	-0.00080985855	0.0	0.0	0.0027597384	0.006949424	-0.0003819245	0.003847698	-0.00022808304	4.7815996e-05	0.62029815	0.0	2.0	0.0	0.0	0.0896256	0.004752241	144000	153.6940050125122
36	50.07595	11.498787	97.0	35.0	0.49107748	0.12664542	0.7921615	0.19180627	50.07595	2451.9932	0.01656752	22.311247	11.557727	36.15866	0.6416924	0.3257583	0.007098115	0.34605634	0.28989726	5.1259996e-09	-0.005216449	7.376075e-10	0.00013435437	15.101468	-0.72259045	0.013866125	-5.8640726e-05	2.582875	0.0	0.0032123653	0.009470655	-0.00017817969	0.004328313	-0.00025870858	5.9976046e-05	0.58240145	2.582875	2.0	0.0	1.0	0.074109554	0.0031682625	148000	158.3415184020996
37	50.98718	11.279086	81.0	33.0	0.48732787	0.12004152	0.76739055	0.26405236	50.98718	2490.038	0.01638183	22.850435	11.838523	36.816517	0.88898367	0.33127564	0.011612818	0.36620018	0.27872342	3.0994416e-09	-0.0048700287	-2.0861626e-10	0.00022562602	12.945381	-0.6421604	0.012630655	-0.00010884274	0.0	0.0	0.0017553632	0.007558956	-0.00024853554	0.0022045039	-0.00010660852	2.5304713e-05	0.46952143	0.0	2.0	0.0	0.0	0.07073414	0.004427312	152000	162.84647870063782
38	51.77922	10.914809	84.0	36.0	0.522696	0.13232565	0.8073702	0.26846448	51.77922	2530.2922	0.016219823	22.742313	11.95667	37.130634	0.51411104	0.32485726	0.0057053827	0.33715868	0.27934033	2.384186e-10	9.85949e-05	-1.3411044e-10	-0.00038823168	10.886711	-0.53637886	0.014957028	-0.0005327752	98.03877	0.0	0.0037925264	0.00020612776	0.0004383229	0.0038915419	-4.407258e-05	1.9617059e-05	4.2893953	98.03877	1.0	0.0	0.0	0.073608875	0.0038201981	156000	167.542414188385
39	51.21795	12.28575	104.0	35.0	0.48960066	0.10686161	0.7144137	0.20709658	51.21795	2568.4824	0.016053015	23.15323	12.018357	37.673748	0.98505175	0.34790882	0.0071305404	0.36751598	0.30725953	7.152557e-09	-0.0040747584	4.4703483e-10	0.00018342264	16.038408	-0.60558224	0.012677738	-0.00065869	2.2126744	0.0	0.0008446857	0.007915205	-0.00020304097	0.0014577557	-0.00011010501	1.9774434e-05	0.32667544	2.2126744	2.0	0.0	0.0	0.03521478	0.0039101634	160000	169.55318570137024
40	52.473682	15.155747	123.0	35.0	0.5097149	0.12700765	0.85662585	0.22127628	52.473682	2607.233	0.015897762	23.211994	12.138519	37.86606	0.91037345	0.3293849	0.013363837	0.36536968	0.23246717	5.2452087e-09	-0.0057387003	-1.847744e-09	-0.00019909482	23.849789	-1.4602242	0.014978907	-0.00022276957	4.4949665	0.0	0.003702596	0.008998025	0.00018513855	0.0037385088	-3.5050343e-05	3.420873e-05	0.6414747	4.4949665	1.0	0.0	0.0	0.03379035	0.0039424556	164000	174.1725332736969
41	53.527027	11.366407	109.0	36.0	0.4957895	0.108748525	0.76940554	0.21758854	53.527027	2643.9333	0.0157377	24.019302	12.567745	39.209538	0.88732255	0.33412722	0.005803658	0.3492752	0.2828893	-2.384186e-10	-0.010536385	-2.0861626e-10	5.9629067e-05	13.5148535	-0.544425	0.011168119	-4.341267e-05	0.62594557	0.0	0.010435279	0.009764658	-7.866123e-05	0.010798932	-9.778117e-05	2.6292013e-05	1.033769	0.62594557	2.0	0.0	0.0	0.021244168	0.0049773334	168000	178.9461932182312
42	52.43421	9.485911	80.0	38.0	0.50596565	0.10545292	0.7824341	0.32818514	52.43421	2682.39	0.01559529	23.50265	12.444582	39.230667	0.69947964	0.3321187	0.0055187303	0.34322095	0.2775197	-1.6629697e-08	-0.0061277943	-7.748604e-10	-0.00012521852	8.733771	-1.4988027	0.010596934	-0.00016862527	4.129476	0.0	0.004135889	0.009774823	0.000113774004	0.004600465	-0.00016342175	5.7486104e-05	0.6504741	4.129476	1.0	0.0	0.0	0.018886805	0.004689454	172000	183.6519513130188
43	54.589043	12.17547	102.0	38.0	0.50625414	0.11586323	0.7498145	0.24532384	54.589043	2719.3528	0.015450868	23.718287	12.202785	38.801056	0.7745738	0.34335065	0.0065172524	0.35856414	0.30495313	2.0503998e-08	-0.0053040343	5.811453e-10	-0.00012448062	13.759575	-1.3038635	0.012465229	-0.00011709612	8.24485	0.0	0.0029586835	0.008449954	0.000114567614	0.0029592076	-2.1066946e-06	8.467966e-06	0.591728	8.24485	1.0	0.0	0.0	-0.00768435	0.004358482	176000	188.32874584197998
44	54.315067	11.314771	94.0	38.0	0.5040711	0.11863048	0.7507373	0.24587859	54.315067	2756.1775	0.015312097	24.135544	12.552869	39.841198	0.80751055	0.33396018	0.009058554	0.3622497	0.28628314	-5.841255e-09	-0.0077182204	-1.5199184e-09	-7.5270626e-05	10.393136	-0.37936783	0.01253927	-0.00014235172	2.4620497	0.0	0.005962358	0.009936585	7.495372e-05	0.0062516197	-0.00016008243	8.859232e-05	0.7746231	2.4620497	1.0	0.0	0.0	0.03250861	0.004699443	180000	192.95157194137573
45	55.69014	11.899334	90.0	38.0	0.51715475	0.1273003	0.8395071	0.2780782	55.69014	2793.1416	0.015180117	24.08736	12.605425	39.82246	0.4457256	0.33276373	0.0068353876	0.34578064	0.23978242	-2.1457671e-09	-0.0038775417	1.0430813e-10	-0.00033604246	11.204486	-0.6917391	0.013860273	-0.00019781291	15.11287	0.0	0.0042532044	0.0057076374	0.00030803934	0.00446441	-6.832987e-05	2.2106296e-05	0.8632368	15.11287	1.0	0.0	0.0	0.031455755	0.004104018	184000	197.56234288215637
46	53.675674	9.181515	82.0	40.0	0.53538054	0.11243496	0.79847956	0.30362967	53.675674	2832.8074	0.015068124	23.866192	12.608769	40.59853	0.664031	0.34291264	0.0084662195	0.36485386	0.2964294	7.629395e-09	0.0030340834	-3.2782554e-10	-0.0006768322	6.554282	-0.57783985	0.011778394	-0.00022961479	18.633886	0.0	0.00430531	-0.0050914744	0.00065915415	0.0052355654	-0.00016365234	2.8790042e-05	0.0	18.633886	0.0	0.0	0.0	0.007306814	0.004505059	188000	199.7212450504303
47	52.539474	10.487388	85.0	36.0	0.5342256	0.10347446	0.7507423	0.2706027	52.539474	2873.409	0.014965671	23.37715	12.320896	39.892212	0.4553995	0.35695598	0.007718717	0.37148154	0.27574247	0.0	0.001548973	2.9802324e-11	-0.00030378278	6.9006505	-0.18223429	0.011644638	-5.2415766e-05	31.425209	0.0	0.00471798	-0.031948432	0.0006514261	0.004867886	-3.8941904e-05	1.0116133e-05	0.0	31.425209	0.0	0.0	0.0	0.016226888	0.004811452	192000	204.3572220802307
48	54.30137	11.784231	99.0	37.0	0.51800984	0.12349543	0.8488943	0.26957437	54.30137	2911.4302	0.014854236	23.766937	12.383191	39.8804	0.5861468	0.35759392	0.0068224496	0.36863607	0.30092785	-5.00679e-09	-0.0021655231	-7.4505804e-11	-0.0003145722	10.353596	-0.42547035	0.01352755	-0.0003035795	20.188957	0.0	0.0032148098	0.0042533623	0.0003316646	0.0037197429	-9.8312594e-05	1.9141873e-05	0.86938363	20.188957	1.0	0.0	0.0	0.017333984	0.004589875	196000	209.0120108127594
49	55.957745	12.295009	104.0	41.0	0.4812829	0.114429936	0.75649637	0.21512936	55.957745	2945.615	0.014728075	24.618536	12.7327385	40.545822	0.43280372	0.3423695	0.008700631	0.36244312	0.25685927	3.218651e-09	-0.0064443317	5.9604643e-10	0.00032682467	12.140887	-0.39271927	0.012482904	-0.0007775035	0.2656434	0.0	0.0034622801	0.00898722	-0.0003344865	0.003970555	-0.00023695754	0.000110469475	0.6206809	0.2656434	2.0	0.0	0.0	-0.025783539	0.004537972	200000	213.78728604316711
