Epoch	AverageEpRet	StdEpRet	MaxEpRet	MinEpRet	AverageEpCost	StdEpCost	MaxEpCost	MinEpCost	EpLen	CumulativeCost	CostRate	AverageVVals	StdVVals	MaxVVals	MinVVals	AverageCostVVals	StdCostVVals	MaxCostVVals	MinCostVVals	LossPi	DeltaLossPi	SurrCost	DeltaSurrCost	LossV	DeltaLossV	LossVC	DeltaLossVC	Penalty	DeltaPenalty	StopIter	Entropy	KL	TotalEnvInteracts	Time
0	11.79941	5.702134	39.0	4.0	0.43026996	1.1355437	16.979856	0.024747938	11.79941	145.86153	0.03646538	0.0008635436	0.014337176	0.12259319	-0.07929231	-0.0012488144	0.028625807	0.25164446	-0.28943563	8.893013e-08	-0.012862408	1.4185906e-08	0.0040636	81.30417	-21.201256	2.3879254	-0.232095	0	0	5.0	0.9189385	0.015576057	4000	2.9489104747772217
1	13.802768	7.896773	66.0	5.0	0.5134322	1.6254848	23.91227	0.028716344	13.802768	294.29626	0.036787033	1.6018968	0.2905578	2.948	0.19085896	0.47389057	0.16234079	1.7560227	-0.4910607	-9.071827e-08	-0.016640807	6.6161157e-09	0.0054676705	103.45401	-48.112526	3.903573	-0.13793778	0	0	7.0	0.91721904	0.017101185	8000	5.585254669189453
2	17.290043	10.154983	58.0	5.0	1.1137345	6.497007	91.796005	0.015516943	17.290043	551.6982	0.045974847	6.3788567	0.39399573	9.479692	2.3652427	0.6543569	0.63306826	6.0309873	-3.673506	1.835823e-08	-0.015161865	3.8146972e-08	0.04362968	90.01775	-22.533722	63.7241	-3.3997269	0	0	9.0	0.91494805	0.01578469	12000	8.222659587860107
3	18.686916	8.913925	59.0	5.0	0.93908083	6.80841	98.517235	0.008285655	18.686916	752.6733	0.04704208	10.530755	0.8931792	13.686693	5.6728997	1.5238745	1.6818401	12.527027	-8.005069	-1.3113022e-08	-0.018541515	4.2915342e-09	0.030715	57.728813	-0.88012695	60.420387	-1.7753639	0	0	10.0	0.9119531	0.015049948	16000	10.841973066329956
4	27.095238	15.344715	99.0	7.0	3.5231318	12.9909935	104.93004	0.008950229	27.095238	1270.6002	0.06353001	10.990026	1.0567825	13.675114	4.625468	0.9981514	3.8302546	16.14139	-16.120409	-1.0967255e-08	-0.014722102	-1.9073487e-09	0.13605724	159.67561	-27.9776	205.91579	-38.183914	0	0	15.0	0.9088389	0.012266741	20000	13.529829978942871
5	38.317307	22.387869	170.0	8.0	16.889004	31.551561	120.24394	0.022987671	38.317307	3027.1072	0.12612946	15.397722	1.700369	18.427565	5.150559	4.1418605	2.103198	10.707573	-7.6321874	1.34706495e-08	-0.018443197	1.6975403e-07	0.15986246	250.83107	-42.23088	835.223	-178.13092	0	0	79.0	0.9076281	0.007838403	24000	16.461256504058838
6	49.85	22.304205	130.0	9.0	45.65837	41.80205	122.93118	0.061882254	49.85	6679.8853	0.23856734	19.85405	4.2186503	22.943283	-10.75526	15.171264	3.796702	20.743761	-2.639369	7.510185e-09	-0.016988082	-8.087158e-07	0.2935185	248.32275	-27.187881	1315.8816	-317.7077	0	0	79.0	0.90967435	0.007330887	28000	18.76455044746399
7	71.16071	40.292137	223.0	15.0	59.588818	38.311943	118.41157	0.09654799	71.16071	10016.898	0.31302807	23.455544	2.5972936	25.12203	-6.726115	25.147457	1.2449809	26.864107	18.111383	-8.523465e-09	-0.009930913	-5.521774e-07	0.06856621	525.00934	-83.5636	784.21814	-90.27075	0	0	79.0	0.91022086	0.005472719	32000	21.643763303756714
8	100.0	51.44427	251.0	42.0	78.12443	26.45519	140.71791	33.73368	100.0	13067.403	0.36298344	28.250109	2.7134435	29.358646	-6.2071857	29.213789	0.5474759	29.970707	25.015497	3.0338764e-08	-0.002700637	1.8167496e-07	-0.023772193	712.4078	-102.42816	539.65985	-44.212494	0	0	79.0	0.89554393	0.0023613817	36000	24.55512499809265
9	101.61539	58.73784	287.0	40.0	57.971115	25.66839	106.39697	5.7204247	101.61539	15349.631	0.38374078	32.888836	1.4714235	33.36157	11.126504	31.76274	0.33315548	32.228447	29.14138	-1.0967255e-08	-0.008989741	-9.346008e-08	0.008566364	671.0632	-54.79962	395.13794	-3.2235718	0	0	79.0	0.8645884	0.0059322095	40000	27.486648321151733
10	116.617645	73.052765	439.0	54.0	64.393654	26.13752	133.7305	4.171727	116.617645	17539.494	0.39862487	33.366077	7.3764477	36.036842	-27.360147	31.340181	0.5154719	32.011936	27.571918	-5.6505204e-08	-0.0066729975	-1.4781952e-08	-0.00038457726	718.2154	-70.88953	390.6327	-0.7788086	0	0	79.0	0.86189866	0.0045742523	44000	30.46847677230835
11	184.61905	95.803116	321.0	47.0	66.81496	27.65029	122.994736	28.62821	184.61905	18981.68	0.39545166	37.92618	4.0084352	38.908516	-13.521649	31.269232	0.50169325	31.855116	27.28516	7.629395e-09	-0.0042027635	1.0204315e-07	-0.007382883	1154.12	-161.84772	338.22443	-33.914124	0	0	79.0	0.8725905	0.0029115314	48000	33.345208406448364
12	217.0	156.67659	473.0	52.0	66.98715	42.94308	174.7105	2.5339856	217.0	20209.965	0.38865316	42.50656	0.89026046	42.76104	32.975365	28.75629	1.3677225	29.954939	9.527702	1.6331672e-08	-0.0071295598	1.7261505e-07	0.013083664	1404.8177	-167.46326	374.37708	-43.36142	0	0	79.0	0.8818041	0.004370168	52000	36.2402184009552
13	531.7143	321.5315	1000.0	88.0	81.77642	52.404842	197.98114	28.418903	531.7143	20787.373	0.3712031	46.27732	0.027225126	46.289497	45.780365	24.115221	4.6945677	28.239061	-8.334616	-4.2915342e-09	-0.0020031182	2.6893616e-07	-0.0038229122	1943.5298	-298.03125	308.3135	-114.6682	0	0	79.0	0.87816703	0.002274945	56000	39.141257762908936
14	451.125	191.73187	798.0	249.0	46.547836	14.915786	74.3275	21.13701	451.125	21236.809	0.3539468	50.451725	0.09734072	50.48256	49.037853	18.899466	4.843088	25.34217	0.3158483	-2.0980835e-08	-0.0042359526	7.033348e-08	-0.0015512696	1450.5992	-160.8075	165.57222	-102.1416	0	0	79.0	0.8792534	0.0041431743	60000	42.02066373825073
15	487.42856	286.56677	1000.0	147.0	54.33951	22.135035	85.7609	19.319284	487.42856	21661.44	0.33846	53.26258	0.3286197	53.367092	45.43391	12.611862	2.7817693	19.43967	3.0786018	-1.1205673e-08	-0.004685369	1.692772e-08	-0.005279309	1456.7235	-200.59436	91.00145	-27.572895	0	0	79.0	0.87230057	0.005786367	64000	44.88034915924072
16	904.0	166.27687	1000.0	616.0	34.927273	12.153588	46.01437	15.80661	904.0	21876.021	0.3217062	55.349403	2.7878265	56.09558	17.004295	9.889136	2.3017044	15.770317	1.1949784	3.695488e-09	-0.003954116	-9.608269e-08	-0.0077917674	1549.9745	-222.79138	53.04286	-24.06111	0	0	5.0	0.8599224	0.017283749	68000	47.508206844329834
17	1000.0	0.0	1000.0	1000.0	29.091312	6.724652	36.44389	18.460516	1000.0	21992.387	0.3054498	59.009556	0.021408835	59.01731	58.697777	3.9852185	1.6199095	8.891196	-1.2536258	1.77145e-07	-0.0014995695	-1.502037e-08	0.0038692069	1430.307	-192.96606	9.476058	-3.3207932	0	0	79.0	0.8592022	0.005914641	72000	49.76326060295105
18	503.7143	356.3701	1000.0	160.0	66.031746	15.065249	95.153435	52.281178	503.7143	22475.443	0.29572952	61.60507	0.70746976	61.728153	50.480362	2.908646	1.5558304	7.174614	-1.5389905	-7.629395e-09	-0.0028160736	-5.64456e-08	-0.03788291	1061.282	-81.546265	119.088066	-47.304382	0	0	6.0	0.8715098	0.011019412	76000	52.37383532524109
19	509.66666	343.99887	1000.0	123.0	48.180096	14.026612	72.221695	29.368973	509.66666	22795.424	0.2849428	63.44368	0.037269115	63.45482	62.850853	9.141971	1.7471989	14.448958	4.1087523	2.682209e-08	-0.0037370895	-5.5789947e-08	-0.009048484	1019.0471	-76.21362	61.666664	-9.041264	0	0	79.0	0.87248737	0.0032643464	80000	55.28264784812927
20	828.75	296.6137	1000.0	315.0	35.519096	9.882948	46.051792	24.891659	828.75	22953.51	0.27325606	65.12617	0.026366534	65.13483	64.70013	6.39045	1.0362613	9.767021	3.0823488	7.4148176e-08	-0.0027392737	-2.2053719e-09	-0.008204774	992.9618	-113.71466	16.572695	-6.1912317	0	0	79.0	0.8646026	0.0030396704	84000	58.2804958820343
21	1000.0	0.0	1000.0	1000.0	24.140892	6.7187643	30.953642	16.179825	1000.0	23050.072	0.26193264	67.15591	0.011542297	67.16115	66.94561	3.9340253	0.6952466	6.2698393	1.8871088	1.578331e-07	-0.0030344792	4.36306e-08	0.002686471	918.22327	-117.524536	7.5273037	-3.028582	0	0	7.0	0.8812358	0.016407585	88000	60.88190007209778
22	1000.0	0.0	1000.0	1000.0	20.830418	4.3809447	26.569477	14.700828	1000.0	23133.395	0.25144994	69.216606	0.0016052381	69.217995	69.19969	2.534312	0.271362	3.4112232	1.7235119	-9.2887876e-07	-0.0016140282	2.9802323e-09	0.00077268574	806.66864	-102.64197	2.6933515	-0.40771818	0	0	79.0	0.8821515	0.0037787952	92000	63.79795050621033
23	1000.0	0.0	1000.0	1000.0	34.756878	9.682752	47.542778	22.863852	1000.0	23272.422	0.24242106	71.13327	0.0014594987	71.134544	71.11898	1.9504411	0.33476752	2.9162645	1.0472391	-1.4443398e-06	-0.0012610555	-1.1920929e-09	0.002665447	709.3459	-89.83307	11.385477	-0.52144146	0	0	79.0	0.8613707	0.0026675852	96000	66.66795611381531
24	1000.0	0.0	1000.0	1000.0	28.436121	9.403027	40.00466	17.537199	1000.0	23386.166	0.23386165	72.92163	0.0014890996	72.92296	72.908676	2.4545298	0.5585424	4.272037	0.9948291	-8.4877016e-08	-0.0027091969	-2.6345253e-08	-0.00047349918	624.17737	-79.18652	8.712356	-0.15049648	0	0	8.0	0.8612517	0.013674262	100000	69.2084310054779
25	1000.0	0.0	1000.0	1000.0	34.314156	6.3671317	41.992508	24.580385	1000.0	23523.422	0.22618675	74.60232	0.0025862232	74.60369	74.55163	2.224158	0.7182416	4.317467	-0.101281285	-2.553463e-07	-0.0016304272	4.4703483e-10	-0.0015839295	549.10236	-70.14111	5.911571	-0.7013416	0	0	79.0	0.86079717	0.0031715408	104000	72.11986255645752
26	636.1667	343.8689	1000.0	157.0	44.17744	18.773867	65.17052	8.524224	636.1667	23798.281	0.22035445	76.18915	0.0044444567	76.19134	76.10365	3.031365	1.1280012	6.5574064	0.15858854	3.0636787e-08	-0.0062947827	1.2040139e-08	-0.004438849	561.1474	-24.737915	30.22489	-4.691553	0	0	79.0	0.8790093	0.00449581	108000	75.03627443313599
27	1000.0	0.0	1000.0	1000.0	30.269949	15.928738	57.763153	19.808254	1000.0	23919.361	0.21356572	77.173904	0.0019077203	77.175354	77.14561	5.0565057	1.0929282	8.958881	1.7944422	1.5211106e-07	-0.0024229556	-6.616116e-08	-0.0005514861	443.53625	-56.993866	18.486872	-5.241765	0	0	79.0	0.85478187	0.0055466057	112000	77.88111329078674
28	826.25	300.94382	1000.0	305.0	49.94368	28.017923	97.12036	23.605108	826.25	24183.246	0.20847626	78.60686	0.012222126	78.61106	78.426926	2.6710265	1.3291281	7.049066	-1.2059886	8.237362e-08	-0.0032566672	2.336502e-08	-0.0062438	411.48264	-41.33893	62.50501	-5.2064323	0	0	79.0	0.83126223	0.0025534471	116000	80.78417205810547
29	1000.0	0.0	1000.0	1000.0	60.46637	33.622124	116.23441	27.502934	1000.0	24425.113	0.2035426	79.87552	0.015228233	79.88044	79.65189	4.7461934	1.9847897	10.302504	-1.4873855	-3.528595e-07	-0.0021148603	-2.4080277e-08	-0.001834718	344.77176	-47.2807	52.23832	-0.6767731	0	0	7.0	0.84452945	0.01520256	120000	82.7613434791565
30	331.18182	173.66835	645.0	110.0	41.126637	15.165706	81.642105	23.939056	331.18182	24898.713	0.20079607	81.20663	0.18633981	81.23428	75.79129	4.556307	1.8772424	11.167793	-1.2871904	-4.768372e-10	-0.0038648862	1.3816357e-07	-0.032830816	742.34186	-93.73328	70.78447	-27.641174	0	0	7.0	0.8458867	0.013960405	124000	85.4679045677185
31	620.0	314.17245	1000.0	241.0	57.85139	28.97608	114.13582	18.486982	620.0	25298.135	0.19764167	77.97267	11.483475	80.9864	-28.142931	9.51069	0.63705033	11.1475935	7.38823	7.2717667e-09	-0.0059068026	5.1498414e-08	-0.03510293	384.22018	-37.36148	88.5932	-8.08709	0	0	4.0	0.8473544	0.016748482	128000	88.04598236083984
32	1000.0	0.0	1000.0	1000.0	30.217663	11.125005	44.752754	13.455411	1000.0	25419.006	0.19256823	81.681	0.038254697	81.69541	81.27995	7.6604934	0.9671754	10.225662	3.9901981	1.66893e-08	-0.0010575778	5.90086e-08	-0.0015590786	285.4752	-41.8479	32.111233	-21.80061	0	0	5.0	0.84796363	0.014771294	132000	90.60896110534668
33	935.75	111.28426	1000.0	743.0	73.74536	22.83219	110.59734	52.83777	935.75	25747.87	0.18932256	83.01271	0.0059229047	83.01523	82.92843	3.2663426	0.31031966	4.229498	2.1170514	-2.3841857e-09	-0.0009377162	-3.838539e-08	-0.0027674672	285.806	-27.522034	53.20314	-16.562576	0	0	79.0	0.84825754	0.0038708746	136000	93.46014881134033
34	909.5	156.7506	1000.0	638.0	43.414154	21.929304	71.13365	19.72639	909.5	25954.59	0.18538992	84.12774	0.015914358	84.133484	83.95231	6.643459	0.9722469	9.293293	3.621856	7.510185e-09	-0.0020481537	-3.4928323e-08	-0.007362178	259.5141	-23.571762	14.099466	-3.5422382	0	0	79.0	0.8340227	0.004086264	140000	96.39067077636719
35	1000.0	0.0	1000.0	1000.0	24.483637	14.98333	47.35919	8.81616	1000.0	26052.525	0.18092032	85.168816	0.010954921	85.17424	85.05312	4.8340383	1.3231875	8.733165	1.39616	4.8470497e-07	-0.0025430303	-7.390976e-09	0.00019899094	187.2431	-30.272598	9.512068	-5.199818	0	0	79.0	0.8462931	0.004530765	144000	99.32478594779968
36	1000.0	0.0	1000.0	1000.0	52.635834	29.29391	103.07358	31.467852	1000.0	26263.068	0.17745316	86.35665	0.005318306	86.35928	86.29111	3.1448593	1.1725761	6.401304	-0.08344531	-6.1059e-07	-0.0018553534	-5.275011e-08	0.028610656	158.42972	-26.680466	25.067982	-3.6203136	0	0	7.0	0.8376133	0.0144040845	148000	101.91183233261108
37	227.05882	61.411312	338.0	103.0	84.44269	27.187895	140.4852	39.10264	227.05882	27733.172	0.18245508	87.496216	0.0019238424	87.49732	87.47505	6.430047	2.5645528	13.376316	1.3198195	1.4901161e-08	-0.002143123	-6.933212e-07	-0.013095531	1278.9738	-92.432495	615.30493	-465.8263	0	0	79.0	0.83828086	0.0016087898	152000	104.78253126144409
38	259.53333	80.34415	413.0	112.0	88.022255	25.851694	138.09012	42.47011	259.53333	29071.107	0.18635325	85.54491	0.0042608883	85.54658	85.48884	24.37533	3.0864487	27.846329	11.392572	2.9683113e-08	-0.0024969645	-2.7656554e-08	-0.0025175312	1055.1637	-64.9364	174.20103	-7.6362915	0	0	79.0	0.8380262	0.0029824786	156000	107.66194272041321
39	304.83334	110.21255	493.0	168.0	82.68008	19.34931	115.48793	50.310505	304.83334	30098.494	0.18811558	83.769104	0.0027118446	83.77035	83.7352	26.09027	2.8578014	29.318575	13.394537	-9.775162e-09	-0.004142622	8.749962e-08	0.0011328825	826.33636	-24.837341	133.3292	-21.630547	0	0	79.0	0.8257119	0.005153244	160000	110.56304931640625
40	809.5	165.27931	1000.0	555.0	93.92757	30.724014	137.97308	56.557922	809.5	30573.84	0.18642585	82.64519	0.0014046793	82.64589	82.630005	23.61385	3.0039752	27.836304	11.230817	5.00679e-09	-0.001320955	1.001358e-08	-0.018703884	390.83704	-12.012054	165.59758	-140.09305	0	0	5.0	0.86076796	0.012894997	164000	113.25058579444885
41	1000.0	0.0	1000.0	1000.0	57.59114	17.862497	76.81795	31.118427	1000.0	30804.203	0.18335836	83.33205	0.0016413502	83.33321	83.311714	10.296869	2.7112856	17.296818	1.0530713	2.1457671e-09	-0.0016531548	-2.6464463e-08	0.034122087	236.49562	-40.179733	44.09489	-20.57673	0	0	6.0	0.86246675	0.0140919415	168000	115.09479784965515
42	1000.0	0.0	1000.0	1000.0	78.413765	16.935368	105.81905	63.412697	1000.0	31117.86	0.18091778	84.73585	0.0010232277	84.73651	84.72607	7.119383	2.3439102	15.215836	-1.3238788	7.882118e-07	-0.0023351053	3.0994416e-09	0.012871945	198.34015	-35.623093	20.44691	-0.9454727	0	0	79.0	0.8619469	0.0047312463	172000	118.00040173530579
43	459.875	191.68948	905.0	272.0	61.687485	15.081835	83.953865	40.46625	459.875	31676.691	0.1799812	86.09773	0.0022015355	86.099106	86.082695	7.4748955	3.1306963	15.968264	-0.62151116	-1.4305115e-09	-0.0033690513	1.335144e-07	-0.0025762843	633.2721	-4.550049	80.08399	-29.467602	0	0	79.0	0.8958989	0.002945546	176000	120.91004729270935
44	669.0	271.42514	1000.0	417.0	67.95367	28.353544	105.646515	28.799934	669.0	32040.854	0.17800474	85.68728	0.0034245923	85.688805	85.634544	12.2118635	3.4410253	20.134556	0.6334207	-6.2584875e-09	-0.0046707923	1.5497207e-08	-0.005597893	341.28735	-5.8081055	42.78515	-6.916153	0	0	79.0	0.89644015	0.0086885765	180000	123.77189993858337
45	995.0	8.6602545	1000.0	980.0	71.343315	33.03345	101.10693	15.757279	995.0	32326.324	0.17568654	86.20067	0.0031275286	86.20224	86.16816	9.652999	3.726912	18.148335	-0.36486667	1.9192695e-08	-0.0024386067	6.198883e-09	-0.006533378	223.07367	-20.774918	30.798128	-5.646015	0	0	79.0	0.8591031	0.0089076655	184000	126.63019156455994
46	482.75	250.16632	1000.0	151.0	59.846893	23.847889	94.85424	33.27878	482.75	32840.2	0.17468192	87.26439	0.033767767	87.27282	86.75033	6.241947	5.1165333	18.967741	-6.986051	-8.5830685e-09	-0.002930235	3.194809e-08	-0.04624952	587.1275	-2.8775024	106.1646	-19.784424	0	0	79.0	0.84483624	0.004803614	188000	129.54032635688782
47	1000.0	0.0	1000.0	1000.0	41.71405	6.496683	49.27613	31.553596	1000.0	33007.055	0.17191175	86.88882	0.22518158	86.92895	84.21021	9.078717	4.0166316	16.993654	-4.669223	1.0228157e-07	-0.00338587	5.5789947e-08	0.043971278	146.52222	-27.328934	40.502438	-28.95183	0	0	6.0	0.83225936	0.019229954	192000	132.11445307731628
48	615.5	296.36505	1000.0	175.0	105.92303	31.945044	147.39478	66.296455	615.5	33688.797	0.17188162	88.126434	0.0018544375	88.12728	88.09964	6.5475235	2.1134999	11.92211	-0.7801826	-9.536744e-10	-0.0022989789	-2.9325486e-08	-0.06597783	390.5647	-0.8370056	217.0321	-66.1266	0	0	5.0	0.83083063	0.014773533	196000	134.6706154346466
49	1000.0	0.0	1000.0	1000.0	26.0029	1.140427	27.603561	24.52328	1000.0	33792.81	0.16896404	88.41712	0.0046612876	88.41919	88.35276	11.451761	2.873742	19.7088	2.1091821	4.005432e-07	-0.003266674	-8.3208086e-08	0.0047724177	114.20605	-23.308464	77.229706	-69.72843	0	0	79.0	0.83075035	0.006737774	200000	137.53945875167847
50	1000.0	0.0	1000.0	1000.0	41.9153	7.174166	49.97163	31.683619	1000.0	33960.47	0.16647288	89.60213	0.0009375331	89.60296	89.59322	4.316996	1.8998141	9.567633	-1.7880902	-9.338856e-07	-0.0015370002	-3.242493e-08	0.040999737	92.03475	-20.786972	12.215221	-1.0279617	0	0	7.0	0.83098745	0.013102637	204000	140.26062965393066
51	1000.0	0.0	1000.0	1000.0	77.82277	5.831355	86.95469	71.35978	1000.0	34271.76	0.16476808	90.78689	0.00052237895	90.787254	90.77956	5.1929955	1.8633252	10.839399	-0.17426534	-7.297993e-07	-0.001578305	1.9550324e-08	0.0068232333	72.25638	-16.711414	22.15189	-5.671747	0	0	79.0	0.8307043	0.0026703659	208000	143.15250635147095
52	799.8	216.58293	1000.0	410.0	109.96822	9.622947	120.279335	97.05415	799.8	34821.6	0.16425283	91.86331	0.00048387598	91.863655	91.85837	7.6509895	2.125964	14.227561	1.4188654	-8.106232e-09	-0.0034238163	-8.106232e-08	-0.016649742	310.47345	-0.07556152	76.19379	-18.132626	0	0	79.0	0.81309086	0.0055759433	212000	145.54949831962585
53	1000.0	0.0	1000.0	1000.0	94.40794	26.815989	117.38119	49.94225	1000.0	35199.234	0.16295941	91.99733	0.0004639858	91.99764	91.99287	11.375227	1.9581577	17.110258	4.577299	-1.1706352e-07	-0.002363054	4.053116e-08	-0.012394707	54.517475	-12.32996	39.346592	-6.7331314	0	0	79.0	0.84116393	0.0053364495	216000	148.47224187850952
54	1000.0	0.0	1000.0	1000.0	86.37392	13.106181	104.776215	69.05782	1000.0	35544.73	0.16156696	92.910095	0.0004350608	92.910446	92.905426	8.676756	1.9138143	14.512595	2.8821278	9.117126e-07	-0.0026096886	1.9073486e-08	0.017228413	42.790188	-10.8676605	31.789297	-1.610899	0	0	79.0	0.86057264	0.004080344	220000	151.3702335357666
55	1000.0	0.0	1000.0	1000.0	126.325356	44.881332	198.52585	82.88194	1000.0	36050.03	0.16093764	93.8265	0.00049271964	93.82682	93.81964	8.035097	2.2044206	14.033378	0.97213376	-1.4472008e-07	-0.002778901	2.193451e-08	-0.0066307876	32.443363	-8.488102	94.83807	-14.9566345	0	0	79.0	0.84391147	0.004554025	224000	154.27870988845825
56	1000.0	0.0	1000.0	1000.0	121.21114	28.061014	151.53496	89.11022	1000.0	36534.875	0.16024068	94.65059	0.00046397973	94.65084	94.64405	11.895473	2.0513966	17.167152	3.7051575	-7.4076655e-07	-0.0023932124	-2.1457673e-08	0.07474204	24.359848	-6.576996	54.989353	-0.6152115	0	0	3.0	0.8459024	0.02280095	228000	156.8351113796234
57	267.0	96.29048	455.0	129.0	131.02994	41.99299	238.11288	75.47661	267.0	38510.094	0.16599178	95.38953	0.0006182994	95.389786	95.382965	13.202726	2.0804193	18.279654	5.7996597	1.6450882e-08	-0.004050589	1.3303757e-07	-0.013270392	1428.3109	-167.27869	828.406	-575.0088	0	0	79.0	0.8464428	0.0042701666	232000	159.730122089386
58	632.1667	227.58107	1000.0	347.0	175.80507	38.217144	254.15565	131.32756	632.1667	39649.78	0.16800755	92.03764	0.0004237165	92.03779	92.03038	30.742937	0.98168445	32.05032	23.758162	-1.525879e-08	-0.0010099731	1.8048287e-07	0.006994307	479.90506	-7.2669983	144.4315	-21.162941	0	0	3.0	0.86050403	0.01596022	236000	162.29271507263184
59	1000.0	0.0	1000.0	1000.0	119.788055	14.908473	143.85146	107.06593	1000.0	40128.934	0.16720389	91.17086	0.000295765	91.17107	91.16614	27.590744	1.3887944	29.850368	19.218088	4.0960313e-07	-0.0035974602	-3.051758e-08	0.007146575	66.35872	-14.334473	269.13083	-217.06221	0	0	79.0	0.86040723	0.004508563	240000	165.6423397064209
