Epoch	AverageEpRet	StdEpRet	MaxEpRet	MinEpRet	AverageEpCost	StdEpCost	MaxEpCost	MinEpCost	EpLen	CumulativeCost	CostRate	AverageVVals	StdVVals	MaxVVals	MinVVals	AverageCostVVals	StdCostVVals	MaxCostVVals	MinCostVVals	LossPi	DeltaLossPi	SurrCost	DeltaSurrCost	LossV	DeltaLossV	LossVC	DeltaLossVC	Penalty	DeltaPenalty	Optim_A	Optim_B	Optim_c	Optim_q	Optim_r	Optim_s	Optim_Lam	Optim_Nu	OptimCase	Margin	BacktrackIters	Entropy	KL	TotalEnvInteracts	Time
0	16.970213	10.544494	62.0	5.0	2.6574337	12.893341	114.09671	0.031770878	16.970213	624.6442	0.15616105	0.0020442856	0.109665275	0.4163637	-0.35847822	0.0056844014	0.14691727	0.50828445	-0.5301526	-2.014637e-08	0.0044178087	3.3378602e-09	-0.098815836	195.69424	-22.749557	274.74005	-14.193085	0.0878712	0.0	0.056197245	-0.002479395	0.12713063	0.05811051	-0.04977839	1.2951106	0.0	0.0878712	0.0	0.0	0.0	0.9189385	0.004438185	4000	2.897350788116455
1	14.981274	8.617312	61.0	4.0	0.7734383	3.4619358	38.740437	0.020141473	14.981274	831.1522	0.103894025	0.9861724	0.5363591	3.580181	-1.7102333	0.68519884	0.63934344	3.7769363	-2.2333562	6.198883e-09	0.0034142525	5.2452087e-09	-0.018072406	130.54834	-45.348076	18.14461	-0.34746552	1.6766273	0.0	0.027225573	0.003795566	0.018252004	0.058747433	-0.041140106	0.05369316	2.6782446	1.6766273	1.0	0.0	0.0	0.9096354	0.004087693	8000	5.399494171142578
2	14.906716	8.023442	52.0	5.0	0.45738626	1.562268	23.608194	0.016585458	14.906716	953.8181	0.07948484	4.1700654	0.36020267	5.712431	2.3865705	0.92563295	0.40825847	2.8426259	-1.4543892	3.7908553e-08	-0.017239492	-2.0682812e-08	0.0023055156	73.42214	-25.395126	4.466111	-0.34841967	0.56378067	0.0	0.037522238	0.009592336	-0.0028586942	0.05186372	-0.016955616	0.02004625	1.977799	0.56378067	2.0	0.0	1.0	0.8909866	0.00304132	12000	7.935914993286133
3	16.097166	8.42583	59.0	4.0	0.37877005	0.56794995	4.7846537	0.016244376	16.097166	1047.4987	0.06546867	7.792996	0.22626674	8.604729	6.4962416	0.74612015	0.2773825	1.9683924	-1.3171237	-2.2172928e-08	-0.020130087	-1.090765e-08	0.0059477617	57.736843	-5.3621407	0.6443463	-0.12211543	0.0	0.0	0.02506917	0.003584866	-0.007531136	0.04105995	-0.011890289	0.008841282	2.0263255	0.0	2.0	0.0	0.0	0.87506235	0.0046836603	16000	8.916958808898926
4	18.063349	9.444076	61.0	5.0	0.6086089	1.5797777	18.342289	0.029666828	18.063349	1182.0718	0.05910359	9.66285	0.49202472	10.673115	6.960636	0.5985576	0.29942545	1.9359757	-0.9480716	3.5762787e-10	-0.01513229	-5.1259996e-09	-0.006780204	62.18429	-2.6842842	3.4984698	-0.07818198	1.2258536	0.0	0.042625003	0.0087013785	0.006012667	0.05819371	-0.02081863	0.027838878	2.2132893	1.2258536	1.0	0.0	0.0	0.85623384	0.004298226	20000	11.401718139648438
5	20.095478	9.474427	58.0	6.0	0.4562261	0.66234004	4.2456484	0.016759768	20.095478	1272.8608	0.053035866	10.874648	0.35720912	11.555688	8.279223	0.61341393	0.2025647	1.4619119	-0.46842846	1.4781952e-08	-0.017985642	-1.9162893e-08	0.002104162	63.176483	-2.2638664	0.51205915	-0.06254941	1.2549388	0.0	0.021762587	0.009545034	-0.0021782955	0.047480084	-0.016377272	0.010429283	1.5099638	1.2549388	2.0	0.0	0.0	0.84606075	0.004401989	24000	14.694343566894531
6	21.342245	9.382569	54.0	5.0	0.36133188	0.41302615	2.6845503	0.01696629	21.342245	1340.4369	0.047872745	11.569176	0.97433746	13.034531	5.8400965	0.51838744	0.14189672	1.2920526	-0.14016345	-9.894371e-09	-0.020468485	-7.659197e-09	0.003831975	60.82679	-1.9968071	0.23621915	-0.057802603	0.0	0.0	0.01845692	-0.0073661897	-0.006497354	0.04023759	-0.0072764554	0.0024309077	2.0059311	0.0	3.0	0.0	0.0	0.8240239	0.00470935	28000	17.861433744430542
7	25.928572	9.960381	56.0	8.0	0.72285587	0.9345092	5.2335224	0.043668076	25.928572	1451.8712	0.045370974	12.057809	1.6205322	14.932127	4.3143916	0.42608094	0.117232315	0.9033834	-0.06935462	1.5616417e-08	0.0024311189	-7.092953e-09	-0.008781646	75.391945	-5.676605	0.6569674	-0.027797699	3.036108	0.0	0.014373482	0.0025816965	0.008594992	0.024323776	-0.009954309	0.009958326	2.3595457	3.036108	1.0	0.0	0.0	0.810091	0.004780364	32000	20.628276824951172
8	24.726707	10.272068	59.0	8.0	0.36318535	0.36282557	2.4112093	0.032611333	24.726707	1510.4264	0.041956287	13.803417	1.462646	16.789684	5.28604	0.5022478	0.108944334	1.0166814	-0.064039625	1.9788741e-08	-0.017537035	-6.377697e-09	0.0030256256	70.598076	-3.6364365	0.16549738	-0.046306424	0.0	0.0	0.01670362	-0.006029304	-0.005533072	0.028440502	-0.0047346223	0.0019099325	1.6864312	0.0	3.0	0.0	0.0	0.7960985	0.004713456	36000	23.586998224258423
9	30.546154	13.03198	92.0	8.0	0.60416096	0.66296566	3.8452144	0.020305201	30.546154	1589.1171	0.039727926	13.493681	2.6473763	17.419952	-0.8557009	0.3923694	0.088867694	0.7576575	0.042447533	9.536743e-09	-0.004242831	1.7881393e-09	-0.0034257765	111.24331	-13.565338	0.27777213	-0.001831919	2.014453	0.0	0.009309616	0.00783514	0.0034099536	0.018702779	-0.0071029635	0.0053711506	1.0900401	2.014453	1.0	0.0	0.0	0.7860382	0.004293285	40000	26.243455171585083
10	29.272058	10.882033	71.0	8.0	0.4929058	0.5168806	2.8501575	0.020951329	29.272058	1656.2721	0.037642546	16.101038	3.1136467	19.568949	-3.2770784	0.40964374	0.07927697	0.77067167	0.06399901	-2.2411346e-08	-0.007200352	1.0430813e-09	0.00021877482	78.98518	-8.174416	0.17684194	-0.0030042976	1.6498824	0.0	0.011248748	0.009986528	-0.00024235413	0.023981156	-0.007450732	0.0043600085	1.0613163	1.6498824	2.0	0.0	2.0	0.76937604	0.0017065526	44000	29.021965503692627
11	30.738462	10.155373	71.0	11.0	0.47296727	0.35741132	1.944353	0.021975955	30.738462	1717.7726	0.03578693	15.34698	3.4071298	19.298931	-2.8160558	0.3816822	0.05984759	0.61983794	0.13567428	-9.23872e-09	-0.009240456	1.3411044e-10	0.0008554568	69.85349	-9.722778	0.08941509	-0.005070485	2.6527414	0.0	0.004491994	0.009605157	-0.00087944325	0.021651799	-0.005797649	0.001958806	0.68386024	2.6527414	2.0	0.0	0.0	0.7532723	0.003935566	48000	31.574748516082764
12	34.41228	12.8246	103.0	10.0	0.57236123	0.4031057	1.9990734	0.021675657	34.41228	1783.5754	0.034299526	15.206295	4.470259	18.915226	-4.3780327	0.35586077	0.042452592	0.51414233	0.1965426	-1.9073487e-09	-0.0017227292	1.2218953e-09	-0.0021757404	101.13924	-18.999031	0.10283313	-0.0019000396	2.3530471	0.0	0.00319826	0.007869383	0.0021027734	0.009246119	-0.0035427515	0.0020752945	0.6375093	2.3530471	1.0	0.0	0.0	0.71347696	0.0038934308	52000	34.17058825492859
13	33.652542	9.906663	85.0	11.0	0.453471	0.28595293	1.5446934	0.039780103	33.652542	1837.3293	0.03280945	17.7981	4.937881	21.669783	-3.9441187	0.38584706	0.03231721	0.51331705	0.25327098	-1.4305115e-09	-0.0074666007	-2.384186e-10	0.0011842122	56.217834	-10.346638	0.05972634	-0.0058398806	1.8600585	0.0	0.003580656	0.0085759135	-0.0013826294	0.012143289	-0.0033903245	0.0013423793	0.64616156	1.8600585	2.0	0.0	1.0	0.68965304	0.0028442682	56000	36.7701370716095
14	36.00901	10.7565155	72.0	18.0	0.4559073	0.29796678	1.5157955	0.028705025	36.00901	1887.9417	0.031465694	16.833912	5.2806993	21.491274	-2.684396	0.33824688	0.045683045	0.4956517	0.09069869	1.4960765e-08	-0.009179673	2.384186e-10	0.0010287012	54.23682	-7.906605	0.053728607	-0.0029185414	1.7404623	0.0	0.007248911	0.0090045445	-0.0012244912	0.016437367	-0.0037201976	0.0015062238	0.89723355	1.7404623	2.0	0.0	1.0	0.67534417	0.002783315	60000	38.337546586990356
15	37.57547	12.550988	82.0	19.0	0.5129069	0.27841252	1.3610296	0.051962778	37.57547	1942.343	0.03034911	17.270737	6.3907094	22.484816	-3.3423243	0.32589546	0.027265564	0.43206224	0.22980535	-2.8729438e-08	-0.0042899814	3.1590461e-09	-0.00033533174	58.317192	-8.094433	0.05072908	-0.00066041574	3.6224577	0.0	0.0031964444	0.009906767	0.00034349295	0.018419445	-0.0043891706	0.0012655073	0.56802523	3.6224577	1.0	0.0	0.0	0.6555389	0.0041269795	64000	40.885255098342896
16	38.009525	9.868175	75.0	24.0	0.47155666	0.23956634	1.387354	0.07934771	38.009525	1991.863	0.029292103	18.244097	6.8570833	24.120403	-1.9536519	0.3395811	0.02442607	0.42950335	0.23520903	-1.2040139e-08	-0.0070273154	-1.4305115e-09	0.0006490107	38.11523	-5.1224823	0.03668609	-0.00059840083	2.924219	0.0	0.0039310083	0.009326054	-0.0007483213	0.014161786	-0.0029156124	0.0008309042	0.6492366	2.924219	2.0	0.0	1.0	0.61934423	0.002593642	68000	43.39349007606506
17	39.81	11.137051	90.0	25.0	0.5365975	0.20743015	1.0791992	0.10719072	39.81	2045.5364	0.028410228	18.047316	7.0360613	24.491175	0.3070746	0.32492456	0.030468034	0.4195178	0.193953	6.9737434e-09	-0.0035627768	1.9446016e-09	-0.0010292721	41.003937	-5.4475746	0.03084744	-0.0018536672	4.2473664	0.0	0.0050701383	0.008662547	0.0009193039	0.011278115	-0.0019805918	0.00063188764	0.7650452	4.2473664	1.0	0.0	0.0	0.58597785	0.004128587	72000	46.195319414138794
18	39.99	11.058476	81.0	22.0	0.45009014	0.15773705	0.9248872	0.19037043	39.99	2090.5466	0.027507193	18.996313	7.7375975	25.985592	1.0804422	0.3550811	0.019988643	0.4151116	0.27443254	-1.7404556e-08	-0.00706163	1.1175871e-09	0.0010183553	36.08305	-4.183098	0.021243576	-0.002909271	1.0127863	0.0	0.0031190552	0.005345706	-0.0012480585	0.0081090955	-0.0012922903	0.0003346695	0.7638516	1.0127863	2.0	0.0	1.0	0.5655407	0.0029652957	76000	49.218682289123535
19	41.705265	9.512178	87.0	27.0	0.5444066	0.17508198	0.984667	0.19385095	41.705265	2142.4417	0.026780521	18.680984	8.243512	26.52227	0.20750012	0.31541076	0.015839284	0.36776513	0.26125526	1.192093e-10	-0.001525447	3.874302e-10	-0.0011509883	26.881952	-3.3083267	0.026676048	-0.0028315224	6.120173	0.0	0.0040232847	0.0066018393	0.0010647719	0.008416985	-0.0012107372	0.00033363322	0.78065276	6.120173	1.0	0.0	0.0	0.5428675	0.0043111183	80000	52.42412996292114
20	43.9011	14.269043	103.0	26.0	0.5019675	0.20112404	1.0501969	0.18919377	43.9011	2188.1384	0.026049268	19.685606	8.647329	27.76817	1.198506	0.35531634	0.01806907	0.4228594	0.27113986	-1.3232231e-08	-0.005239571	3.2037498e-10	-2.1274163e-06	48.286366	-5.4704437	0.02941199	-0.0011573788	1.564082	0.0	0.006306579	0.009994446	4.481641e-05	0.007083543	-0.00053010037	0.00036167228	0.79436034	1.564082	1.0	0.0	2.0	0.5388478	0.0015107562	84000	55.450244426727295
21	43.391304	8.513361	72.0	29.0	0.48321018	0.1622375	0.9443529	0.20266342	43.391304	2232.5984	0.025370436	20.384836	9.322876	29.31387	0.5059116	0.33012405	0.02298987	0.42321888	0.20842221	-7.152557e-09	-0.0051837317	-1.0430813e-09	0.0003818788	20.675499	-2.1967678	0.01960258	-0.00025315024	3.0015078	0.0	0.0014744033	0.009515509	-0.00038693982	0.005248089	-0.0010798998	0.00030903044	0.39363357	3.0015078	2.0	0.0	0.0	0.5278572	0.004120064	88000	58.217106103897095
22	45.16092	11.414724	92.0	25.0	0.50014406	0.15963846	0.8862675	0.20636937	45.16092	2276.187	0.024741163	19.879536	9.529697	29.065865	1.1135135	0.3245907	0.014885662	0.37893265	0.25968885	-9.536743e-09	-0.0015271294	-5.960465e-11	-3.054142e-07	32.95646	-3.5442123	0.019642053	-4.494004e-05	3.7233477	0.0	0.0052557094	0.009999956	3.1900242e-06	0.008477731	-0.0008676255	0.0002336341	0.7249643	3.7233477	1.0	0.0	7.0	0.5091149	0.00017099967	92000	61.07697343826294
23	43.725273	10.582035	88.0	28.0	0.5112267	0.15366246	1.033723	0.24226823	43.725273	2322.7422	0.024195231	20.514257	9.993718	30.685654	1.2392809	0.328534	0.015154363	0.3785519	0.24585317	1.5497208e-09	-0.0055071763	1.4901161e-10	-0.000221938	23.175392	-1.8331585	0.018991427	-0.0003992468	4.494617	0.0	0.004575723	0.009695668	0.0002567557	0.0075101187	-0.0007972702	0.00021661691	0.6869751	4.494617	1.0	0.0	0.0	0.50207806	0.004284915	96000	63.59556722640991
24	45.70115	10.760843	82.0	28.0	0.47931188	0.16363032	0.9717315	0.16623044	45.70115	2364.606	0.02364606	20.53425	9.958359	30.581264	0.7955412	0.342457	0.012193569	0.39454108	0.29178017	-1.0251999e-08	-0.005578132	4.4703484e-11	0.00036938238	24.070278	-1.6912022	0.021913838	-0.00095143355	3.5628455	0.0	0.0025195363	0.00941904	-0.00045268264	0.008821057	-0.001490883	0.00035272946	0.5171982	3.5628455	2.0	0.0	1.0	0.45774293	0.0026984222	100000	66.16680192947388
25	47.42857	13.612219	110.0	29.0	0.5111089	0.16784313	0.96965307	0.16572061	47.42857	2407.5596	0.023149611	20.841364	10.256676	31.164654	0.6262127	0.3213048	0.01711496	0.37489963	0.21422875	1.7881393e-09	-0.0053581474	2.1010638e-09	-0.00025947505	35.09951	-2.973198	0.022340396	-0.00027176924	4.370876	0.0	0.0037503338	0.009680993	0.00023422328	0.0058852993	-0.0006059346	0.00017197315	0.6224078	4.370876	1.0	0.0	0.0	0.4924621	0.004506468	104000	68.78267121315002
26	44.842697	11.797828	96.0	28.0	0.49513477	0.1327998	0.7924177	0.22232562	44.842697	2451.634	0.022700315	21.16985	10.769	32.56755	0.25592297	0.3307356	0.012251849	0.3865305	0.27985767	2.6226044e-09	-0.0072370335	-4.4703484e-11	0.00010555452	23.420134	-1.631073	0.016782895	-1.7561018e-05	3.25668	0.0	0.0043686386	0.009935019	-0.000108495464	0.006787305	-0.0006619193	0.00018114822	0.6631148	3.25668	2.0	0.0	0.0	0.45415032	0.0044030035	108000	69.84523892402649
27	46.337208	13.967246	92.0	29.0	0.5094376	0.15329827	0.91848	0.23817341	46.337208	2495.465	0.022280939	20.930634	10.587741	32.262733	0.33438033	0.3320808	0.011293801	0.36649498	0.2845438	1.0251999e-08	-0.0030866796	-6.556511e-10	-0.00023000846	29.51664	-2.0362358	0.01957414	-4.9343333e-05	5.865055	0.0	0.0018215426	0.009698533	0.00020367262	0.005576765	-0.0007188381	0.00013760258	0.43337777	5.865055	1.0	0.0	0.0	0.45201027	0.003608117	112000	72.3306496143341
28	47.607143	11.455939	103.0	33.0	0.4575644	0.1265166	0.7815883	0.15726851	47.607143	2533.9028	0.02184399	21.897408	10.875543	33.397842	0.29381657	0.33244866	0.013651244	0.37735295	0.26655883	-8.106232e-09	-0.0072517623	0.0	0.0008401442	22.776415	-1.337122	0.014526033	-0.00077795796	0.0	0.0	0.0022388436	0.0035634087	-0.0008913702	0.0053190654	-0.000616625	0.00012344123	0.7293192	0.0	2.0	0.0	0.0	0.42389625	0.004261119	116000	75.06666779518127
29	49.0	10.22343	86.0	34.0	0.5033925	0.12688081	0.90130305	0.2502058	49.0	2574.717	0.021455975	21.510284	10.914088	33.34277	-0.060234636	0.30662543	0.014314241	0.35516143	0.23789813	-1.5318394e-08	-0.005118368	1.3560056e-09	-6.940239e-05	17.226585	-1.0709438	0.014489203	-0.00078779645	5.8865457	0.0	0.0031915125	0.009917211	6.923505e-05	0.004762696	-0.00030161583	5.7900368e-05	0.56728786	5.8865457	1.0	0.0	0.0	0.41059542	0.003738514	120000	77.74983143806458
30	47.975903	9.590376	77.0	33.0	0.5154736	0.13891156	0.86658615	0.2296352	47.975903	2617.5198	0.02110903	21.669209	11.062622	33.914875	0.20288591	0.33346108	0.013319068	0.37695915	0.2652958	-1.2397766e-08	-0.0011485707	-3.9488077e-10	-0.0004123103	13.421217	-0.6632252	0.01649957	-0.00017440505	8.710466	0.0	0.0015451118	0.007901777	0.00032252868	0.003233368	-0.0002893088	4.957754e-05	0.4421988	8.710466	1.0	0.0	0.0	0.385252	0.004282401	124000	80.35390257835388
31	48.780487	14.953606	118.0	32.0	0.47049806	0.12346987	0.74458945	0.19130675	48.780487	2656.1008	0.020750787	21.907076	10.984557	33.89055	0.21368767	0.34435424	0.0107674515	0.3795728	0.29155654	-1.4185906e-08	-0.0060233083	8.9406965e-10	0.00048179823	32.252823	-2.0261364	0.015934423	-0.0013248455	1.0360835	0.0	0.003104213	0.00637055	-0.0006047899	0.005855861	-0.0005265997	0.00010077859	0.6980512	1.0360835	2.0	0.0	1.0	0.35872555	0.0028326765	128000	82.85542416572571
32	46.67059	8.473333	67.0	32.0	0.5197413	0.12829503	0.9001061	0.25090334	46.67059	2700.3079	0.020456878	21.690851	11.52774	35.1312	-0.029913604	0.3094704	0.007978059	0.33657837	0.2538743	3.8146974e-09	-0.0020148123	-5.364418e-10	-0.00045297577	9.936451	-1.3381319	0.015926287	-0.00181391	6.0535474	0.0	0.0020040306	0.00862337	0.00042299222	0.004618552	-0.0005829347	0.00012997135	0.48207396	6.0535474	1.0	0.0	0.0	0.34288728	0.0042381957	132000	85.4002206325531
33	46.430233	7.9219165	78.0	33.0	0.4996769	0.12116332	0.75602496	0.26420397	46.430233	2743.284	0.020171205	21.015617	10.926634	34.19307	0.42914093	0.35239902	0.009870287	0.38362172	0.28396228	5.2452087e-09	-0.004864637	-1.6391277e-10	-6.252222e-05	8.344889	-0.47188663	0.013359722	-0.000103679486	4.606957	0.0	0.002193817	0.009999759	-6.9585476e-06	0.0064838915	-0.0009278994	0.00020069518	0.46838766	4.606957	2.0	0.0	0.0	0.29923475	0.0038710218	136000	88.00153732299805
34	50.240505	9.924034	86.0	34.0	0.48319352	0.11682874	0.80771387	0.23079285	50.240505	2781.4785	0.019867703	21.737026	11.000233	34.06864	0.4602887	0.3437189	0.007927428	0.37289017	0.30207545	-1.2278557e-08	-0.0033485093	1.4156103e-09	0.0002577542	14.346517	-1.4812679	0.012293905	-0.00034520682	3.4746804	0.0	0.00032249268	0.008239002	-0.0003345206	0.0016188785	-0.00028701895	6.3545805e-05	0.19784388	3.4746804	2.0	0.0	0.0	0.31371343	0.003921025	140000	90.6071708202362
35	49.5	11.169154	99.0	35.0	0.5148949	0.14042649	0.8969318	0.19166295	49.5	2822.691	0.01960202	22.199335	11.50036	35.424324	0.16769122	0.32520276	0.007655298	0.3519894	0.28825933	2.503395e-09	-0.0034461357	-8.1956386e-10	-0.00034504387	16.424795	-0.5863037	0.0159471	-0.00030486658	8.895666	0.0	0.0035908325	0.008438087	0.00030090712	0.005351531	-0.00031948215	5.7970654e-05	0.6523423	8.895666	1.0	0.0	0.0	0.3214798	0.004372243	144000	93.52048444747925
36	51.03846	11.354929	95.0	36.0	0.48994768	0.14069337	0.8047787	0.22600922	51.03846	2860.9636	0.019330835	22.604286	11.554089	35.677505	0.50793004	0.3424054	0.007940983	0.3661035	0.29172036	8.8214875e-09	-0.0076189637	7.0035455e-10	8.6966385e-05	15.5848675	-0.7973795	0.015842782	-0.0003592372	0.0	0.0	0.005470665	0.008953876	-0.00019695585	0.0055722175	-6.1365274e-05	3.708128e-05	0.7464729	0.0	2.0	0.0	0.0	0.31017053	0.0043505714	148000	96.26869320869446
37	51.93421	14.072495	107.0	36.0	0.4981842	0.1356177	0.7435106	0.21154098	51.93421	2899.128	0.01907321	22.958302	11.765134	36.305923	0.70804983	0.3248443	0.008888251	0.3487489	0.27345565	5.1259996e-09	-0.0044506704	-5.2899124e-10	9.325244e-06	22.067324	-1.6996765	0.01630462	-3.068149e-05	2.3658676	0.0	0.0017647863	0.009976142	-3.4963385e-05	0.0021255126	-0.00013595226	5.123835e-05	0.42059565	2.3658676	2.0	0.0	0.0	0.31173062	0.004012028	152000	98.87840604782104
38	52.473682	14.747412	115.0	34.0	0.5181051	0.14558056	0.81202453	0.20381452	52.473682	2938.521	0.018836673	23.406437	12.151666	37.335808	0.76152587	0.32918024	0.010132922	0.3661976	0.26841542	-3.5464764e-09	-0.003918065	8.9406965e-10	-0.00035500934	22.746191	-1.2005463	0.018418914	-7.3829666e-05	7.1686344	0.0	0.0026919537	0.0064328485	0.00034503182	0.002699733	-1.6112865e-05	3.337312e-05	0.64689255	7.1686344	1.0	0.0	0.0	0.28474104	0.0041543124	156000	99.84667110443115
39	49.11111	10.218598	78.0	33.0	0.5231088	0.12498752	0.89095354	0.27365172	49.11111	2980.9233	0.018630771	22.928043	12.290945	38.074642	0.7112138	0.33194506	0.015278085	0.38183329	0.26266533	1.4066696e-08	0.0015386753	-1.0058284e-09	-0.00043580055	11.2348995	-1.865572	0.014363844	-0.00041944906	35.88483	0.0	0.0026908028	0.0011008726	0.00047054078	0.0036880928	-0.00015751949	2.4879815e-05	1.5634083	35.88483	1.0	0.0	0.0	0.30345094	0.0036443481	160000	102.46010828018188
40	51.597404	11.108976	97.0	33.0	0.48619968	0.11663414	0.79304594	0.27957028	51.597404	3018.371	0.018404702	22.795237	11.7114725	36.865864	0.38972047	0.35195768	0.009900569	0.383169	0.29819816	5.4836273e-09	-0.0063364995	-5.364418e-10	0.00025438893	12.489456	-0.47412968	0.012603636	-0.00088517554	3.6558735	0.0	0.0019668867	0.008839893	-0.00026746158	0.003972043	-0.00035163044	6.166301e-05	0.4717003	3.6558735	2.0	0.0	0.0	0.27119732	0.004109009	164000	105.24843454360962
41	50.316456	10.249476	83.0	34.0	0.49678966	0.11686227	0.7970452	0.24701683	50.316456	3057.6255	0.018200152	22.681726	11.87553	37.498066	0.6265578	0.32320395	0.015592039	0.3733532	0.25121564	7.390976e-09	-0.0059462204	1.0728836e-09	1.8532306e-05	9.925781	-0.31564236	0.012674587	-0.00030729547	0.69033235	0.0	0.0033824325	0.009871488	-6.38029e-05	0.0034931528	-5.9221933e-05	3.1676547e-05	0.5853603	0.69033235	2.0	0.0	0.0	0.27973473	0.0040651346	168000	108.23077321052551
42	51.285713	15.656091	143.0	33.0	0.5200304	0.14410064	0.879293	0.19030425	51.285713	3097.7202	0.018010002	22.784653	11.800437	37.42258	0.38536358	0.33249187	0.0074839815	0.35451403	0.27867934	2.2649764e-09	-0.006287034	4.5448542e-10	-0.00046363258	28.845285	-1.9959488	0.019005127	-0.00016609393	3.8621497	0.0	0.004641558	0.008515647	0.0003905645	0.004756298	-0.00010858792	0.000102765705	0.73828334	3.8621497	1.0	0.0	0.0	0.268409	0.004171342	172000	110.79629135131836
43	51.454544	8.841381	75.0	36.0	0.5256185	0.12875336	0.8315965	0.30353564	51.454544	3138.253	0.017830983	23.196476	12.366588	39.165787	0.31197727	0.33692506	0.012670052	0.3743326	0.26532805	-1.1920929e-09	0.0005241527	5.960465e-11	-0.0005438947	7.472046	-0.7915149	0.01360879	-0.0002286341	44.861885	0.0	0.0049550133	0.0009804312	0.0004978859	0.0054288977	-0.00011412297	2.748362e-05	2.2480907	44.861885	1.0	0.0	0.0	0.25472105	0.004706846	176000	113.36982464790344
44	51.166668	10.522767	94.0	35.0	0.5250251	0.123243965	0.79227394	0.22097872	51.166668	3179.2173	0.017662318	22.686234	11.94567	38.296867	0.39478916	0.34875804	0.019544996	0.40998507	0.25701794	-7.152557e-09	-0.0035661503	2.9802322e-10	-0.00051377655	9.319593	-0.25899696	0.013984953	-1.2123957e-05	27.794973	0.0	0.0048913322	0.0016290797	0.00048909045	0.0049893716	5.2930118e-05	2.8576247e-05	1.7327759	27.794973	1.0	0.0	0.0	0.2543677	0.004412246	180000	116.14755368232727
45	53.48649	13.383373	106.0	36.0	0.48610735	0.13895474	0.895583	0.19059196	53.48649	3215.2063	0.017473947	23.721619	12.179502	38.58124	0.30250812	0.34755486	0.017883698	0.40580183	0.26235825	-5.722046e-09	-0.006223886	-8.642673e-10	0.00021244367	16.708372	-0.9308176	0.01620366	-0.0011432813	0.21633795	0.0	0.0057136836	0.009123039	-0.0002597413	0.0063554686	-0.00022220089	7.693111e-05	0.79138595	0.21633795	2.0	0.0	1.0	0.2534262	0.0028558257	184000	118.66904592514038
46	51.076923	9.325687	78.0	36.0	0.5213883	0.12791273	0.93898076	0.26437345	51.076923	3255.9412	0.017318835	23.056875	12.437205	39.699142	0.067909434	0.3141402	0.018175973	0.37295777	0.23393154	4.529953e-09	-0.00580729	-4.0978193e-10	-0.00044020725	6.858868	-0.6583457	0.014581892	-0.0010012146	7.596982	0.0	0.0047084494	0.006209796	0.0004187467	0.0047121528	1.3089027e-05	4.6263685e-05	0.87076366	7.596982	1.0	0.0	0.0	0.22372293	0.0044470807	188000	121.4953145980835
47	54.53425	13.060535	101.0	35.0	0.49398386	0.11633531	0.74730825	0.21421522	54.53425	3292.0125	0.017145898	23.51079	12.044809	38.796223	0.44608593	0.34463155	0.01567096	0.39882112	0.26714468	-4.887581e-09	-0.0074658548	4.61936e-10	9.395045e-05	15.2859745	-1.6087446	0.013619083	-0.0006974591	0.0	0.0	0.0050739204	0.009672841	-0.00011031848	0.0052384683	-7.823757e-05	3.7199552e-05	0.72377264	0.0	2.0	0.0	0.0	0.21287298	0.0043025254	192000	124.23073244094849
48	57.869564	14.859646	123.0	39.0	0.49780738	0.13239515	0.800604	0.23080191	57.869564	3326.3884	0.01697137	24.819496	12.764614	40.469025	0.26393324	0.32015297	0.012373775	0.3628649	0.24297331	9.775162e-09	-0.0045748246	3.2782554e-10	2.7426557e-05	18.715443	-1.6842556	0.0144325895	-4.770793e-05	7.7477403	0.0	0.002643573	0.009961177	-3.788894e-05	0.0051772567	-0.0003060856	3.6977148e-05	0.5151579	7.7477403	2.0	0.0	1.0	0.20303762	0.0025813545	196000	126.74846744537354
49	54.150684	11.23311	90.0	37.0	0.53001916	0.1218726	0.89654464	0.28169355	54.150684	3365.4001	0.016827	24.318268	13.153902	41.995403	0.058448255	0.31378606	0.011382709	0.3508026	0.2514295	1.6570091e-08	-0.0036369683	2.384186e-10	-0.0005534445	9.155991	-0.85391426	0.014805036	-0.00092920475	18.833971	0.0	0.007555724	0.0037637209	0.00055436353	0.007969826	-0.00014285177	4.9279217e-05	1.4168679	18.833971	1.0	0.0	0.0	0.20985317	0.0044568256	200000	129.4764850139618
50	57.028572	13.117024	94.0	40.0	0.49996382	0.11564014	0.77470624	0.26372245	57.028572	3400.4062	0.016668659	24.595434	12.651851	40.979397	0.3706162	0.34599805	0.012492054	0.39194742	0.263517	1.847744e-08	-0.009401389	-2.682209e-10	-1.0153785e-05	12.542033	-0.8313532	0.013255786	-0.0009136349	2.7897534	0.0	0.008018806	0.009999993	-6.3441917e-07	0.008500551	-0.00017208567	6.147126e-05	0.8954782	2.7897534	2.0	0.0	0.0	0.19763982	0.004729951	204000	130.64374423027039
51	59.641792	12.895332	107.0	41.0	0.47397026	0.10793501	0.736263	0.2156381	59.641792	3432.165	0.016500793	25.569902	13.188378	42.16458	0.5771272	0.31679314	0.0070326747	0.3366471	0.27126366	-5.4836273e-09	-0.00915827	1.5050173e-09	4.1512147e-05	13.0698395	-0.62600327	0.0110159945	-0.00032943767	0.0	0.0	0.008136557	0.005264661	-0.0004364345	0.008138574	-9.006242e-06	4.0224168e-05	0.90214044	0.0	2.0	0.0	0.0	0.21801794	0.004339666	208000	133.13287544250488
52	56.92857	13.428457	98.0	40.0	0.54824024	0.14021444	1.0142807	0.28158283	56.92857	3470.5674	0.0163706	24.673046	13.222891	42.779316	-0.02767475	0.30111828	0.012355589	0.34536812	0.22814965	-1.3589859e-08	0.0040437393	1.1026859e-09	-0.00058005244	11.030775	-0.47717094	0.018653894	-0.0017857645	16.957546	0.0	0.00960663	-0.010654248	0.000847382	0.011128346	-0.00023000721	3.4765548e-05	0.0	16.957546	0.0	0.0	0.0	0.2000947	0.004575017	212000	135.65662026405334
53	56.913044	12.4175415	102.0	39.0	0.51144356	0.11705291	0.76078063	0.28605127	56.913044	3505.9033	0.016231034	25.314362	13.129219	43.254025	0.6719803	0.34429783	0.012242159	0.39183542	0.26941755	2.7418137e-09	-0.009173884	-9.685755e-11	-0.00021190329	9.686283	-0.28757	0.013036148	-0.0005155392	3.7958794	0.0	0.008870933	0.0094107315	0.00020107087	0.008932994	-6.5252774e-05	6.860962e-05	0.97089654	3.7958794	1.0	0.0	0.0	0.18902409	0.004022595	216000	138.20392990112305
54	60.892307	14.982167	137.0	43.0	0.5119049	0.12281863	0.80771774	0.18360615	60.892307	3539.366	0.016088028	25.791655	13.508413	43.529484	0.4350543	0.32286096	0.0077174357	0.3502289	0.27498576	5.00679e-09	-0.0026627984	-6.2584876e-10	-0.00022580397	17.358944	-1.2365513	0.013442651	-3.138464e-05	17.969906	0.0	0.0032985692	0.008235755	0.00019550738	0.0065589137	-0.00026577583	2.1665439e-05	0.632865	17.969906	1.0	0.0	0.0	0.19463146	0.004587907	220000	140.73144578933716
55	61.671875	12.741486	101.0	43.0	0.49199104	0.118204884	0.8172722	0.23125118	61.671875	3570.8755	0.015941408	26.800697	13.792524	44.65677	0.7161428	0.32055292	0.008426805	0.34976578	0.2599099	-1.0490417e-08	-0.011330558	3.5762787e-10	-7.553522e-05	9.809717	-0.4756012	0.012088968	-0.0002033282	0.0	0.0	0.012259747	0.009306826	-0.00012986401	0.012940682	0.00012871243	2.4329627e-05	1.1375712	0.0	2.0	0.0	0.0	0.20560825	0.004594633	224000	143.45549869537354
56	61.873016	14.040182	105.0	43.0	0.5060155	0.1200809	0.7736221	0.24417228	61.873016	3602.7695	0.015801622	26.81513	13.827246	44.77309	0.86858785	0.3075078	0.008444594	0.3397287	0.2593202	0.0	-0.009152986	8.046627e-10	-8.084819e-05	17.435755	-1.6656027	0.012792539	-2.3537315e-05	5.007724	0.0	0.009046638	0.009695555	9.722299e-05	0.009168916	-6.1615385e-05	3.1047723e-05	0.96595585	5.007724	1.0	0.0	0.0	0.19512868	0.0041636773	228000	146.0660755634308
57	67.77966	18.9093	131.0	44.0	0.47849768	0.13257302	0.7763167	0.24029155	67.77966	3631.002	0.01565087	28.038507	14.305464	45.959667	0.48097885	0.3095496	0.0075184023	0.33455524	0.2509652	7.212162e-09	-0.010861564	2.2351742e-11	0.00012474234	23.181526	-2.3319054	0.0140545005	-0.00066318363	0.0	0.0	0.011491737	0.008836705	-0.00031723847	0.011538097	-6.333007e-05	8.651315e-05	1.0741553	0.0	2.0	0.0	0.0	0.17692995	0.0045192945	232000	149.26953172683716
58	67.66102	14.636395	129.0	46.0	0.5023141	0.11739241	0.87627965	0.25721157	67.66102	3660.6667	0.0155112995	28.461718	14.768166	47.92115	0.93241286	0.28616467	0.009603215	0.3263232	0.2222762	7.033348e-09	-0.013400421	1.7881394e-10	-3.3570974e-05	12.045935	-0.44102955	0.011794735	-0.0005663987	10.735806	0.0	0.01629713	0.0099614	3.420124e-05	0.018915715	-0.00028169638	3.0303721e-05	1.2790731	10.735806	1.0	0.0	0.0	0.17377031	0.0047373143	236000	151.922758102417
59	67.23729	18.798069	131.0	45.0	0.5194344	0.13445641	0.77076334	0.21913166	67.23729	3691.3296	0.01538054	28.478899	14.869301	48.170544	0.73039526	0.30528778	0.007277304	0.31956145	0.24298638	-1.0848045e-08	-0.004709345	-1.6391277e-10	-0.0003300838	19.142466	-1.501873	0.015000564	-0.0002835933	32.119762	0.0	0.010579874	0.005307806	0.00028904187	0.01209303	-0.00016414009	1.7805149e-05	1.411831	32.119762	1.0	0.0	0.0	0.19027436	0.0036545538	240000	154.81390833854675
60	69.333336	18.1836	152.0	46.0	0.50426584	0.12231102	0.744048	0.22808008	69.333336	3720.2156	0.015246785	29.093267	14.960843	49.301754	0.8001244	0.30604756	0.01223718	0.3534279	0.23153122	-2.1457671e-09	-0.01063093	4.1723253e-10	-2.2845283e-05	18.398567	-0.7172489	0.012283154	-0.00020944048	8.015477	0.0	0.011279358	0.009840419	6.15266e-05	0.011931192	-0.00012434856	2.372161e-05	1.0706201	8.015477	1.0	0.0	0.0	0.1914674	0.0045100255	244000	157.4682846069336
61	74.15094	18.158003	133.0	51.0	0.46560043	0.123349875	0.74986386	0.23714767	74.15094	3744.928	0.015100516	30.622782	15.4107685	50.07695	0.82079077	0.29546326	0.0061197923	0.31057462	0.24396142	1.859665e-08	-0.013375889	-7.4505804e-11	-6.790357e-05	17.282213	-1.2530727	0.0116849495	-0.0006618593	0.0	0.0	0.017666657	0.006487268	-0.0004639128	0.017907005	0.00012134842	6.126715e-05	1.3381706	0.0	2.0	0.0	0.0	0.19666171	0.0044578933	248000	160.0127935409546
62	74.66038	18.09612	139.0	49.0	0.5020597	0.13282938	0.84395564	0.24239857	74.66038	3771.5522	0.014966477	30.336573	15.606559	51.109276	0.69727707	0.27029172	0.0055692657	0.28337708	0.22729409	-4.708767e-09	0.0	-6.2584876e-10	0.0	16.16208	-1.4376898	0.012758004	-0.0003371369	3.0713875	0.0	0.016996892	0.009981625	2.7587566e-05	0.01719791	-9.12481e-05	4.142003e-05	1.3049208	3.0713875	1.0	0.0	9.0	0.18708742	0.0	252000	161.4778790473938
63	76.19231	18.399454	127.0	45.0	0.49772102	0.14946541	0.8320852	0.23423778	76.19231	3797.4473	0.014833778	31.650578	16.306877	52.52253	0.6373053	0.28725716	0.0064995084	0.31093192	0.24023703	-5.722046e-09	-0.010939961	-8.1956386e-10	-1.5185945e-05	14.1916895	-0.8262787	0.013327679	-9.523053e-05	7.240879	0.0	0.010524692	0.0099628065	-2.9910942e-05	0.0122716045	-0.00020498986	2.4054345e-05	1.0278124	7.240879	2.0	0.0	0.0	0.18708742	0.004286896	256000	164.29566383361816
64	78.74	18.545954	157.0	55.0	0.5039884	0.12164991	0.8534048	0.21361588	78.74	3822.8909	0.0147034265	31.103813	15.688605	52.80924	0.63474625	0.28235406	0.006583914	0.29678816	0.24088746	-1.9073487e-09	-0.014896257	4.842877e-10	-8.688324e-05	16.895344	-1.8593473	0.011102318	-7.012021e-05	15.371821	0.0	0.023012673	0.0099248085	5.0652594e-05	0.028882584	-0.00044754133	3.412203e-05	1.5227284	15.371821	1.0	0.0	0.0	0.18003845	0.0042565046	260000	167.3186309337616
65	88.8	27.855658	170.0	51.0	0.4761466	0.14697237	0.7730589	0.20467709	88.8	3844.3254	0.0145618385	34.22696	16.788538	54.46074	0.7207216	0.2878939	0.0055485745	0.30236346	0.2339046	-5.7816507e-09	-0.011724846	1.4901162e-11	0.00013733943	33.330795	-5.994335	0.015359843	-0.0014245193	0.0	0.0	0.010462071	0.005797731	-0.00026861927	0.012976181	-0.00020777219	1.7170802e-05	1.1391305	0.0	2.0	0.0	0.0	0.1697967	0.004364364	264000	169.89220118522644
66	85.5	18.711483	138.0	53.0	0.4982212	0.13199572	0.8660938	0.23803508	85.5	3867.7407	0.014431869	34.1975	17.77336	57.538265	0.8493779	0.2513357	0.0041535664	0.25674802	0.2165534	0.0	-0.013391342	-8.3446505e-10	-7.849454e-06	13.57784	-1.6591978	0.012189037	-0.0009478489	17.138432	0.0	0.016024979	0.0099674575	-2.080481e-05	0.020894855	-0.0002545058	1.3300792e-05	1.2679628	17.138432	2.0	0.0	0.0	0.17030692	0.0045506954	268000	172.53319120407104
67	87.066666	20.356161	136.0	53.0	0.5080364	0.13967489	0.83759284	0.2744301	87.066666	3890.6245	0.014303766	34.483994	17.080645	56.906868	0.9535942	0.2810592	0.01344114	0.3364742	0.19613142	6.0796737e-09	-0.013753454	-2.4214386e-10	-4.347643e-05	16.479504	-2.1204166	0.012451891	-0.00030686613	0.32172436	0.0	0.01748107	0.009588741	9.23014e-05	0.018152745	0.00011795883	2.0715795e-05	1.3502159	0.32172436	1.0	0.0	0.0	0.16249585	0.0042846715	272000	175.24291372299194
68	93.7381	30.432642	220.0	62.0	0.496565	0.13275863	0.8110747	0.18597597	93.7381	3911.675	0.014172736	35.464615	17.350168	58.406815	0.33194506	0.27354065	0.0048327344	0.2799883	0.22523029	-2.360344e-08	-0.016369352	-7.4505804e-11	1.9444838e-05	31.940115	-5.697426	0.0128272055	-0.00039821863	1.0225843	0.0	0.025608378	0.0099782115	-3.6644502e-05	0.025848843	-0.00012173697	6.163009e-05	1.602008	1.0225843	2.0	0.0	0.0	0.1615144	0.0043619205	276000	177.78402256965637
69	105.21622	29.345228	190.0	60.0	0.4703788	0.14335477	0.7711684	0.23013371	105.21622	3929.3857	0.014033521	38.68964	18.808231	61.4513	0.3565222	0.25622284	0.006295471	0.27445275	0.2018345	8.5830685e-09	-0.014953103	-8.419156e-10	-0.000114837494	24.188005	-3.0511818	0.011791876	-0.0005191956	0.0	0.0	0.020218212	0.008096203	-0.0002815271	0.02104546	0.00018557842	4.1631276e-05	1.4507054	0.0	2.0	0.0	0.0	0.15413451	0.0044043814	280000	180.49376487731934
