Epoch	AverageEpRet	StdEpRet	MaxEpRet	MinEpRet	AverageEpCost	StdEpCost	MaxEpCost	MinEpCost	EpLen	CumulativeCost	CostRate	AverageVVals	StdVVals	MaxVVals	MinVVals	AverageCostVVals	StdCostVVals	MaxCostVVals	MinCostVVals	LossPi	DeltaLossPi	SurrCost	DeltaSurrCost	LossV	DeltaLossV	LossVC	DeltaLossVC	Penalty	DeltaPenalty	Optim_A	Optim_B	Optim_c	Optim_q	Optim_r	Optim_s	Optim_Lam	Optim_Nu	OptimCase	Margin	BacktrackIters	Entropy	KL	TotalEnvInteracts	Time
0	15.87251	9.987227	52.0	5.0	1.3597023	7.9088383	93.14845	0.029118454	15.87251	341.46982	0.085367456	-0.003936012	0.10932179	0.3987711	-0.43898588	0.002319448	0.15011978	0.5034088	-0.48786157	1.0561943e-07	0.011025024	-8.392334e-08	-0.023718303	177.45462	-21.933563	114.3704	-3.7630844	0.36852866	0.0	0.040755976	-0.029842598	0.054162975	0.053065117	-0.030105272	0.07363044	0.0	0.36852866	0.0	0.0	0.0	0.9189385	0.003738394	4000	2.814666271209717
1	14.024561	8.005443	54.0	5.0	0.5924579	2.2014527	30.528658	0.01893141	14.024561	510.57587	0.06382199	1.0293558	0.2678775	2.5427203	-1.022413	0.91820526	0.18816826	1.7197609	-0.4713813	-1.8239021e-08	-0.0010116145	6.198883e-09	-0.0065722726	112.92152	-42.359627	8.721551	-1.1168003	1.9265265	0.0	0.013440352	0.0075953095	0.0065925694	0.05098645	-0.02604999	0.018073834	1.3302479	1.9265265	1.0	0.0	0.0	0.910024	0.004115456	8000	5.584064722061157
2	14.518249	7.544614	51.0	5.0	0.45077738	1.6408602	25.970917	0.03066839	14.518249	634.1726	0.052847717	4.2719316	0.15509835	4.8365602	3.4580963	0.87558514	0.39955246	2.729153	-1.21236	-2.5987624e-08	-0.01590205	2.6822091e-09	0.0027182528	65.222435	-21.762833	4.740168	-0.53382635	0.6200631	0.0	0.02816996	0.00910659	-0.0033903965	0.043275274	-0.013940879	0.012866208	1.7587949	0.6200631	2.0	0.0	1.0	0.88581264	0.003046839	12000	8.027363538742065
3	15.853174	9.146421	55.0	4.0	0.4919881	1.3839904	17.854744	0.025148729	15.853174	758.16046	0.04738503	7.7907968	0.20410979	8.221919	6.420518	0.5739747	0.13267902	1.1162786	-0.022537874	-1.7523766e-08	-0.009274265	4.6491624e-09	0.00038194226	66.37555	-6.1849213	2.4902968	-0.00528121	0.6171396	0.0	0.031373978	0.009985655	-0.0005053819	0.03930597	-0.011883984	0.017804997	1.7725419	0.6171396	2.0	0.0	3.0	0.873688	0.0012082689	16000	10.51023244857788
4	16.393442	7.9933963	47.0	6.0	0.41694665	0.69980866	7.6633162	0.025833916	16.393442	859.89545	0.04299477	9.853894	0.45198065	10.401154	7.317339	0.5638721	0.1346128	1.1536454	-0.048380345	9.298325e-09	-0.017651465	1.7672777e-08	0.003768807	46.459053	-1.0702553	0.6321751	-0.07870644	0.0	0.0	0.0223874	0.004864918	-0.0050662546	0.031295784	-0.006672872	0.00499835	1.7690614	0.0	2.0	0.0	0.0	0.8592975	0.004644208	20000	13.013018369674683
5	17.60793	9.114085	68.0	6.0	0.34762514	0.44738644	3.981864	0.02494095	17.60793	938.8134	0.039117225	9.901146	0.3936856	10.350302	7.0955973	0.4297646	0.021276219	0.5154645	0.34225085	-1.0609627e-08	-0.018281903	1.7285346e-09	0.0027036753	61.073257	-2.3478127	0.23944308	-0.01685524	0.0	0.0	0.020988293	-0.027428335	-0.008653764	0.032615915	-0.004823366	0.002000827	1.8059877	0.0	3.0	0.0	0.0	0.84199274	0.0045103813	24000	15.52841591835022
6	21.808743	10.959516	63.0	6.0	1.1402045	7.767402	103.74216	0.008169253	21.808743	1147.4862	0.04098165	10.604028	0.85627025	12.8647785	6.0309844	0.3323589	0.037343126	0.4867977	0.2053647	-7.390976e-09	-0.016577132	1.4305115e-09	-0.028917212	80.884514	-6.9222794	74.79025	-6.813835	0.1361343	0.0	0.03646017	0.00881068	0.029355409	0.03855097	-0.038921993	0.72456586	2.0342512	0.1361343	1.0	0.0	0.0	0.8236323	0.0041156714	28000	18.00313448905945
7	25.634615	12.429332	72.0	6.0	0.8877922	1.4119499	10.972798	0.01812345	25.634615	1285.9855	0.040187046	12.795258	1.6090801	15.588598	4.0731874	1.439401	1.9275417	8.266479	-6.223027	2.9325486e-08	0.016628265	8.106232e-09	-0.013419345	95.97922	-6.5628586	6.2248907	-4.309827	0.7197124	0.0	0.012909787	-0.0018539419	0.015127679	0.041756973	-0.023598948	0.019305535	0.0	0.7197124	0.0	0.0	0.0	0.8075298	0.0042599104	32000	20.420343160629272
8	22.404495	11.045075	60.0	6.0	0.5895111	1.1877965	8.970471	0.009884359	22.404495	1390.9496	0.03863749	14.414869	1.490263	17.713158	5.4626675	0.7932949	0.34937626	2.9574168	-1.0545386	6.437302e-09	-0.0076167258	-4.1723253e-10	-0.0038596631	77.460815	-6.593193	1.6500324	-0.14654136	1.9278376	0.0	0.019396193	0.008251099	0.0039952295	0.03380964	-0.011469464	0.009126796	1.5332125	1.9278376	1.0	0.0	0.0	0.8057938	0.0043881387	36000	22.83514928817749
9	22.59887	9.118343	53.0	6.0	0.3258323	0.46620578	4.6171107	0.016690318	22.59887	1448.622	0.036215547	13.000057	1.7952074	15.98536	4.4104447	0.62123483	0.1935055	1.4917613	-0.17384753	-9.536743e-09	-0.018710628	9.536744e-10	0.0040541734	56.117783	-4.7455635	0.36193424	-0.13672015	0.0	0.0	0.016202906	-0.009518284	-0.0077069206	0.034171302	-0.0073946007	0.0030431275	1.8485482	0.0	3.0	0.0	0.0	0.77869934	0.004788925	40000	25.189237117767334
10	26.41722	11.537647	77.0	8.0	0.74732953	1.1892146	8.914546	0.013549429	26.41722	1561.6442	0.035491914	12.244737	2.4802954	16.49935	1.8576381	0.25862002	0.19566621	1.1275624	-0.674477	-9.536743e-09	0.0030611095	-5.185604e-09	-0.009606731	80.33288	-12.3953705	1.334911	-0.24826348	4.272393	0.0	0.025724668	0.001876968	0.009362436	0.037858445	-0.011442682	0.010790948	3.7020855	4.272393	1.0	0.0	0.0	0.7551437	0.004690132	44000	27.61150360107422
11	25.106918	9.053018	54.0	7.0	0.39767697	0.51461715	3.6318922	0.01514605	25.106918	1625.1377	0.033857036	14.419837	3.0233538	18.11532	1.5731518	0.68092537	0.20127968	1.234699	0.10200015	1.4305114e-08	-0.014601428	-1.7821788e-08	0.0033309965	50.120846	-7.6198616	0.34509313	-0.15040347	0.312312	0.0	0.011896504	0.0041084806	-0.0040754913	0.033562765	-0.007815528	0.0028192438	1.7016454	0.312312	2.0	0.0	1.0	0.7451017	0.0029584907	48000	29.865606784820557
12	29.257353	12.23363	74.0	9.0	0.55476815	0.6507505	3.6719959	0.020139014	29.257353	1700.6267	0.03270436	13.343641	3.8021245	17.58228	-1.1251357	0.3355428	0.12636635	0.7076595	-0.13239415	-2.3841857e-09	-0.008905146	1.013279e-09	-0.0018668908	73.724174	-13.746372	0.2988202	-0.015288711	1.8533074	0.0	0.014830433	0.009308011	0.0018719446	0.024568042	-0.007022143	0.0050639217	1.262259	1.8533074	1.0	0.0	0.0	0.72790605	0.0040610987	52000	32.182469606399536
13	29.518518	10.264539	63.0	9.0	0.4413335	0.5157309	3.4093153	0.017255561	29.518518	1760.2767	0.03143351	15.341642	4.745656	19.55505	-1.167992	0.41582972	0.07491345	0.628032	0.07266515	-1.525879e-08	-0.0127075715	2.8014182e-09	0.0016425637	46.31773	-7.0431824	0.1950236	-0.013349548	1.4683819	0.0	0.014038444	0.00866317	-0.0019874473	0.030005546	-0.006868639	0.0029547126	1.2729784	1.4683819	2.0	0.0	1.0	0.6920455	0.0028778673	56000	34.573707580566406
14	31.283464	10.016442	68.0	15.0	0.44350576	0.4138722	2.389817	0.017453894	31.283464	1816.7455	0.03027909	14.91664	5.666405	20.173584	-0.41177416	0.35774598	0.11717007	0.7239069	-0.019679477	2.6941299e-08	-0.011723852	-2.9802323e-09	0.0015248862	40.645798	-5.6906433	0.11901474	-0.006780505	2.0731502	0.0	0.009028656	0.00817974	-0.0018058817	0.02660493	-0.005611591	0.0017916173	1.0506107	2.0731502	2.0	0.0	1.0	0.67529625	0.0026108155	60000	37.01444172859192
15	33.436974	9.853241	67.0	17.0	0.59653306	0.55251896	2.712196	0.03668667	33.436974	1887.8418	0.029497528	15.4138365	6.436614	21.187172	-0.5685536	0.31784672	0.06665902	0.54733574	0.0715426	-2.360344e-08	-0.0040636566	6.7800285e-09	-0.0029409854	35.669056	-4.6660213	0.2052481	-0.016801178	3.0359585	0.0	0.012892969	0.0077023692	0.0028870155	0.027494935	-0.0072780447	0.0036275892	1.2937915	3.0359585	1.0	0.0	0.0	0.6582067	0.004235952	64000	39.41770052909851
16	35.63393	11.602029	99.0	18.0	0.47874522	0.3342741	1.636825	0.025908561	35.63393	1941.4735	0.028551081	16.68964	7.0739026	22.839592	0.21853453	0.4501498	0.060701247	0.65831894	0.23129188	7.092953e-09	-0.0067485375	6.854534e-10	0.0005392705	46.427017	-4.9503784	0.08114369	-0.013688989	2.973597	0.0	0.0020088917	0.009774741	-0.00059647585	0.017629392	-0.0049670567	0.0015794405	0.45334166	2.973597	2.0	0.0	0.0	0.6306108	0.002829834	68000	41.820136308670044
17	36.28182	9.705792	75.0	17.0	0.49650517	0.28271383	1.2974781	0.019139469	36.28182	1996.121	0.027723903	17.159071	7.7097034	24.11066	0.4928926	0.33596203	0.046219487	0.52443904	0.18274418	-7.987023e-09	-0.008312004	2.9802322e-10	5.9435366e-05	28.528097	-2.8243713	0.04861456	-0.00019440427	3.3185704	0.0	0.0063473796	0.009991617	-9.6324526e-05	0.019052552	-0.0037500944	0.0011068884	0.7970386	3.3185704	2.0	0.0	0.0	0.6401567	0.0035671906	72000	44.34679675102234
18	37.980953	12.083818	92.0	21.0	0.49415123	0.22823633	1.1915821	0.054259896	37.980953	2048.0386	0.026947876	17.349508	8.137328	24.77626	1.0294917	0.33189672	0.04419024	0.49333742	0.16364345	-5.1259996e-09	-0.008484337	-7.0035455e-10	7.84605e-05	39.866207	-3.9028625	0.03473356	-0.000692863	3.3857353	0.0	0.0062076077	0.009968386	-0.00015399206	0.015648868	-0.0026611686	0.0007500925	0.7891321	3.3857353	2.0	0.0	0.0	0.6149726	0.0036657236	76000	46.87762665748596
19	41.125	11.329579	81.0	23.0	0.4873047	0.23224577	1.2938511	0.07500853	41.125	2094.8857	0.026186071	18.68066	8.748905	26.352436	1.2490371	0.34035778	0.028118119	0.4442778	0.21380414	8.46386e-09	-0.0047616605	-9.834766e-10	0.00027636535	38.733734	-3.6938057	0.032121193	-0.000749737	3.5862243	0.0	0.0020975992	0.009776908	-0.0003087006	0.008665029	-0.001674917	0.00042716056	0.46319142	3.5862243	2.0	0.0	1.0	0.59508055	0.0020648134	80000	49.33844208717346
20	40.948452	9.442579	74.0	24.0	0.49266434	0.22171845	1.4680016	0.12296507	40.948452	2142.7532	0.025508966	19.092684	9.286745	27.661951	1.4062418	0.32544196	0.035162162	0.43667024	0.19394062	-5.00679e-09	-0.0069424375	-7.4505807e-10	0.00016890852	23.65641	-1.91115	0.030214174	-0.00011844374	3.3025053	0.0	0.005707946	0.009930632	-0.00017914384	0.0116909435	-0.0016637254	0.00046264136	0.75814366	3.3025053	2.0	0.0	1.0	0.5763865	0.0021009804	84000	51.92381048202515
21	42.010525	10.291023	80.0	25.0	0.5202537	0.22580548	1.2067106	0.10995696	42.010525	2192.1946	0.024911301	18.843813	9.395932	27.956102	1.4313246	0.3355919	0.033593778	0.43893814	0.21848097	9.6559525e-09	-0.0038651854	4.61936e-10	-0.000562931	24.921215	-2.0444279	0.0334851	-0.00017562136	3.8201568	0.0	0.0036030766	0.009590814	0.00048211057	0.0097889695	-0.0018745083	0.0005680314	0.6129274	3.8201568	1.0	0.0	0.0	0.5652306	0.0035613633	88000	54.22974395751953
22	42.08421	10.123098	87.0	27.0	0.5016694	0.1580888	1.1077405	0.22701727	42.08421	2239.8813	0.024346536	19.261723	9.679498	28.88004	1.9382415	0.3528362	0.02738912	0.43713716	0.2530121	-6.198883e-09	-0.0046224506	-5.5134297e-10	-3.220309e-05	23.133028	-1.447279	0.020403467	-0.00027416088	4.6220074	0.0	0.0019398723	0.00999422	3.9668248e-05	0.0075959796	-0.0012409227	0.00027225248	0.44056714	4.6220074	1.0	0.0	0.0	0.55533713	0.003347483	92000	56.12832307815552
23	42.7957	9.692652	72.0	28.0	0.49426717	0.1604642	0.9422462	0.16070442	42.7957	2285.8687	0.023811132	19.501915	9.8888645	29.351408	1.714986	0.34072235	0.02141787	0.40603435	0.26512706	-3.4570693e-09	-0.0048747603	2.95043e-09	0.00012232154	19.697033	-1.2618008	0.01973028	-4.868023e-05	3.8968751	0.0	0.0026885467	0.0097873155	-0.00013395818	0.0045757894	-0.00039903884	8.437281e-05	0.5241155	3.8968751	2.0	0.0	1.0	0.5639447	0.0024640525	96000	58.43938446044922
24	43.380436	9.4107275	67.0	31.0	0.49080446	0.14956084	0.987236	0.22324812	43.380436	2331.031	0.02331031	19.703554	9.9583435	29.786005	1.9089735	0.33238757	0.01766003	0.3979514	0.26743698	-3.8743018e-09	-0.0055886097	-1.0430813e-10	0.00017197363	17.890774	-1.3178749	0.01739386	-5.0570816e-05	3.9843059	0.0	0.0034668678	0.009826107	-0.00021197427	0.008633862	-0.0011554782	0.00025839583	0.5939883	3.9843059	2.0	0.0	1.0	0.5599862	0.0027682749	100000	60.74026155471802
25	45.261364	12.182788	91.0	28.0	0.4813817	0.15428312	0.9101202	0.21626489	45.261364	2373.4543	0.022821676	20.125097	10.042202	30.269325	1.0767281	0.33335522	0.019466925	0.40533456	0.25145748	-9.536743e-09	-0.0073156245	-8.493662e-10	0.000402582	28.287045	-2.4129086	0.018931398	-0.00020775758	3.380209	0.0	0.003259615	0.009366434	-0.0004113505	0.008172458	-0.0011454674	0.00026707462	0.5899239	3.380209	2.0	0.0	0.0	0.54601485	0.003755011	104000	63.05698752403259
26	45.238636	9.400187	77.0	30.0	0.50539523	0.13288741	0.8469924	0.25309053	45.238636	2417.9475	0.022388402	20.584724	10.554719	31.53665	0.5112896	0.3218382	0.014878383	0.36983827	0.26215926	1.34706495e-08	-0.0039566983	2.9802324e-11	-0.00012140556	17.07956	-1.2101755	0.0151974205	-0.00048946403	5.1787286	0.0	0.0020075561	0.009917374	0.00011926163	0.0060857325	-0.00083786895	0.00017214175	0.44992024	5.1787286	1.0	0.0	0.0	0.52166975	0.0034634718	108000	65.3870997428894
27	49.37037	14.92735	109.0	29.0	0.45573434	0.14413664	0.8902881	0.17926751	49.37037	2454.862	0.02191841	21.353949	10.4052515	31.67767	0.93412095	0.3406045	0.014666854	0.38956606	0.27916178	-1.37090685e-08	-0.009292861	1.0877848e-09	0.00081537577	39.034046	-5.0423775	0.018699912	-0.0022873636	0.0	0.0	0.0043982947	0.0047363243	-0.00089660374	0.008028096	-0.0007445561	0.00015272565	0.89599645	0.0	2.0	0.0	0.0	0.49572754	0.0048180027	112000	67.67908644676208
28	47.32143	12.027905	102.0	34.0	0.5344471	0.15536037	0.92845786	0.22571246	47.32143	2499.7715	0.021549754	21.810875	11.432454	33.82322	0.121551335	0.2969262	0.01565092	0.34378126	0.23637986	1.3113022e-08	-0.0013938766	-4.1723253e-10	-0.00072628446	23.541405	-1.7597961	0.02347119	-0.0031361487	6.9810877	0.0	0.003013867	0.0065489453	0.00072793814	0.005190885	-0.0005781621	0.00015354552	0.6783852	6.9810877	1.0	0.0	0.0	0.51013917	0.0038866655	116000	69.97418260574341
29	46.418606	11.207829	94.0	30.0	0.49510065	0.1367343	0.84066707	0.18941854	46.418606	2542.391	0.021186592	21.495337	11.0896	33.57507	0.0908102	0.3513529	0.017740536	0.40385687	0.27382696	-2.7418137e-09	-0.006206793	2.0861626e-10	9.019564e-05	19.266539	-1.1260967	0.016466279	-0.0004384648	4.008423	0.0	0.0033027127	0.009933696	-0.00010554718	0.0065126247	-0.0007343857	0.0001680178	0.57660705	4.008423	2.0	0.0	0.0	0.46519178	0.004303094	120000	72.26122903823853
30	47.440475	11.650006	87.0	32.0	0.5015628	0.12950894	0.8643355	0.2259282	47.440475	2584.5383	0.020843051	21.295773	10.970884	33.424286	-0.23615992	0.336276	0.011429602	0.3754572	0.29108492	1.2159347e-08	-0.004912471	1.192093e-10	-1.148355e-05	19.051523	-1.1045513	0.014884094	-3.1493604e-05	5.132202	0.0	0.0022396175	0.009987021	3.294179e-05	0.0042850967	-0.0004135428	8.3607614e-05	0.4735534	5.132202	1.0	0.0	0.0	0.4394834	0.0038107475	124000	74.65957975387573
31	46.882355	11.6744175	106.0	31.0	0.50870305	0.12635468	0.8435791	0.19537562	46.882355	2627.8496	0.020530075	21.370132	11.125155	34.050747	-0.10055143	0.33308357	0.010891736	0.3713959	0.28767788	-4.172325e-09	-0.00280764	2.5331975e-10	-0.0002293886	21.050129	-0.6976986	0.015192154	-0.00017033983	5.988976	0.0	0.0016877344	0.009618488	0.000185636	0.0040637045	-0.00046326438	9.0326845e-05	0.4188887	5.988976	1.0	0.0	0.0	0.46911395	0.0036198497	128000	76.9792902469635
32	47.831326	11.259073	86.0	32.0	0.50296056	0.11887549	0.774913	0.22447559	47.831326	2669.6426	0.020224566	21.578674	11.146583	34.29913	0.008447081	0.34083903	0.012101348	0.38464522	0.2886691	-9.6559525e-09	-0.0035661631	-1.6391277e-10	-7.8399935e-05	16.686062	-0.9117861	0.013007396	-1.1650845e-05	6.1407003	0.0	0.0016368062	0.009890174	6.1895895e-05	0.0026617912	-0.00018908987	3.488342e-05	0.40681472	6.1407003	1.0	0.0	0.0	0.44428545	0.0033791075	132000	79.27543592453003
33	50.50633	12.895759	97.0	34.0	0.49316412	0.14606151	0.91222316	0.24422325	50.50633	2708.62	0.019916324	22.387383	11.370135	34.934776	0.4158554	0.33913213	0.0116305705	0.3716881	0.28082716	8.761883e-09	-0.0054889657	-2.2351741e-10	0.00012261937	20.6911	-1.414671	0.016792992	-0.00046769157	2.4596763	0.0	0.0023436905	0.009847633	-0.00013534696	0.0034322983	-0.00036177458	0.00012022773	0.48784766	2.4596763	2.0	0.0	0.0	0.43770742	0.0035407569	136000	81.5903549194336
34	48.82716	9.064638	70.0	35.0	0.4953046	0.113929056	0.74617904	0.2760084	48.82716	2748.8418	0.019634584	22.473589	11.762168	35.946873	0.26812816	0.32439706	0.022925312	0.3994367	0.23053433	-2.6226044e-09	-0.005971626	-1.6391277e-10	9.1424095e-05	10.879544	-1.1119795	0.011550601	-0.00022225454	4.7866316	0.0	0.003429435	0.009835856	-9.61634e-05	0.0053216075	-0.00032649646	5.633733e-05	0.59048	4.7866316	2.0	0.0	0.0	0.43389893	0.0043097045	140000	83.89182925224304
35	50.858974	13.662341	123.0	34.0	0.48891702	0.11470606	0.77066994	0.23762	50.858974	2787.2405	0.019355837	22.155704	11.223705	35.098873	0.84599024	0.33510613	0.014982037	0.38031095	0.2655144	-7.033348e-09	-0.0045828093	1.937151e-10	0.00015838988	24.154003	-2.1632843	0.01296567	-0.00016280636	3.8613448	0.0	0.0014197187	0.009320337	-0.00021791586	0.0032221999	-0.00035487668	6.986895e-05	0.39028814	3.8613448	2.0	0.0	0.0	0.3798604	0.002981162	144000	86.20254731178284
36	51.25641	10.913925	85.0	35.0	0.49430624	0.12603387	0.816095	0.22946547	51.25641	2825.8064	0.019093286	22.975649	11.954824	36.788296	0.50323665	0.32433602	0.010548275	0.35568058	0.2792013	-1.3351441e-08	-0.005826788	5.811453e-10	0.00010499276	12.668144	-0.625679	0.0136791635	-7.6617114e-05	3.7163405	0.0	0.0045399447	0.0097255185	-0.00011108394	0.005853487	-0.00024300595	4.4956207e-05	0.6832331	3.7163405	2.0	0.0	1.0	0.3611908	0.0030081624	148000	88.46236085891724
37	50.13924	10.937955	95.0	35.0	0.5070755	0.12366294	0.9342279	0.2106841	50.13924	2865.921	0.018854743	22.661997	11.780831	36.78211	0.7637941	0.3344815	0.013267737	0.37668878	0.27513865	9.536743e-09	-0.0038845136	1.0728836e-09	-0.00027286744	12.672193	-0.6244545	0.014036567	-0.000105967745	2.9682891	0.0	0.001796011	0.009863168	0.00014111679	0.0027458735	-0.00037180568	0.0001455363	0.4267232	2.9682891	1.0	0.0	0.0	0.35753155	0.0038456903	152000	90.6597216129303
38	49.6625	9.994928	85.0	34.0	0.52031624	0.11580307	0.7610373	0.24340445	49.6625	2907.7021	0.018639116	22.299246	11.728164	36.768158	0.725963	0.3383543	0.009575014	0.37409753	0.29616818	6.437302e-09	-0.004130633	-6.556511e-10	-0.00044861197	10.735966	-0.3224268	0.013148794	-0.00020860229	7.1691465	0.0	0.0039238664	0.008192446	0.0004090862	0.0054893326	-0.00038070715	9.2584516e-05	0.6920705	7.1691465	1.0	0.0	0.0	0.37754297	0.0040837536	156000	92.89148235321045
39	50.794872	12.554863	115.0	35.0	0.51183695	0.1327998	0.83548325	0.22373334	50.794872	2948.0298	0.018425185	22.508312	11.613172	36.656864	0.56438	0.35130927	0.0100598065	0.3777148	0.29907584	-5.3644182e-09	-0.0039967075	6.4074995e-10	-0.00032175356	16.898771	-0.9839716	0.015588955	-0.0003002016	4.6395793	0.0	0.0023819148	0.009464207	0.00023303427	0.0036140108	-0.0003533815	0.0001013545	0.50167334	4.6395793	1.0	0.0	0.0	0.38796532	0.0029406205	160000	95.1416974067688
40	49.160492	11.543217	98.0	33.0	0.5229065	0.13592908	0.90769726	0.25983313	49.160492	2990.4614	0.018234521	22.446009	11.916315	37.56436	0.8118885	0.33875185	0.012716886	0.38258618	0.27403915	-1.5974045e-08	-0.0051965876	1.8626452e-10	-0.00044586396	12.15038	-0.3699894	0.015796416	-0.0001201611	8.322708	0.0	0.006606274	0.008082281	0.00046595308	0.009004473	-0.0005210655	0.000113213806	0.9040893	8.322708	1.0	0.0	0.0	0.38780022	0.0041664066	164000	97.51529240608215
41	51.23077	11.681591	98.0	37.0	0.4699591	0.11397802	0.71814007	0.23085885	51.23077	3027.1208	0.018018577	22.892664	11.799671	37.49682	0.7085231	0.3487137	0.013433289	0.38893282	0.2684353	1.1444092e-08	-0.0067656697	7.4878337e-10	0.00022568987	12.562559	-0.4917736	0.012791048	-0.0011942917	0.0	0.0	0.0033873867	-0.005925892	-0.00058638374	0.0042756894	-0.00013848748	2.159037e-05	0.65388757	0.0	3.0	0.0	0.0	0.35770226	0.0046758126	168000	99.7978446483612
42	56.4	16.423328	141.0	38.0	0.50036526	0.14161204	0.85735774	0.120795645	56.4	3062.4814	0.017805126	24.06338	12.312987	38.08334	0.346003	0.31717977	0.009294536	0.346224	0.2578061	-1.07288365e-08	-0.006447373	1.7881394e-10	-8.875439e-05	30.925135	-4.051073	0.017047226	-9.3644485e-05	0.0	0.0	0.0040355055	0.009997829	6.4761925e-06	0.0041464404	4.629515e-05	1.9319821e-05	0.6439286	0.0	1.0	0.0	0.0	0.33292222	0.0045581884	172000	102.10886764526367
43	55.760563	13.832463	107.0	38.0	0.50221276	0.11698963	0.77475786	0.27497074	55.760563	3098.1606	0.017603185	24.856	12.955387	40.24573	0.64920866	0.31819576	0.013361222	0.3774427	0.24770619	7.867813e-09	-0.004985504	-8.1956386e-11	-6.952349e-05	18.33848	-1.3269043	0.013052528	-0.00015524682	8.597945	0.0	0.0025663776	0.009888526	3.9683295e-05	0.003293217	-0.00010133042	1.4126721e-05	0.5094417	8.597945	1.0	0.0	0.0	0.3179003	0.0044929376	176000	104.40129089355469
44	51.94805	9.733989	88.0	34.0	0.5201193	0.10882344	0.8467301	0.30286518	51.94805	3138.21	0.0174345	23.664675	12.733507	40.30269	0.3709273	0.32632732	0.009624481	0.35430998	0.27339062	8.8214875e-09	-0.0042755846	1.1026859e-09	-0.00038406436	8.83504	-1.4986401	0.012002255	-0.0005958276	14.47637	0.0	0.0056622396	0.005419048	0.00038729672	0.005849321	-7.826748e-05	3.2744014e-05	1.0221924	14.47637	1.0	0.0	0.0	0.32776093	0.0038548908	180000	106.69509196281433
45	53.48649	12.221208	92.0	36.0	0.49783432	0.12713268	0.8319424	0.2429258	53.48649	3175.2112	0.017256582	23.324703	12.059553	39.050434	0.7405387	0.3500631	0.01393159	0.40406942	0.26543528	-7.3313715e-09	-0.005140737	-1.937151e-10	3.5776822e-05	11.534875	-0.8234997	0.013987878	-0.0005876459	3.4216058	0.0	0.0060082064	0.009980336	-4.0490137e-05	0.0072113564	-0.00031671574	8.3371866e-05	0.77588946	3.4216058	2.0	0.0	2.0	0.29285014	0.0017498403	184000	108.98133683204651
46	54.657536	16.03867	147.0	36.0	0.51523423	0.1329425	0.82461166	0.15705429	54.657536	3212.8442	0.017089598	23.886541	12.565239	40.05268	0.19266044	0.32684284	0.01434351	0.39159727	0.24335486	-5.9604646e-09	-0.0041493424	-3.054738e-10	-0.00022823569	24.046766	-1.4829769	0.015857372	-9.73288e-05	11.083817	0.0	0.003964356	0.008022399	0.00027872153	0.005425548	-0.00023958235	3.9282786e-05	0.7029658	11.083817	1.0	0.0	0.0	0.28326356	0.004630259	188000	111.28164672851562
47	54.28767	9.85995	85.0	41.0	0.4936122	0.10901046	0.8415277	0.26555383	54.28767	3248.9316	0.016921518	24.556166	13.09817	41.547817	0.21825126	0.3341573	0.020907337	0.41891924	0.21715818	-1.1324882e-08	-0.0061533893	-4.4703483e-10	9.85787e-05	8.8283615	-1.3347101	0.0104092425	-0.00012798049	0.4470916	0.0	0.0056879655	0.009344076	-0.00011766576	0.006173594	-0.00010124542	2.1107988e-05	0.7802078	0.4470916	2.0	0.0	1.0	0.28992605	0.0028414547	192000	113.60716009140015
48	54.027397	11.084944	92.0	36.0	0.520103	0.12220757	0.84091973	0.2500816	54.027397	3286.9753	0.016770283	23.702242	12.385046	40.12874	0.15543014	0.33102113	0.011003524	0.37429842	0.25964034	3.3378602e-09	-0.0052317567	5.9604643e-10	-0.00044755923	8.44431	-0.3990059	0.013156777	-0.00013221242	8.228074	0.0	0.0050784703	0.0077044526	0.00037208857	0.0057040537	-0.00019424317	6.031238e-05	0.81188697	8.228074	1.0	0.0	0.0	0.2649225	0.0042039333	196000	115.99856615066528
49	54.79452	12.307652	99.0	38.0	0.5216432	0.119934864	0.7638508	0.2747799	54.79452	3325.0554	0.016625278	23.896399	12.497407	40.699623	0.7889643	0.34130567	0.012203817	0.3881717	0.25233656	8.225441e-09	-0.008832931	7.748604e-10	-0.00038368732	11.055994	-0.44815826	0.013327152	-4.8071146e-05	12.470198	0.0	0.009819734	0.0050813565	0.00039498878	0.0105618	0.00015342043	3.171934e-05	1.3901448	12.470198	1.0	0.0	0.0	0.24880397	0.004618471	200000	118.3022198677063
50	55.25	9.880888	87.0	39.0	0.52477115	0.118391946	0.81144214	0.2729834	55.25	3362.8484	0.016484551	24.214914	12.85828	41.519657	0.48618096	0.3385623	0.009616666	0.37040874	0.27969617	-9.059906e-09	-0.0056676976	1.2665988e-10	-0.00045636145	6.1248837	-0.26588964	0.011983525	-0.00019988604	12.636371	0.0	0.0062639876	0.004729376	0.0004483467	0.0062941634	3.39243e-05	3.8138704e-05	1.1508627	12.636371	1.0	0.0	0.0	0.23274732	0.004122633	204000	120.71266984939575
51	58.588234	9.570536	88.0	45.0	0.50564855	0.11482706	0.8504818	0.27142015	58.588234	3397.2383	0.016332876	24.841406	12.792085	41.364464	0.45673534	0.34451443	0.015496913	0.4082822	0.25201985	-2.2649764e-09	-0.005685305	-5.960465e-11	-5.513588e-05	6.9095774	-0.43249655	0.011515825	-0.0001782719	6.177915	0.0	0.004001553	0.009810148	9.641105e-05	0.0051874164	-0.0002409552	4.8959602e-05	0.63867	6.177915	1.0	0.0	0.0	0.21258879	0.0042367144	208000	122.93638134002686
52	58.705883	14.625781	111.0	40.0	0.5348779	0.13107333	0.84441966	0.23916405	58.705883	3433.6113	0.01619628	25.139683	12.992879	42.159103	0.5809873	0.3308544	0.014859142	0.40656176	0.23667286	-1.9609928e-08	0.0008721606	9.0897084e-10	-0.0004916641	14.799202	-1.2294207	0.014995815	-0.00012771972	18.63295	0.0	0.005656362	-0.002258896	0.00059411244	0.005708989	-3.8926795e-05	2.8792934e-05	0.0	18.63295	0.0	0.0	0.0	0.19912493	0.0047185565	212000	125.19787263870239
53	57.7971	14.303723	119.0	38.0	0.5184832	0.1432023	0.92538196	0.22084458	57.7971	3469.4058	0.016062064	25.59457	13.642199	43.720486	0.3828646	0.33781144	0.011268983	0.38213992	0.2650985	-6.6757204e-09	-0.007702647	1.5944243e-09	-0.00029771344	13.105354	-0.8631077	0.015798904	-0.00047673564	4.4587827	0.0	0.007193473	0.008411423	0.00031979496	0.0071946345	8.646901e-06	6.437764e-05	0.9247718	4.4587827	1.0	0.0	0.0	0.17649436	0.004553481	216000	127.46628785133362
54	57.7971	12.348302	114.0	41.0	0.5380613	0.14365023	0.89950293	0.20862964	57.7971	3506.6008	0.015939094	25.221676	13.329906	43.749596	0.72801137	0.3353229	0.025523854	0.43438572	0.20018919	4.2915342e-09	0.00015858853	-1.6093255e-09	-0.00063116744	10.496757	-0.8116007	0.015826773	-0.00015214644	16.870798	0.0	0.005513771	-0.0023466898	0.0006585334	0.0055511575	3.623761e-05	3.5124092e-05	0.0	16.870798	0.0	0.0	0.0	0.15452671	0.0038495078	220000	129.7319848537445
55	58.10294	13.234469	95.0	39.0	0.50850326	0.13356206	0.8928764	0.22648208	58.10294	3541.4546	0.015810065	25.521053	13.495585	43.673065	0.600869	0.34107178	0.028878327	0.45316696	0.20548779	-3.8146974e-09	-0.009521553	1.6391277e-10	-0.00010941348	9.007093	-0.73082066	0.013322927	-0.0002951948	7.098192	0.0	0.009901361	0.008845527	0.00014634816	0.009930072	2.3079618e-05	1.8552006e-05	1.0579997	7.098192	1.0	0.0	0.0	0.1651367	0.004558449	224000	132.0195014476776
56	61.78125	12.673137	98.0	44.0	0.5181668	0.15051875	0.8980184	0.24730265	61.78125	3574.6401	0.015678246	26.299644	13.508372	43.751072	0.5670962	0.3308518	0.019699328	0.41946363	0.21060318	1.5079975e-08	-0.0059653944	2.1010638e-09	-0.00032321826	9.852047	-0.8493538	0.015870742	-0.000100495294	20.817055	0.0	0.0066706445	0.004781691	0.00029405006	0.0066709286	2.168661e-06	1.6569627e-05	1.1811177	20.817055	1.0	0.0	0.0	0.14175141	0.004573153	228000	134.29565000534058
57	60.73846	14.43423	118.0	41.0	0.5361592	0.15481862	0.8879692	0.24047527	60.73846	3609.4978	0.01555818	26.328726	13.829931	44.778473	0.53148115	0.32508227	0.02170598	0.42307535	0.20402487	-1.0967255e-08	-0.004143499	7.674098e-10	-0.00043843972	13.021011	-0.38843918	0.017179023	-0.00021360256	24.096195	0.0	0.005271567	-0.010590158	0.00059532654	0.007606278	0.00020046657	1.7212771e-05	0.0	24.096195	0.0	0.0	0.0	0.12317741	0.0043974025	232000	136.58656907081604
58	62.714287	13.186608	109.0	40.0	0.5036568	0.1469433	0.8229938	0.20997606	62.714287	3641.7664	0.015431213	26.630268	13.75682	45.278877	0.8985323	0.3339692	0.022543425	0.42268786	0.21064407	9.298325e-09	-0.0059139566	8.940697e-11	-0.00012724935	8.886065	-0.47844696	0.015719322	-0.0002961252	7.9263234	0.0	0.0040524607	0.00992204	5.8308957e-05	0.006234636	-0.00030849245	4.361134e-05	0.6390854	7.9263234	1.0	0.0	0.0	0.08398235	0.0036516958	236000	138.87719178199768
59	62.3125	13.271062	101.0	40.0	0.5024203	0.13646694	0.82035094	0.23952492	62.3125	3673.9375	0.015308073	26.683535	13.938955	45.91364	0.47988683	0.32082403	0.029195558	0.44316497	0.17967126	1.1146069e-08	-0.008858392	-8.1956386e-11	-0.00011859012	8.880986	-0.22357845	0.01366974	-7.0990995e-05	0.0	0.0	0.007071101	0.009944012	3.8841423e-05	0.007707036	0.00013090551	2.6946542e-05	0.87789726	0.0	1.0	0.0	0.0	0.07878411	0.0041507217	240000	141.28346633911133
