Epoch	AverageEpRet	StdEpRet	MaxEpRet	MinEpRet	AverageEpCost	StdEpCost	MaxEpCost	MinEpCost	EpLen	CumulativeCost	CostRate	AverageVVals	StdVVals	MaxVVals	MinVVals	AverageCostVVals	StdCostVVals	MaxCostVVals	MinCostVVals	LossPi	DeltaLossPi	SurrCost	DeltaSurrCost	LossV	DeltaLossV	LossVC	DeltaLossVC	Penalty	DeltaPenalty	StopIter	Entropy	KL	TotalEnvInteracts	Time
0	15.808544	10.012795	81.0	4.0	0.5201809	1.7070045	17.918385	0.015986461	15.808544	328.82318	0.032882318	-0.0021648197	0.11500089	0.47798327	-0.47449479	0.0049788347	0.1523806	0.687007	-0.49377382	5.8437042e-08	-0.006243309	1.5258789e-09	0.004098947	180.57007	-22.035675	4.5875983	-0.69706583	0.84999996	-0.020617664	5.0	0.9189385	0.016683897	10000	5.681504011154175
1	19.041904	11.424541	74.0	4.0	0.7401125	2.3960109	21.902407	0.005747828	19.041904	717.3837	0.035869185	1.0941972	0.47521985	3.4275005	-1.7594153	0.6372075	0.3507494	2.5683763	-1.5602149	1.4075356e-08	-0.004354352	0.0	0.00431861	203.50717	-69.84723	6.9405875	-0.2935071	0.8293823	-0.020753562	8.0	0.9171981	0.013979477	20000	11.046109676361084
2	22.173334	11.617084	70.0	6.0	0.5585537	1.556163	15.095327	0.0048507764	22.173334	968.8804	0.032296013	4.8888645	0.4144586	6.3580756	1.8610495	1.0600297	0.1154545	1.334626	0.16121437	-5.468874e-10	-0.0067505823	9.155274e-09	0.0017316447	153.57799	-56.578262	2.6395242	-0.29750562	0.80862874	-0.03177291	79.0	0.9147646	0.0071064467	30000	15.0394766330719
3	26.814516	13.7399235	89.0	6.0	0.64410776	1.2662779	12.441122	0.0055480013	26.814516	1208.7896	0.03021974	9.634663	0.5122206	11.074051	6.7035184	0.6322522	0.3240559	2.099793	-0.9288604	-2.3761187e-08	-0.0067669787	4.577637e-09	0.0025359844	143.8502	-29.319191	1.5378165	-0.27062654	0.7768558	-0.03329575	79.0	0.90065664	0.0073214583	40000	20.898247241973877
4	31.711111	15.06396	111.0	5.0	0.770433	1.0745541	6.9276137	0.014735785	31.711111	1451.4854	0.029029706	13.2470045	0.6335859	14.845825	9.9146	0.64650875	0.19412331	1.4272765	-0.25204235	3.4053014e-09	-0.0051670233	-3.8146974e-09	0.0056426055	146.26985	-17.17035	0.77452105	-0.03004241	0.7435601	-0.03182441	79.0	0.89612794	0.0050799395	50000	26.519900798797607
5	35.935253	15.105485	121.0	8.0	0.8608878	0.9306458	6.5608516	0.015498246	35.935253	1690.8278	0.028180463	15.438156	2.083274	18.582268	-1.9489253	0.65923476	0.029859515	0.7473397	0.48009065	-2.7035458e-09	-0.0048444117	-3.0517577e-09	0.006384914	143.19987	-14.456512	0.54157686	-0.0011367202	0.71173567	-0.030676246	79.0	0.8939039	0.0052985554	60000	32.10118317604065
6	41.595833	15.350326	97.0	11.0	1.2405525	1.0100983	5.0396504	0.015666692	41.595833	1988.5829	0.028408326	16.82979	4.21484	20.359411	-12.593324	0.6853194	0.026212124	0.763198	0.4900509	3.9594465e-09	-0.0031003335	3.0517577e-09	0.0058144955	149.5685	-12.768021	0.6068586	-0.03936261	0.6810594	-0.02697599	79.0	0.90013194	0.0028665352	70000	37.69717717170715
7	46.296295	13.269821	113.0	23.0	1.7033083	1.0704907	6.4126263	0.018625837	46.296295	2356.4976	0.029456219	19.014101	4.6356297	21.908161	-14.734023	0.8803787	0.025812995	0.91984516	0.61695963	3.2983698e-09	-0.0011351609	-9.155274e-09	0.001460614	141.66975	-6.6196747	0.73443985	-0.08307421	0.65408343	-0.018813193	79.0	0.8916884	0.002374444	80000	41.34292674064636
8	47.727272	14.525255	105.0	15.0	1.6003172	1.06991	6.684135	0.0305188	47.727272	2691.002	0.029900022	20.943027	4.4926796	23.064056	-20.066248	1.172862	0.05921649	1.3421332	0.8918613	6.7444423e-09	-0.0016748463	-9.536744e-10	0.0027896082	157.54045	-2.5112457	0.6650388	-0.0143844485	0.63527024	-0.019413948	79.0	0.88408107	0.0028017217	90000	46.93256688117981
9	49.92965	13.359922	92.0	25.0	1.6471337	0.884241	4.6793685	0.16891648	49.92965	3019.2717	0.030192718	21.89854	4.188942	23.632801	-17.827599	1.0780454	0.045692362	1.1745247	0.7220609	-2.9336278e-09	-0.0028486722	-2.7418137e-09	0.0048385393	159.1603	-1.7560883	0.45599303	-0.0023747683	0.6158563	-0.02098459	79.0	0.87309366	0.004241381	100000	52.53596091270447
10	55.530727	19.47819	185.0	27.0	1.8735634	0.93674374	5.937356	0.3078709	55.530727	3355.8079	0.030507345	22.323927	4.29383	24.099937	-18.037977	1.1094762	0.07359038	1.3354234	0.67213655	-8.707568e-09	-0.0011941467	3.8146972e-10	0.0037699176	219.3948	-9.694977	0.5183448	-0.016270101	0.5948717	-0.01752752	79.0	0.894171	0.0024338407	110000	58.241013526916504
11	57.75	18.675978	134.0	31.0	2.0711918	0.9766814	4.7764196	0.3585221	57.75	3712.5537	0.030937947	23.848469	5.686803	25.846899	-21.409306	1.1823702	0.05900762	1.3837969	0.91183525	2.528158e-09	-0.0022473536	1.6212464e-09	0.0034154737	211.045	-4.5016174	0.5957552	-0.014398992	0.5773442	-0.015464008	79.0	0.90533346	0.003196698	120000	63.8394877910614
12	61.975155	16.926567	118.0	34.0	2.332979	1.0619617	6.5739093	0.654246	61.975155	4088.261	0.031448163	25.301168	5.2102065	27.03909	-21.815762	1.290675	0.07438418	1.5319593	0.83694416	-4.2438797e-10	-0.0015085995	-7.629395e-09	0.002486966	205.42955	-3.7672577	0.6465029	-0.026159465	0.5618802	-0.013049781	79.0	0.9192925	0.002131853	130000	69.46596050262451
13	64.425804	17.971285	145.0	38.0	2.4640214	1.0318959	8.159842	0.6626479	64.425804	4470.217	0.03193012	26.096539	5.9736567	28.073204	-22.314705	1.4197716	0.11281428	1.8624424	0.9731369	-1.6033251e-08	-0.00204568	-7.6293943e-10	-0.00093450013	217.26222	-4.2347717	0.6431921	-0.011294484	0.5488304	-0.007875562	79.0	0.92662656	0.0028171334	140000	73.09248304367065
14	66.473335	20.40219	159.0	40.0	2.388868	0.91803604	5.012817	0.7280374	66.473335	4828.723	0.03219149	26.952387	6.035587	29.074175	-18.409863	1.493219	0.10447788	1.7994946	0.98557836	8.830841e-09	-0.0028296665	-3.0517577e-09	0.0039184396	230.09006	-7.2401886	0.53236276	-0.008369863	0.5409548	-0.0121430755	79.0	0.9095706	0.004731161	150000	78.73019766807556
15	72.12319	20.546679	151.0	43.0	2.7949479	1.0063739	6.0487084	0.9847738	72.12319	5214.5225	0.032590766	27.89301	6.683247	30.309252	-14.040504	1.4356431	0.10699438	1.7970823	0.7692101	2.0151097e-08	-0.002398789	3.4332275e-09	0.0030177918	244.9781	-8.815247	0.67807627	-0.0491516	0.52881175	-0.009121597	79.0	0.93113995	0.0054213232	160000	84.3080358505249
16	80.258064	27.619497	234.0	48.0	2.8845532	1.0203638	7.606994	0.9740062	80.258064	5573.772	0.032786895	29.755331	6.096518	31.88098	-9.735928	1.6441344	0.12366875	1.9669346	0.7605155	1.20488695e-08	-0.0024840962	0.0	0.0014517384	313.98843	-16.029022	0.63356745	-0.010829747	0.51969016	-0.006106496	79.0	0.954118	0.0036232406	170000	89.93133735656738
17	90.43636	28.08705	230.0	50.0	3.0014355	0.98533726	5.7062526	0.67423546	90.43636	5905.34	0.032807443	32.31	5.9440804	34.158375	-6.886333	1.6465266	0.13706104	2.0375352	0.90848374	1.09225855e-08	-0.0020181988	2.4795532e-09	-0.00094542716	346.6804	-13.725983	0.5983878	-0.009331167	0.51358366	-0.0010691881	79.0	0.9582226	0.0027427496	180000	95.49281525611877
18	104.88421	36.502014	219.0	50.0	2.899462	1.1428548	6.7856545	1.2487955	104.88421	6180.87	0.032530896	34.64293	5.7191577	36.290897	-7.2133284	1.6459992	0.14150988	1.9628106	0.7772716	-1.0340859e-09	-0.0019469013	-3.0517577e-09	-0.00022795105	439.3959	-29.105164	0.69884133	-0.05874324	0.5125145	0.0008301735	79.0	0.9465257	0.0036461784	190000	101.05698704719543
19	119.63856	40.680527	275.0	59.0	2.6535232	0.90584993	5.0307856	1.1690314	119.63856	6401.357	0.032006785	37.7322	6.0107617	39.281937	-7.931584	1.4322548	0.17156951	1.8494854	0.6763032	-8.583856e-09	-0.0018407657	-1.5258789e-09	-0.00014497605	485.15506	-30.36966	0.43852335	-0.04104224	0.51334465	0.0009408593	79.0	0.9362761	0.0037566216	200000	104.7249641418457
20	126.177216	46.11701	319.0	66.0	2.758219	0.9015301	4.95256	0.90938854	126.177216	6619.2725	0.031520344	39.4641	8.279638	42.192368	-10.628647	1.2086539	0.19949734	1.6481696	0.29566413	-1.7528716e-08	-0.004245583	3.0994415e-10	0.00010876588	471.98135	-28.420868	0.46442735	-0.022808462	0.5142855	-0.0022031665	79.0	0.93086064	0.0062346407	210000	110.39911842346191
21	171.18965	60.75572	365.0	68.0	2.5787244	0.9830563	5.7300577	0.900895	171.18965	6768.9688	0.03076804	43.431675	6.0270576	44.84003	-5.8626113	1.2672838	0.11214722	1.4386691	0.0032588653	1.0738094e-08	-0.0029395558	4.7683715e-11	0.00047257927	687.7007	-69.15729	0.47276807	-0.08327448	0.51208234	-0.00027525425	79.0	0.9496262	0.0042154784	220000	116.01338124275208
22	202.30612	76.57709	413.0	109.0	2.5936847	1.1050769	5.3349395	0.3438233	202.30612	6898.8477	0.02999499	47.98075	3.9181118	48.56252	-3.4476953	1.0085396	0.098824315	1.258535	0.26730782	7.6055615e-09	-0.002716355	4.577637e-09	0.0007483749	774.5716	-63.24829	0.38051403	-0.037563056	0.5118071	0.00028723478	79.0	0.9554218	0.0039872197	230000	121.61417722702026
23	231.13954	151.22594	844.0	82.0	3.3970168	1.2614951	7.42117	0.9627461	231.13954	7045.0586	0.02935441	51.34803	3.705973	51.87329	-4.49422	0.8916908	0.23613581	1.519742	0.05054354	-9.574401e-09	-0.0019056366	1.5258789e-09	-0.0008684738	895.5657	-74.4433	0.4720416	-0.05231005	0.5120943	0.0050988197	79.0	0.9712794	0.0029631592	240000	127.26293444633484
24	453.5909	257.87976	1000.0	168.0	2.157429	0.97426087	5.064051	0.58811754	453.5909	7092.5464	0.028370185	54.88975	2.3343816	55.097412	1.2617509	0.9544066	0.3306391	1.9045846	-0.31548136	3.9375788e-08	-0.0024939594	9.298325e-09	-0.00042277292	1245.0104	-219.6062	0.43003282	-0.32057238	0.51719314	0.0036284328	79.0	0.96372235	0.0042246515	250000	132.81761527061462
25	771.3333	289.9846	1000.0	235.0	1.6279787	0.8343255	3.3997397	0.65016145	771.3333	7113.1274	0.027358182	59.562263	2.2053862	59.750256	2.7640116	0.31503883	0.16493669	0.9155535	-0.30955735	-6.437156e-08	-0.0014256707	1.001358e-09	-0.00068708597	1283.2106	-261.3982	0.07843753	-0.025970757	0.5208216	0.004194498	79.0	0.9612727	0.0031534876	260000	136.50166630744934
26	942.2	173.40001	1000.0	422.0	1.4692304	0.7548735	3.233926	0.5391672	942.2	7129.997	0.026407396	63.776886	2.8849711	64.045845	-0.50235766	0.15730454	0.055907924	1.1340599	-0.017595716	7.741869e-09	-0.00159962	-7.6293943e-10	0.00046251336	1074.4388	-207.84796	0.032289065	-0.010635367	0.52501607	0.004224777	6.0	0.9595278	0.011975421	270000	141.67003536224365
27	1000.0	0.0	1000.0	1000.0	1.0800747	0.4393262	1.9578266	0.600287	1000.0	7140.798	0.02550285	67.48451	0.0056113973	67.48996	67.36701	0.13775922	0.027946247	0.2532795	0.008919517	2.3792424e-07	-0.0012465768	5.722046e-10	-1.595707e-05	899.9836	-157.6477	0.014045608	-0.0042542377	0.52924085	-0.00013190508	79.0	0.9580313	0.0037264389	280000	147.24890971183777
28	870.0	261.12204	1000.0	251.0	2.4050336	0.85958457	4.2661633	1.0363607	870.0	7168.7104	0.02471969	70.31399	0.0018487014	70.31729	70.29544	0.11612355	0.055352982	0.18576185	-1.1823527	2.7592295e-08	-0.0014182893	-1.0073185e-09	-0.00044949047	744.0743	-96.976685	0.08658693	-0.023059852	0.52910894	0.00083857775	79.0	0.94371533	0.0040255277	290000	152.88359379768372
29	908.1818	214.01817	1000.0	287.0	1.0001518	0.3604496	1.9311253	0.5946018	908.1818	7179.7227	0.023932409	72.47692	0.0037831375	72.481285	72.42879	0.1576979	0.08836933	0.4271686	-0.09074728	-1.5690635e-09	-0.0030635279	1.4901161e-10	-0.0004297073	647.8179	-89.27655	0.015784308	-0.008702511	0.5299475	-0.0047888756	79.0	0.9413375	0.0073523363	300000	158.48828601837158
30	925.0	225.0	1000.0	250.0	1.0401986	0.7594201	2.3742833	0.26599768	925.0	7190.7485	0.023195963	74.49046	0.020099387	74.500626	74.009224	0.061889675	0.04228008	0.23545133	-0.7428561	8.397833e-09	-0.0009991254	1.1444092e-09	-0.00020605717	556.4963	-79.89978	0.02458035	-0.0011912081	0.52515864	-0.0030698776	79.0	0.9437555	0.0017868597	310000	162.22157740592957
31	1000.0	0.0	1000.0	1000.0	1.0163256	0.70462435	2.7071338	0.30391937	1000.0	7200.9116	0.022502849	76.377686	0.027125305	76.38853	75.494675	0.07591121	0.02959425	0.17792791	-0.010041576	4.0826936e-08	-0.00043537826	-7.152558e-11	-9.690038e-05	475.02795	-73.12671	0.015080638	-0.0038660718	0.52208877	-0.0032346845	79.0	0.9659107	0.0016450416	320000	167.84097480773926
32	1000.0	0.0	1000.0	1000.0	1.1282213	0.54029757	2.1415732	0.38873783	1000.0	7212.194	0.021855133	78.16919	0.018427882	78.17926	77.855286	0.09432756	0.025263738	0.21619482	0.024300309	1.9715768e-07	-0.0014345482	0.0	-0.00017240105	405.69012	-62.239777	0.008827267	-0.00040005427	0.5188541	-0.0061278343	79.0	0.9521005	0.003438876	330000	173.38259553909302
33	1000.0	0.0	1000.0	1000.0	0.7048901	0.31701583	1.3356937	0.39238095	1000.0	7219.2427	0.021233067	79.825	0.004632867	79.82991	79.75631	0.079591624	0.026562754	0.17841934	-0.048557177	5.952923e-07	-0.0010826488	1.0728836e-10	-5.6060504e-05	346.4926	-53.08429	0.0049221166	-0.0019203885	0.51272625	-0.00796181	79.0	0.9446336	0.0029521168	340000	178.98047947883606
34	993.1	20.699999	1000.0	931.0	0.710179	0.35638374	1.3929354	0.3303283	993.1	7226.438	0.020646965	81.35038	0.0023662415	81.35389	81.31674	0.06099829	0.025185812	0.09689802	-0.97757	2.243666e-08	-0.0007369695	3.8146972e-10	-0.000100169564	311.4203	-41.155792	0.0049949754	-0.0008672639	0.50476444	-0.00814566	79.0	0.9450065	0.0022545871	350000	184.6242597103119
35	1000.0	0.0	1000.0	1000.0	0.5331833	0.22678034	1.0919987	0.31138614	1000.0	7231.77	0.02008825	82.700035	0.004324793	82.70391	82.641266	0.042352468	0.02563092	0.119848505	-0.037767466	7.97869e-08	-0.0011568104	4.053116e-10	0.00011379657	254.76945	-39.49208	0.0028167728	-0.0011415865	0.49661878	-0.011007756	79.0	0.9227114	0.00426036	360000	190.13224506378174
36	613.9375	310.60815	1000.0	182.0	1.6376185	0.49076194	2.635661	0.71714145	613.9375	7258.782	0.01961833	83.807816	3.3288271	84.02755	13.879669	0.04772479	0.06362707	1.2002473	-0.91123295	-5.010833e-09	-0.003121919	3.8146972e-10	-0.0005148821	417.3497	-18.163788	0.07489289	-0.029370159	0.48561102	-0.013762772	79.0	0.9168486	0.0032749714	370000	193.85932731628418
37	980.7	57.899998	1000.0	807.0	0.70980555	0.40301764	1.618242	0.35750437	980.7	7266.326	0.019121911	84.53809	0.04123931	84.55335	82.37538	0.21008243	0.023204923	0.29016998	-0.22715382	1.6679069e-08	-0.0008705759	2.861023e-10	-4.8858452e-05	222.7864	-27.00438	0.0220671	-0.018156197	0.47184825	-0.011139333	79.0	0.9167852	0.0016115673	380000	199.42484617233276
38	1000.0	0.0	1000.0	1000.0	0.550756	0.23007865	1.203993	0.34680536	1000.0	7271.8335	0.018645726	85.62574	0.022731617	85.63802	85.005875	0.0731606	0.021927936	0.17033434	0.00975164	-2.508933e-07	-0.0014260728	-3.8146972e-10	0.0003199677	175.89597	-29.154587	0.0032805125	-0.0010516958	0.46070892	-0.0139071345	79.0	0.9212999	0.0056338073	390000	205.0487642288208
39	767.5	268.8325	1000.0	339.0	1.310118	0.4283445	2.1430564	0.6980951	767.5	7288.14	0.01822035	86.81072	0.008698746	86.81558	86.5635	0.06519819	0.03419966	0.16002655	-0.62149465	-1.35485525e-08	-0.0032618444	5.2452087e-10	-0.0002675343	322.46088	-6.1828003	0.01676353	-0.006284469	0.44680178	-0.01638028	79.0	0.9350374	0.0029732322	400000	210.62802004814148
40	1000.0	0.0	1000.0	1000.0	0.68909484	0.31853583	1.4819419	0.34047568	1000.0	7295.0312	0.01779276	87.39651	0.006416448	87.40181	87.307274	0.11492268	0.034706276	0.23076276	0.020626005	2.9014775e-09	-0.001174749	1.001358e-09	-6.861325e-05	135.22003	-22.403221	0.00651954	-0.0030201878	0.4304215	-0.013045996	79.0	0.9469378	0.003914983	410000	216.35493874549866
41	1000.0	0.0	1000.0	1000.0	0.6537172	0.2949047	1.3958492	0.29478496	1000.0	7301.5684	0.017384687	88.42842	0.009083961	88.43535	88.24943	0.059709437	0.027325459	0.18670298	-0.009127582	2.2961399e-07	-0.00080479897	-9.536743e-11	-2.6295376e-05	113.98792	-20.448982	0.0030116974	-2.7437462e-05	0.4173755	-0.011646509	79.0	0.9540995	0.0026757848	420000	222.00946950912476
42	928.6	214.2	1000.0	286.0	0.96194047	0.39058223	1.6608702	0.49562955	928.6	7311.5728	0.017003657	89.46005	0.012111217	89.46668	89.17939	0.059587065	0.024590869	0.19146863	-0.21238767	3.6933557e-08	-0.0019748232	9.536743e-11	-0.00019042802	123.96624	-14.278717	0.014039725	-0.0005776156	0.405729	-0.013317943	79.0	0.97996867	0.0029496918	430000	225.6970374584198
43	934.4	196.8	1000.0	344.0	0.9205435	0.6976127	2.9163225	0.3493635	934.4	7321.9897	0.016640887	90.33921	0.008927281	90.34524	90.07505	0.07499641	0.038517565	0.28437597	-0.041635502	1.3257753e-08	-0.0021112228	3.8146972e-10	-0.0001747013	110.137024	-11.878746	0.01521044	-0.00017791893	0.39241105	-0.013726443	79.0	0.9609616	0.00303087	440000	231.3272626399994
44	1000.0	0.0	1000.0	1000.0	0.78546727	0.36353058	1.6841427	0.38954693	1000.0	7329.844	0.016288543	91.14484	0.02298105	91.1537	90.56144	0.06984097	0.042033993	0.30076483	-0.064565785	-3.8658982e-07	-0.0017183011	-1.9073486e-10	-0.00045689347	66.75401	-12.789913	0.007518251	-0.0003590947	0.3786846	-0.013107002	79.0	0.9889363	0.0047920737	450000	236.9185061454773
45	1000.0	0.0	1000.0	1000.0	0.6667806	0.28104237	1.3842908	0.34729755	1000.0	7336.512	0.01594894	91.98965	0.022139687	91.99887	91.42111	0.056605864	0.022657417	0.14374831	-0.017181894	-5.10284e-07	-0.0010571257	4.7683715e-11	0.00017774459	54.624714	-10.885853	0.0048941625	-0.00063587306	0.3655776	-0.013158292	79.0	0.9831184	0.004251016	460000	242.48955583572388
46	1000.0	0.0	1000.0	1000.0	0.6335734	0.31270778	1.4527348	0.3327191	1000.0	7342.848	0.0156230815	92.79126	0.007773284	92.796326	92.64463	0.05137458	0.010788117	0.09320822	0.006210897	-2.118197e-07	-0.0007675518	4.172325e-11	-6.2929066e-05	44.23758	-9.061436	0.0043285834	-0.00016093114	0.35241932	-0.011728853	79.0	0.97571194	0.002348452	470000	248.02322387695312
47	1000.0	0.0	1000.0	1000.0	0.57540476	0.14523932	0.8187312	0.3379698	1000.0	7348.602	0.015309588	93.52951	0.014980927	93.53556	93.00023	0.04043457	0.0131549025	0.095892414	-0.0112714525	-4.3675558e-07	-0.0012426372	-2.7418137e-10	5.2509546e-05	35.641075	-7.517357	0.0025078242	-6.8005174e-05	0.34069046	-0.012989759	79.0	0.97174346	0.0025847836	480000	253.64677953720093
48	1000.0	0.0	1000.0	1000.0	0.56007606	0.120138824	0.747543	0.3659236	1000.0	7354.2026	0.015008577	94.21468	0.0136090545	94.22025	93.83503	0.04122218	0.009056692	0.08453672	0.013204292	-7.654913e-08	-0.00090755516	8.34465e-11	6.588197e-05	28.490944	-6.19273	0.0016363196	-1.700723e-05	0.3277007	-0.012065947	79.0	0.95918155	0.002447671	490000	257.35699105262756
49	1000.0	0.0	1000.0	1000.0	0.8623384	0.39579737	1.6369061	0.38263378	1000.0	7362.826	0.0147256525	94.84829	0.009138019	94.85252	94.511375	0.04451759	0.008038224	0.07743031	0.020274078	-3.6201155e-07	-0.0015083074	-3.33786e-10	-5.881634e-05	22.59277	-5.064007	0.008417246	-0.0004303772	0.31563476	-0.012622327	79.0	0.933499	0.0037760728	500000	262.9518139362335
50	1000.0	0.0	1000.0	1000.0	0.5962999	0.19665273	0.9831215	0.41710854	1000.0	7368.789	0.014448606	95.430664	0.005083275	95.43421	95.31187	0.059845384	0.014811788	0.11884775	0.018541679	-7.989705e-07	-0.0019535176	1.9073486e-10	0.00026255238	17.77288	-4.1105804	0.0029219983	-0.00024312502	0.30301243	-0.014263719	79.0	0.92218435	0.006882285	510000	268.6710433959961
51	890.0909	252.69185	1000.0	167.0	1.3269095	0.62664664	2.7031963	0.72363734	890.0909	7384.5684	0.0142010925	95.965866	0.0025029627	95.96833	95.92824	0.0511807	0.019236835	0.10858912	-0.6259692	1.9980007e-09	-0.0044294796	0.0	-0.00028140488	96.21161	-0.93507385	0.04267496	-0.008137796	0.2887487	-0.015294403	79.0	0.89551497	0.004320613	520000	274.239639043808
52	1000.0	0.0	1000.0	1000.0	0.85810727	0.43956724	1.5830095	0.35330316	1000.0	7393.1494	0.013949338	96.23911	0.0019731792	96.24154	96.21378	0.105722465	0.0483235	0.3360621	-0.024379086	5.131481e-07	-0.00093350065	4.7683715e-11	0.00015443716	12.040572	-2.82343	0.01147429	-0.0018209042	0.2734543	-0.01099506	79.0	0.8788427	0.0030137787	530000	279.84107184410095
53	870.36365	276.035	1000.0	231.0	0.92840385	0.4828982	2.3499734	0.54404813	870.36365	7404.2104	0.013711501	96.685135	0.0022578107	96.68769	96.65049	0.0742552	0.041371882	0.3407321	-0.024806732	7.351068e-09	-0.001166595	4.768372e-10	-0.00050298497	95.06574	-0.39967346	0.014103626	-0.00023111887	0.26245925	-0.009501427	79.0	0.855402	0.0031030267	540000	283.5201668739319
54	1000.0	0.0	1000.0	1000.0	0.53214484	0.08503184	0.67443746	0.39920613	1000.0	7409.5317	0.013471876	96.876175	0.004285718	96.87962	96.80104	0.06919883	0.03422383	0.2476723	-0.02669089	1.4874479e-07	-0.0011999606	-2.861023e-10	0.00016261233	8.307378	-2.0565982	0.0028804007	-0.0011678662	0.25295782	-0.01032345	79.0	0.85385126	0.0031461744	550000	289.0902554988861
55	729.8461	344.9332	1000.0	217.0	0.8418842	0.40007752	2.0572867	0.44117922	729.8461	7420.7656	0.013251367	97.26934	0.0033714424	97.27254	97.2141	0.050909575	0.02414967	0.22875406	-0.1415506	5.004861e-09	-0.0018822659	4.768372e-10	-0.00022812233	226.14062	-1.0487213	0.017434472	-0.001706535	0.24263437	-0.010198563	79.0	0.8297889	0.0032110317	560000	294.72338819503784
56	920.9	237.3	1000.0	209.0	0.5877095	0.19427013	0.91787314	0.2529291	920.9	7427.0938	0.013029989	97.00973	0.0038444689	97.01319	96.927826	0.07848146	0.034964163	0.3091639	-0.008585634	2.4941862e-09	-0.0008719675	9.536743e-11	-0.00053308706	50.93202	-0.79042053	0.004499694	-0.0007339099	0.23243581	-0.008167982	8.0	0.8660133	0.012840716	570000	299.9536430835724
57	1000.0	0.0	1000.0	1000.0	0.3962031	0.13401262	0.7239607	0.24515574	1000.0	7431.0557	0.012812165	97.23962	0.005782895	97.2438	97.13985	0.044064436	0.018950403	0.13043398	-0.019809715	-4.962203e-07	-0.0012963868	-7.152558e-11	0.0001682422	6.485815	-1.8300619	0.0014356424	-0.00045181578	0.22426783	-0.009931907	79.0	0.86860174	0.0037182071	580000	305.55352425575256
58	1000.0	0.0	1000.0	1000.0	0.38956064	0.10213608	0.57495296	0.25643152	1000.0	7434.951	0.012601612	97.64083	0.0029587487	97.64384	97.59063	0.032206774	0.010840212	0.07942576	-0.007560025	2.5673341e-07	-0.0012223497	2.0861625e-11	-7.3331685e-05	4.738139	-1.4272938	0.0012310101	-5.9829326e-05	0.21433592	-0.009220287	79.0	0.86053085	0.0021346675	590000	311.14214420318604
59	1000.0	0.0	1000.0	1000.0	0.29911524	0.046428327	0.3688012	0.22840467	1000.0	7437.9424	0.01239657	98.00836	0.002447552	98.01097	97.96984	0.026631415	0.0086865425	0.058021765	-0.0010619289	-4.2422716e-08	-0.0014843735	-3.576279e-11	0.0001235053	3.3766465	-1.0506642	0.00054047524	-4.8487913e-05	0.20511563	-0.009598866	79.0	0.83795565	0.004550146	600000	314.8082718849182
60	1000.0	0.0	1000.0	1000.0	0.44410747	0.18864897	0.8126252	0.2206473	1000.0	7442.384	0.012200629	98.33043	0.0018856926	98.33281	98.294525	0.024402946	0.0072620767	0.06452928	0.002929599	2.512627e-07	-0.0014366801	-9.536743e-11	8.396864e-05	2.372898	-0.7624053	0.0017223301	-3.7449878e-05	0.19551677	-0.0091005415	79.0	0.8281923	0.0041496027	610000	320.5401566028595
61	1000.0	0.0	1000.0	1000.0	0.57665217	0.1450057	0.8693293	0.40198353	1000.0	7448.15	0.012013145	98.609985	0.0025334344	98.61224	98.54387	0.032978874	0.010988137	0.08369967	0.002639313	-1.041728e-07	-0.0023276082	2.0861625e-11	6.189918e-05	1.6445055	-0.54565096	0.0020662942	-0.000114871305	0.18641622	-0.009750098	79.0	0.81089026	0.004655036	620000	326.182998418808
62	1000.0	0.0	1000.0	1000.0	0.6531075	0.14339507	0.9897171	0.44669324	1000.0	7454.681	0.011832827	98.85165	0.001128647	98.85324	98.8296	0.044562444	0.008594966	0.08454877	0.019858956	-7.533889e-07	-0.00088123966	2.7418137e-10	7.106093e-05	1.1225995	-0.3847441	0.0026011341	-4.2570522e-05	0.17666613	-0.007966131	79.0	0.82118446	0.0026552929	630000	331.77656745910645
63	1000.0	0.0	1000.0	1000.0	0.66832596	0.18812348	1.03079	0.38297096	1000.0	7461.3643	0.011658382	99.05818	0.0012271404	99.05968	99.04002	0.049888216	0.011334146	0.093472406	0.013554454	-7.100404e-07	-0.0015864949	-1.9073486e-10	3.0170191e-05	0.75506717	-0.2672037	0.0022753575	-1.0172604e-05	0.1687	-0.008017495	79.0	0.8359379	0.0035354483	640000	337.361563205719
64	1000.0	0.0	1000.0	1000.0	0.6842312	0.12620883	0.8822838	0.45891324	1000.0	7468.2065	0.011489549	99.233925	0.0009392109	99.23526	99.21937	0.052637916	0.00941261	0.087831035	0.024376456	1.0635399e-06	-0.0012061209	-2.3841857e-11	0.00030886012	0.49953	-0.1825237	0.0024410975	-1.6981037e-05	0.1606825	-0.0062230527	3.0	0.8085999	0.017394824	650000	342.55957651138306
65	1000.0	0.0	1000.0	1000.0	1.6153276	0.38127574	2.4284227	1.1935655	1000.0	7484.36	0.011339939	99.38268	0.0005629961	99.38361	99.377655	0.055735804	0.01038924	0.09293484	0.021642894	2.0538933e-07	-0.0018901047	1.4305115e-09	-0.00012519302	0.3244106	-0.12235367	0.01842825	-0.004675893	0.15445945	-0.0070484728	79.0	0.8075787	0.004004064	660000	346.2632853984833
66	1000.0	0.0	1000.0	1000.0	1.2247318	0.2771298	1.9705306	0.8947355	1000.0	7496.6074	0.011188966	99.506294	0.00065524183	99.50732	99.49842	0.123357885	0.026492666	0.22662105	0.014678026	-8.168336e-07	-0.0013146282	1.847744e-10	6.4636515e-05	0.2075102	-0.08077504	0.00785397	-0.00049431715	0.14741097	-0.0062605888	79.0	0.77830124	0.002419178	670000	351.8435683250427
67	1000.0	0.0	1000.0	1000.0	1.3705418	0.33982667	2.05865	0.8364093	1000.0	7510.313	0.011044578	99.608986	0.0006921351	99.609985	99.60252	0.10140229	0.020437522	0.16378658	0.025836295	-3.8777088e-07	-0.0010140421	0.0	-3.940363e-05	0.13016267	-0.0522739	0.010164441	-0.0005054353	0.14115039	-0.0054993033	79.0	0.7500528	0.0022595671	680000	357.44908380508423
68	1000.0	0.0	1000.0	1000.0	1.4419048	0.292374	2.0360205	1.0095053	1000.0	7524.732	0.010905408	99.69326	0.00065565447	99.69429	99.6862	0.12038793	0.019534836	0.18835342	0.05362167	3.228265e-07	-0.0017402649	1.9073486e-10	0.00038200672	0.080095105	-0.033179484	0.010720188	-5.2781776e-05	0.13565108	-0.0061594546	79.0	0.72531354	0.0062894234	690000	362.9947030544281
69	703.3077	311.71423	1000.0	145.0	1.9929912	0.3026276	2.523738	1.6520793	703.3077	7553.215	0.010790307	99.76208	0.00054851983	99.76299	99.7578	0.12772556	0.03025546	0.2324788	-0.25166142	2.5488174e-09	-0.0027565723	-1.335144e-09	-0.000453248	387.66122	-21.593811	0.039385933	-0.011016628	0.12949163	-0.0054572374	79.0	0.7280823	0.0032615338	700000	368.6109790802002
70	972.4	82.799995	1000.0	724.0	2.1437387	0.4366048	3.0260737	1.3919787	972.4	7575.716	0.010670022	98.113495	0.0005083181	98.114456	98.10554	0.22610779	0.0430829	0.36015975	-0.0068606045	1.3522403e-08	-0.0025502164	-4.768372e-10	0.00010888777	48.55397	-0.018592834	0.021897119	-0.0010799039	0.12403439	-0.0048769265	79.0	0.749775	0.0024495705	710000	374.3731393814087
71	971.2	86.399994	1000.0	712.0	2.142238	0.41358143	2.936288	1.4166207	971.2	7598.8145	0.010553909	98.12669	0.00046205797	98.12764	98.1215	0.19804297	0.03988946	0.415474	0.058819667	2.0307672e-11	-0.0037626985	1.9073486e-10	-0.00043517238	48.53642	-0.22361755	0.023347517	-0.0010506734	0.11915746	-0.004699379	79.0	0.7445731	0.0041408585	720000	378.1173532009125
72	1000.0	0.0	1000.0	1000.0	1.5480734	0.30173182	2.1243052	1.1438848	1000.0	7614.2954	0.010430542	98.310486	0.0005475037	98.31133	98.30523	0.19856048	0.03671223	0.32660493	0.07353659	2.9919465e-07	-0.0019049473	-5.2452087e-10	-3.137064e-06	2.4299357	-1.0268551	0.017096076	-0.0045833	0.114458084	-0.0039171427	79.0	0.73769724	0.005312118	730000	383.7726604938507
73	1000.0	0.0	1000.0	1000.0	1.311664	0.38195267	2.032263	0.8809894	1000.0	7627.412	0.010307314	98.6968	0.000599029	98.697784	98.68939	0.13110034	0.023639577	0.21517001	0.03501138	-3.1539898e-07	-0.0016288811	1.9073486e-10	-0.00020737744	1.44579	-0.6648614	0.0052674967	-0.00019552838	0.11054094	-0.0034477338	79.0	0.77344525	0.004949238	740000	389.38513350486755
74	1000.0	0.0	1000.0	1000.0	0.8844406	0.19820516	1.0957391	0.5506689	1000.0	7636.2563	0.010181675	99.02567	0.0007196714	99.02687	99.02011	0.12123439	0.018133406	0.18291657	0.06644814	3.1426515e-07	-0.0016542623	1.9073486e-10	4.9061586e-05	0.8081572	-0.38219377	0.0053775497	-0.0016940644	0.10709321	-0.0036139116	79.0	0.76396716	0.004078074	750000	394.98691749572754
75	888.63635	236.86832	1000.0	347.0	0.77042395	0.2151214	1.0864724	0.36554262	888.63635	7645.1064	0.01005935	99.28002	0.0012125572	99.28177	99.26555	0.07970257	0.020699536	0.19972554	-0.008477645	8.328035e-09	-0.0011850373	3.33786e-10	-0.00048217076	96.10386	-0.73918915	0.0032581033	-4.048692e-05	0.103479296	-0.0027087256	6.0	0.7689913	0.0111171445	760000	400.1720838546753
76	1000.0	0.0	1000.0	1000.0	0.3315727	0.114863634	0.5102924	0.14941089	1000.0	7648.4224	0.009933016	98.94965	0.0019912685	98.95184	98.92385	0.06822697	0.012298175	0.12242312	0.036062326	-1.5489817e-07	-0.001557163	9.536743e-11	-9.623337e-06	0.93918514	-0.3896067	0.0021976547	-0.0015372152	0.10077057	-0.0036586076	79.0	0.76946294	0.003006515	770000	405.7763843536377
77	1000.0	0.0	1000.0	1000.0	0.26845255	0.05372649	0.40186566	0.19292893	1000.0	7651.107	0.009809111	99.184845	0.0015441042	99.186745	99.14692	0.02981553	0.007921202	0.058875635	0.0024663454	-4.3731254e-07	-0.001797422	1.3113022e-10	0.00012442203	0.56562835	-0.29051763	0.00038515046	-6.6877255e-05	0.09711196	-0.004072048	79.0	0.74480927	0.0047162552	780000	409.42264223098755
78	1000.0	0.0	1000.0	1000.0	0.56790483	0.16359703	0.88375986	0.32182446	1000.0	7656.786	0.009692134	99.42102	0.0010204348	99.42253	99.40941	0.02740817	0.0072179423	0.059280016	0.008265404	-3.67226e-07	-0.0015508964	9.536743e-11	1.8380673e-05	0.28536132	-0.15047248	0.0024411308	-0.00031056954	0.093039915	-0.003805019	79.0	0.7440839	0.00347723	790000	415.07519245147705
79	1000.0	0.0	1000.0	1000.0	0.68155223	0.11793568	0.9030575	0.5476805	1000.0	7663.6016	0.009579502	99.594185	0.00076153467	99.59527	99.58609	0.047282353	0.009494681	0.080043405	0.019357823	7.0645996e-08	-0.001522281	-1.2814999e-10	0.00010224021	0.14020109	-0.07593841	0.0024410551	-0.00013833004	0.089234896	-0.00365109	79.0	0.7186471	0.0040421165	800000	420.7076518535614
80	1000.0	0.0	1000.0	1000.0	0.8293928	0.21181937	1.3540698	0.58789545	1000.0	7671.8955	0.009471476	99.71957	0.0007544265	99.72084	99.71266	0.057387523	0.01034017	0.10843004	0.022359485	5.9111088e-08	-0.0016992842	-1.4305115e-10	0.00027554462	0.06694323	-0.03722952	0.0032237677	-0.00017851102	0.085583806	-0.0028477907	5.0	0.7089014	0.010145462	810000	425.95266795158386
81	891.5455	232.02246	1000.0	333.0	1.8803296	0.46487775	2.6202037	1.0653999	891.5455	7693.577	0.009382411	99.80967	0.0005751581	99.810585	99.80425	0.07839349	0.014827014	0.13863313	0.036967754	-1.5490038e-09	-0.003602345	4.768372e-10	-5.9720038e-05	97.733116	-1.7065887	0.029435897	-0.0112350695	0.082736015	-0.0038696975	79.0	0.70749384	0.00601662	820000	431.5431787967682
82	797.6667	288.68158	1000.0	122.0	1.8829074	0.38043293	2.8049912	1.2946327	797.6667	7717.262	0.009297906	99.23147	0.00057375204	99.23243	99.22531	0.18121676	0.044639017	0.32126105	-0.02033105	-2.1215032e-08	-0.0042783897	0.0	-0.00041842432	235.3969	-8.831039	0.01891533	-0.00057272427	0.07886632	-0.0036526397	79.0	0.7126889	0.004574133	830000	435.2577922344208
83	963.1	92.17857	1000.0	692.0	1.3116907	0.2520179	1.6843911	0.89068025	963.1	7730.958	0.009203522	97.870766	0.00065117073	97.87192	97.8589	0.19942912	0.026587343	0.3019042	0.061004028	-2.8382803e-09	-0.0031908744	0.0	-0.00023548899	94.00512	0.0033111572	0.012138835	-0.0062792483	0.07521368	-0.0021604523	5.0	0.71651274	0.016256494	840000	440.4716958999634
84	1000.0	0.0	1000.0	1000.0	0.6143874	0.11538995	0.7704597	0.37505078	1000.0	7737.102	0.009102473	97.761795	0.00093561807	97.76308	97.742294	0.13421638	0.018060306	0.21035598	0.07402629	2.5920613e-08	-0.0015601069	-4.529953e-10	-1.396606e-05	4.2645802	-2.3720112	0.007300373	-0.0057001044	0.073053226	-0.0028209388	79.0	0.71637535	0.004407522	850000	446.09843373298645
85	1000.0	0.0	1000.0	1000.0	0.47872934	0.11103033	0.67730117	0.34664378	1000.0	7741.889	0.009002197	98.4763	0.0010398066	98.477715	98.45999	0.060092114	0.0066203987	0.08581829	0.038657147	-3.2106007e-07	-0.0012457272	0.0	-5.166769e-06	1.9763985	-1.2062262	0.0017055895	-0.00043883303	0.07023229	-0.002620332	79.0	0.7204467	0.0029568444	860000	451.7077012062073
86	1000.0	0.0	1000.0	1000.0	0.39196056	0.06097684	0.48067036	0.31211308	1000.0	7745.8086	0.008903229	99.025246	0.0012704546	99.02681	98.99567	0.039179344	0.0050706686	0.05841855	0.024069041	-3.3719925e-07	-0.0022051	2.0861626e-10	2.449773e-05	0.8088165	-0.5045039	0.0006690166	-7.575087e-05	0.067611955	-0.0029397905	79.0	0.7130228	0.0049872017	870000	457.3521182537079
87	1000.0	0.0	1000.0	1000.0	0.5196029	0.08668639	0.6582109	0.40645704	1000.0	7751.005	0.00880796	99.38727	0.0008685603	99.38856	99.370056	0.030294973	0.0038868007	0.047784843	0.01847876	-3.5346082e-07	-0.0015200102	0.0	-2.4060684e-05	0.31962037	-0.20397612	0.0013057343	-0.00011873839	0.064672165	-0.0026266389	79.0	0.69609106	0.0032591587	880000	463.0182478427887
88	1000.0	0.0	1000.0	1000.0	0.5715219	0.0803291	0.7102216	0.41838726	1000.0	7756.72	0.008715416	99.62181	0.00080525555	99.62313	99.60967	0.040958177	0.005764443	0.061796352	0.022330986	1.1924628e-07	-0.0020940334	-4.7683715e-11	6.95071e-05	0.121747606	-0.079479754	0.0017518566	-7.241266e-06	0.062045526	-0.0028382987	79.0	0.701671	0.005148129	890000	466.6487674713135
89	1000.0	0.0	1000.0	1000.0	0.7093572	0.16096187	1.0477024	0.48310998	1000.0	7763.8135	0.008626459	99.77147	0.0006585123	99.772484	99.76437	0.041266374	0.0077904607	0.06979296	0.01345015	2.250972e-07	-0.0025634475	1.013279e-10	-3.664797e-05	0.044467315	-0.029678885	0.0021503714	-0.00028272346	0.059207227	-0.0027663037	79.0	0.6992622	0.0051653865	900000	472.24875235557556
90	1000.0	0.0	1000.0	1000.0	0.7127499	0.08371931	0.86101204	0.5664826	1000.0	7770.941	0.008539495	99.86462	0.0005251099	99.86557	99.85918	0.05813068	0.007817771	0.08267752	0.029662425	-4.4342553e-07	-0.0015253093	-1.4305115e-10	4.143792e-05	0.015609703	-0.010648701	0.0020707657	-1.3843179e-05	0.056440923	-0.0024838448	79.0	0.67848194	0.0038061065	910000	478.01606941223145
91	1000.0	0.0	1000.0	1000.0	0.9897105	0.08879947	1.1906902	0.87966514	1000.0	7780.8384	0.008457433	99.921715	0.00039487449	99.92252	99.918846	0.054222	0.010169059	0.09324101	0.017394256	-2.7525306e-07	-0.0016542776	5.2154066e-11	0.000104122315	0.005218622	-0.0036363425	0.0047603888	-0.0005126619	0.05395708	-0.0019033514	4.0	0.6634005	0.011250181	920000	483.22354006767273
92	1000.0	0.0	1000.0	1000.0	1.3921603	0.12658642	1.5382795	1.1163371	1000.0	7794.76	0.008381462	99.95586	0.00033558498	99.956505	99.952156	0.06785241	0.017053345	0.13426818	0.01408541	1.5890062e-07	-0.001520131	-1.3709069e-10	0.000105084044	0.0016598614	-0.0011811088	0.008795335	-0.0020721331	0.052053727	-0.0017574653	3.0	0.6622758	0.020133665	930000	488.38941717147827
93	1000.0	0.0	1000.0	1000.0	2.2563672	0.26573846	2.7693658	1.9881704	1000.0	7817.3237	0.008316302	99.975815	0.00026635494	99.976326	99.97326	0.081786744	0.033631053	0.2477646	-0.015362071	6.544306e-07	-0.0026545145	-1.2397766e-09	9.5070456e-05	0.00049796625	-0.00036169193	0.027003326	-0.00855564	0.050296262	-0.0015037395	2.0	0.66070765	0.03551111	940000	493.60006165504456
94	1000.0	0.0	1000.0	1000.0	3.934567	0.3583801	4.7350855	3.4697032	1000.0	7856.669	0.008270178	99.98723	0.00020826029	99.98759	99.98459	0.104877174	0.06598061	0.42590153	-0.13669235	-3.2463586e-07	0.00061583286	3.6239625e-09	0.0002439785	0.00013913595	-0.00010300861	0.09828806	-0.040905748	0.048792522	-0.0010233447	2.0	0.6596235	0.040335312	950000	496.7800862789154
95	309.46875	204.3222	833.0	58.0	4.645129	1.1652672	7.8495746	2.7414505	309.46875	8006.7573	0.008340372	99.99347	0.00033329276	99.99382	99.99027	0.18819101	0.23099115	0.9134021	-0.43304545	-1.3726399e-08	-0.0074983267	-6.1035155e-09	-4.3665314e-05	1522.6041	-314.7727	0.8689416	-0.6213782	0.047769178	-0.0020079352	79.0	0.6586583	0.0051728417	960000	502.3848407268524
96	785.9167	307.17328	1000.0	221.0	5.7594457	1.0940578	7.8748784	3.0647788	785.9167	8080.383	0.008330291	93.51618	0.00022795108	93.516525	93.51317	0.95686907	0.26054192	2.0960035	0.0068100207	5.8083414e-09	-0.0039007072	-3.8146972e-10	0.0006748219	183.5686	0.274292	0.22559275	-0.10666372	0.045761243	1.1060387e-05	4.0	0.6715112	0.019601563	970000	507.5382926464081
97	1000.0	0.0	1000.0	1000.0	4.5375843	0.35540456	5.131462	4.0538716	1000.0	8125.759	0.008291591	93.4521	0.00019037917	93.45242	93.44943	0.7484165	0.1369906	1.4818146	0.37224984	-9.337151e-07	-0.0008639947	2.3841857e-09	-1.14892e-05	36.497826	-12.400986	0.1670063	-0.1117528	0.045772303	0.00012753904	79.0	0.6719088	0.002089524	980000	513.1743764877319
98	1000.0	0.0	1000.0	1000.0	4.3270593	0.33539158	5.171339	3.933142	1000.0	8169.0293	0.008251545	94.61834	0.00018176726	94.61862	94.61578	0.42547002	0.114972346	1.0584909	0.1256876	4.3406067e-07	-0.0018864835	7.6293943e-10	-0.000119608405	24.65451	-9.021757	0.051450934	-0.004334882	0.045899842	0.00033035874	79.0	0.68678886	0.002967325	990000	518.7661843299866
99	1000.0	0.0	1000.0	1000.0	4.4380217	0.4106534	5.1567173	3.5170517	1000.0	8213.409	0.008213409	95.66066	0.00019105933	95.660904	95.65754	0.35763615	0.13003294	1.0779097	0.04246914	4.783646e-07	-0.0010856761	-1.9073486e-10	-0.00015505753	16.029121	-5.986656	0.05342147	-0.00032123923	0.0462302	0.0006627217	79.0	0.65518427	0.004125457	1000000	524.5473670959473
