Epoch	AverageEpRet	StdEpRet	MaxEpRet	MinEpRet	AverageEpCost	StdEpCost	MaxEpCost	MinEpCost	EpLen	CumulativeCost	CostRate	AverageVVals	StdVVals	MaxVVals	MinVVals	AverageCostVVals	StdCostVVals	MaxCostVVals	MinCostVVals	LossPi	DeltaLossPi	SurrCost	DeltaSurrCost	LossV	DeltaLossV	LossVC	DeltaLossVC	Penalty	DeltaPenalty	Optim_A	Optim_B	Optim_c	Optim_q	Optim_r	Optim_s	Optim_Lam	Optim_Nu	OptimCase	Margin	BacktrackIters	Entropy	KL	TotalEnvInteracts	Time
0	16.851694	6.766007	50.0	8.0	0.04134552	0.040822007	0.32327804	0.001911203	16.851694	9.7842245	0.002446056127548218	-0.0053610513	0.23093382	0.54445934	-0.57135653	0.006436679	0.57941294	1.3591127	-1.3520713	5.531311e-08	-0.013588938	1.5497208e-09	-0.00050518883	133.38477	-19.934921	0.3408704	-0.3375772	0.0	0.0	0.018097194	-0.28980094	-0.027217114	0.018310638	0.0007262206	0.002470877	1.353168	0.0	3.0	0.0	0.0	0.6743488	0.004481197	4000	5.232638120651245
1	19.640394	10.688317	80.0	9.0	0.06543026	0.12321429	1.025882	0.0046647377	19.640394	23.071913	0.002883989095687866	1.0302762	0.31005013	1.7982767	0.16832976	0.040479627	0.015747799	0.110380195	-0.050461423	3.7670137e-08	-0.016462887	4.5448542e-10	0.00027656782	200.29404	-71.52811	0.018075624	-0.0016272236	0.0	0.0	0.019289467	-18.310877	-0.022126324	0.027047649	-0.00045531936	2.6722206e-05	1.644617	0.0	3.0	0.0	0.0	0.6884093	0.0045512985	8000	10.307231187820435
2	22.355932	10.181565	66.0	11.0	0.06716016	0.1243237	1.2949573	0.003592782	22.355932	35.29109	0.0029409240086873375	5.0142803	0.35910362	6.3770313	3.10257	0.07587001	0.014023818	0.1312048	0.024298672	-2.3126603e-08	-0.016517937	7.8231095e-11	0.0003988494	135.45195	-53.154556	0.016549084	-0.0004533995	0.0	0.0	0.013057417	-12.289933	-0.019361297	0.027574498	-0.0006651548	3.0476573e-05	1.660557	0.0	3.0	0.0	0.0	0.69256294	0.00463342	12000	12.681949853897095
3	26.117647	14.811205	86.0	9.0	0.11071407	0.36654472	4.164127	0.0013151249	26.117647	52.234585	0.0032646615505218506	9.84305	0.7056388	12.826469	4.508621	0.07069209	0.024365414	0.23013146	-0.09292842	-1.3113022e-09	-0.018348502	-2.682209e-10	0.0009762402	154.81432	-30.931068	0.13571396	-0.012224637	0.0	0.0	0.007687063	-1.7602524	-0.014905091	0.034533013	-0.0018355087	0.00012549723	1.858306	0.0	3.0	0.0	0.0	0.6879581	0.0041511315	16000	17.757295846939087
4	33.30252	20.564535	126.0	9.0	0.23315535	0.77198046	6.274301	0.0018292239	33.30252	80.00746	0.004000373077392578	13.667154	1.136974	16.572067	3.3280766	0.13942868	0.13204409	0.824704	-0.84041846	3.409386e-08	-0.016694846	-1.3113022e-09	0.001501766	234.7015	-34.014603	0.5600808	-0.03510201	0.0	0.0	0.009813592	-0.17068517	-0.008012746	0.029061493	-0.0026152416	0.00035533684	1.7047431	0.0	3.0	0.0	0.0	0.6794949	0.004189911	20000	22.5622456073761
5	42.12766	26.250124	134.0	10.0	9.745246	58.785004	451.2452	0.0029324666	42.12766	996.11426	0.0415047607421875	16.898386	2.230835	20.120848	-1.0143787	0.27620986	0.13383625	0.7885122	-0.3345897	1.2516975e-08	0.011056086	1.2254715e-07	-0.05591817	309.80975	-44.365753	3505.9663	-298.3291	0.17489363	0.0	0.02168126	-0.13731612	0.21945786	0.033866607	-0.0631168	0.32692793	0.0	0.17489363	0.0	0.0	0.0	0.66586334	0.0023852256	24000	27.367974996566772
6	32.186993	17.172651	104.0	9.0	0.1839514	0.6264315	5.202663	0.002115828	32.186993	1018.7786	0.03638495091029576	20.401373	2.264528	22.320042	3.984279	5.378368	2.5044708	13.299402	-7.6363645	-2.2649764e-09	-0.011801218	-1.3494491e-07	0.009633568	155.28166	-9.66478	32.98539	-21.721954	0.5570566	0.0	0.003655636	0.008153996	-0.009819141	0.028015498	-0.035669304	0.05222933	0.6695703	0.5570566	2.0	0.0	0.0	0.6672511	0.0041937013	28000	32.54969835281372
7	37.01852	20.873508	115.0	11.0	0.8257943	3.3898869	23.574814	0.0031696805	37.01852	1107.9644	0.034623886108398436	18.873829	4.1179214	22.430557	-2.2577085	1.4054997	3.5318778	10.11676	-12.881043	7.7486035e-09	-0.003434295	6.008148e-08	-0.008965721	174.95418	-12.080185	34.339664	-10.021097	1.0050188	0.0	0.012344054	0.008052032	0.008800846	0.033589322	-0.029064618	0.03976189	1.2381582	1.0050188	1.0	0.0	0.0	0.6541106	0.003454884	32000	37.484506130218506
8	39.455444	16.987198	93.0	11.0	0.13459712	0.2925802	2.3998792	0.0009884139	39.455444	1121.5618	0.031154493543836804	18.947561	4.914409	23.464638	-7.286867	2.2464046	1.6502087	8.105328	-6.275078	5.1259996e-09	-0.016293123	6.6757204e-09	0.0077404864	126.51387	-9.050278	7.4080324	-4.7373867	0.0	0.0	0.007288163	-0.00046867275	-0.009261153	0.027301	-0.012804822	0.008192915	1.6523014	0.0	3.0	0.0	0.0	0.64660573	0.0044541555	36000	42.06564545631409
9	46.162792	26.386158	173.0	13.0	0.5694838	2.0893896	15.650829	0.0026232454	46.162792	1170.5715	0.029264288330078124	19.648752	5.721388	24.307613	-10.775958	0.87614846	2.076074	9.136118	-8.475142	2.7418137e-08	-0.01121876	7.629395e-09	-0.001436929	253.57059	-19.797333	7.163892	-1.6803641	0.7476626	0.0	0.016302293	0.009903264	0.001505191	0.02666584	-0.015579468	0.023420535	1.2830251	0.7476626	1.0	0.0	0.0	0.6365825	0.0033820814	40000	44.651938676834106
10	52.96	27.401432	179.0	16.0	0.40288526	1.1409061	8.490662	0.0018028197	52.96	1200.7964	0.027290826970880682	21.916838	6.2103205	26.230059	-16.571262	0.8019252	1.4528359	5.8530855	-5.8165526	5.4836273e-09	-0.008950967	1.6689301e-09	0.0016782806	250.69182	-18.454285	4.094589	-1.3459399	0.93037057	0.0	0.008735927	0.009770286	-0.0018337376	0.024838464	-0.015352927	0.0146382125	0.94558555	0.93037057	2.0	0.0	1.0	0.6222606	0.001978206	44000	49.61541128158569
11	60.984615	31.057508	159.0	19.0	0.7071152	1.8944048	11.23061	0.00349571	60.984615	1246.7712	0.025974400838216147	23.568106	7.1411896	28.259455	-14.91554	0.4453916	1.2703848	4.3639226	-5.592115	4.2915342e-09	-0.00028142083	4.313886e-09	-0.003618625	279.70557	-24.267654	5.0608053	-1.3679199	1.7510391	0.0	0.0034742036	0.008790195	0.0033961872	0.025707165	-0.014559034	0.009533839	0.6286782	1.7510391	1.0	0.0	0.0	0.61980385	0.002194748	48000	54.244728326797485
12	54.356163	24.899454	128.0	14.0	0.34829026	0.5595971	3.2033653	0.007500931	54.356163	1272.2771	0.02446686730018029	24.598753	9.324051	30.68668	-22.874098	0.49094063	0.7239241	4.1451435	-2.412313	1.6212464e-08	-0.012385385	1.3232231e-08	0.0022912584	184.31229	-6.4335785	0.79020864	-0.27355278	1.0584842	0.0	0.014344527	0.009019717	-0.002791031	0.032257956	-0.011931039	0.007946536	1.2610917	1.0584842	2.0	0.0	1.0	0.6153405	0.0025190602	52000	58.76852297782898
13	72.69091	36.954945	203.0	24.0	2.1758864	3.9035943	23.003336	0.0065005966	72.69091	1391.9519	0.02485628400530134	25.074736	8.872866	31.54324	-20.149723	0.27876502	1.1148431	3.959519	-4.5535827	-3.361702e-08	0.014457862	1.758337e-08	-0.012925837	345.495	-44.24362	12.158766	-3.971013	0.7778293	0.0	0.0038795234	-0.022158649	0.023054965	0.024930578	-0.018653164	0.016528413	0.0	0.7778293	0.0	0.0	0.0	0.61824745	0.004521778	56000	63.21354556083679
14	50.13924	24.159143	124.0	15.0	0.70993054	1.9206058	12.313114	0.0039325017	50.13924	1448.0519	0.024134197998046874	28.683306	8.584505	34.26218	-21.877287	0.84608644	0.4043529	1.9264075	-0.8306006	-3.695488e-09	-0.0039380617	8.46386e-09	-0.004205301	177.55919	-33.118484	2.4809399	-0.5302645	2.5665576	0.0	0.01655025	0.007499211	0.004186951	0.036317755	-0.011771593	0.0070100105	1.4855747	2.5665576	1.0	0.0	0.0	0.61827284	0.0036993865	60000	67.7668068408966
15	56.985294	27.742777	155.0	18.0	0.559214	1.1211492	7.310562	0.004248631	56.985294	1487.0519	0.023235185623168945	25.986967	10.002537	34.082207	-13.7098465	0.7504963	0.64194727	2.7582443	-0.9987488	1.1444092e-08	-0.0060056215	1.257658e-08	-0.0011838693	222.49391	-6.1574707	0.73646426	-0.06454921	2.327051	0.0	0.008040473	0.009803556	0.0010391101	0.033586226	-0.011849526	0.0054964623	0.9056262	2.327051	1.0	0.0	0.0	0.61116457	0.0027435804	64000	70.08992338180542
16	65.2623	34.520557	190.0	12.0	0.5190088	1.0265961	4.8125825	0.001970095	65.2623	1518.7344	0.022334329044117647	27.0862	10.140739	34.956562	-11.834666	0.56357783	0.54916584	2.5191762	-0.94960684	2.0861625e-08	-0.007358092	-1.0609627e-08	-0.00032451097	249.84436	-13.498016	0.5486133	-0.032973528	3.2713842	0.0	0.008291769	0.009936875	0.00029126793	0.020986715	-0.004130541	0.0013439496	0.91347927	3.2713842	1.0	0.0	0.0	0.60162115	0.0031879824	68000	74.6032178401947
17	62.555557	28.100035	143.0	19.0	0.3940414	0.7668317	4.0899773	0.0036456392	62.555557	1543.8301	0.021442084418402778	27.30396	11.04176	36.49515	-10.899092	0.4313875	0.48165357	1.948012	-0.8237728	-1.0848045e-08	-0.010078551	2.2053719e-09	0.001430582	159.55893	-8.449554	0.36766183	-0.029352188	2.0572522	0.0	0.00670391	0.008085781	-0.0016938321	0.02098041	-0.0046257842	0.0014988183	0.91054857	2.0572522	2.0	0.0	1.0	0.5815713	0.0024384656	72000	79.44195938110352
18	63.836067	21.251947	124.0	23.0	0.41473454	0.5236459	2.2190092	0.005607603	63.836067	1570.2296	0.02066091597707648	28.237673	11.189824	37.499107	-10.630724	0.45348245	0.44029924	1.6970317	-0.7452452	8.46386e-09	-0.011936942	4.5001505e-09	0.0013317921	149.59697	-4.912033	0.20347086	-0.03509471	2.4093077	0.0	0.0065727225	0.00807158	-0.0013356941	0.01932145	-0.003434311	0.0009251505	0.9023881	2.4093077	2.0	0.0	0.0	0.5739345	0.0043162853	76000	83.9634530544281
19	73.74074	29.042233	161.0	28.0	0.93895286	1.1870834	4.4850383	0.008233578	73.74074	1620.94	0.020261749267578125	27.514894	12.456618	38.01885	-9.501307	0.37340543	0.38300455	1.251342	-0.6723717	9.6559525e-09	0.011962353	-2.861023e-09	-0.0050617466	195.96088	-17.724594	0.5633637	-0.10534665	1.9478624	0.0	0.0015260872	-0.0034443252	0.0059526507	0.01575315	-0.006123483	0.002635614	0.0	1.9478624	0.0	0.0	0.0	0.5640941	0.004809186	80000	88.5633270740509
20	67.01695	26.9491	175.0	26.0	0.36288273	0.57577634	3.4391618	0.007854196	67.01695	1642.3578	0.019551878429594494	29.423012	11.330971	39.32345	-0.1679197	0.52608496	0.36938182	1.5458405	-0.6057211	-2.1219254e-08	-0.010533549	6.377697e-09	0.0016866331	126.47943	-10.640526	0.2509744	-0.05577682	3.095054	0.0	0.0023454702	0.005501632	-0.0020460086	0.02144741	-0.004216176	0.0009305934	0.65293384	3.095054	2.0	0.0	1.0	0.5619775	0.0029057665	84000	93.41500186920166
21	68.5	25.300436	159.0	32.0	0.7310692	1.0521206	4.937614	0.012918797	68.5	1684.7783	0.019145208185369317	27.488771	12.89787	40.420765	-2.3047943	0.36747137	0.33663765	1.1895664	-0.6852016	2.5629998e-08	0.0043924875	-2.3245812e-09	-0.0034758484	118.41088	-6.097397	0.4446568	-0.02548942	5.8362384	0.0	0.008943152	0.0038995491	0.0033732732	0.02683998	-0.005777748	0.0018652673	1.5143913	5.8362384	1.0	0.0	0.0	0.5651449	0.004392482	88000	98.64977836608887
22	73.44444	30.682161	188.0	24.0	0.3812025	0.37470785	1.898162	0.0033297022	73.44444	1705.4221	0.018537196947180708	30.110003	12.242962	41.374733	0.1520409	0.49931976	0.3486897	1.5173149	-0.5450074	-8.106232e-09	-0.0071519315	3.8743018e-09	0.0014011917	140.72507	-11.663132	0.1723442	-0.05653792	3.5820997	0.0	0.0006157741	0.008169827	-0.0016175153	0.022278821	-0.005564961	0.0014295677	0.27453914	3.5820997	2.0	0.0	1.0	0.56841594	0.002066058	92000	100.90285086631775
23	66.25	20.707186	146.0	24.0	0.43244138	0.52169865	2.9196417	0.0131463865	66.25	1731.3787	0.018035194396972657	28.243956	13.486194	42.836174	-0.28204364	0.32365283	0.31424156	1.2281581	-0.46220765	-9.536743e-09	-0.0055353246	-7.8976153e-10	0.00094198115	70.94517	-1.8556519	0.15638186	-0.009836689	4.3620706	0.0	0.00027651174	0.009226757	-0.0010197527	0.027429512	-0.006042904	0.0013448492	0.17311403	4.3620706	2.0	0.0	1.0	0.55455506	0.0011910119	96000	105.4496955871582
24	68.59649	21.113611	150.0	41.0	0.5145034	0.6105521	2.7644866	0.014043818	68.59649	1760.9895	0.01760989501953125	29.397774	13.29121	43.349964	0.19312078	0.35808533	0.27298325	1.1929221	-0.5133006	-6.437302e-09	-0.0036145651	2.4437905e-09	-0.00016304532	93.79696	-1.2631531	0.14166068	-0.001151979	4.193717	0.0	0.0011955438	0.009957464	0.00021143093	0.019070055	-0.0043342155	0.0010509616	0.3465041	4.193717	1.0	0.0	0.0	0.5590736	0.003971851	100000	110.37511467933655
