Epoch	AverageEpRet	StdEpRet	MaxEpRet	MinEpRet	AverageEpCost	StdEpCost	MaxEpCost	MinEpCost	EpLen	CumulativeCost	CostRate	AverageVVals	StdVVals	MaxVVals	MinVVals	AverageCostVVals	StdCostVVals	MaxCostVVals	MinCostVVals	LossPi	DeltaLossPi	SurrCost	DeltaSurrCost	LossV	DeltaLossV	LossVC	DeltaLossVC	Penalty	DeltaPenalty	Optim_A	Optim_B	Optim_c	Optim_q	Optim_r	Optim_s	Optim_Lam	Optim_Nu	OptimCase	Margin	BacktrackIters	Entropy	KL	TotalEnvInteracts	Time
0	17.308695	6.6486616	53.0	8.0	0.36082715	0.24239674	1.2348002	0.023890985	17.308695	83.07547	0.020768867492675782	0.005899957	0.22878407	0.51190835	-0.5122277	-0.008250418	0.57801163	1.4511236	-1.3979014	-4.720688e-08	-0.012346855	1.0490417e-08	-0.0009668633	135.15697	-22.19159	0.40799645	-0.37228772	0.0	0.0	0.014815033	-2.6187668	-0.09470228	0.015197423	0.0011421887	0.0034116842	1.2327783	0.0	3.0	0.0	0.0	0.67491245	0.004357664	4000	3.9105935096740723
1	18.649532	7.7876954	60.0	8.0	0.36344218	0.2565271	1.5329905	0.062431056	18.649532	160.86113	0.020107641220092773	1.1678296	0.25087175	2.3000474	-0.42436966	0.21971396	0.017122297	0.26279914	0.14045584	-1.3256073e-07	-0.015130415	9.536744e-10	0.0007116214	138.38496	-58.366066	0.040354896	-0.0015719049	0.0	0.0	0.009782965	-87.77739	-0.08775329	0.022729501	-0.0010656734	8.771921e-05	1.5076306	0.0	3.0	0.0	0.0	0.688252	0.0045806607	8000	7.5443949699401855
2	23.180233	12.069425	73.0	8.0	0.5324941	1.1630173	14.685815	0.03968404	23.180233	252.47646	0.02103970464070638	5.1093597	0.43547246	8.443317	2.9936755	0.20932613	0.05143095	0.40843236	-0.153801	-7.009506e-08	-0.017045252	7.450581e-09	0.002595287	165.00221	-64.197914	1.7803817	-0.5285611	0.0	0.0	0.026484344	-0.60470253	-0.06330851	0.029540872	-0.0044642007	0.0065201726	1.7187458	0.0	3.0	0.0	0.0	0.69203603	0.0044039283	12000	11.161196947097778
3	26.791946	13.258542	70.0	9.0	0.4647291	0.4137281	3.0778854	0.05039806	26.791946	321.95566	0.020122228622436525	10.256263	1.1044661	13.34683	3.745813	0.29587674	0.51425385	2.307363	-2.5227308	-2.2530555e-08	-0.014983267	5.2154063e-09	0.0011636994	130.3133	-24.44667	0.5016985	-0.35377043	0.0	0.0	0.020685943	-2.5137825	-0.057303447	0.0231796	-0.0018012469	0.0013010968	1.5224848	0.0	3.0	0.0	0.0	0.6884945	0.004315755	16000	14.850042343139648
4	31.48819	17.631783	97.0	10.0	0.54016435	1.1676288	12.343088	0.045112476	31.48819	390.57666	0.0195288330078125	13.687588	0.9878777	15.731345	7.3803267	0.299115	0.09013426	0.65352327	-0.5344915	8.5830685e-09	-0.015600095	2.7418137e-09	0.002470373	175.91998	-20.037537	1.4457206	-0.27445543	0.0	0.0	0.017358461	-1.0607669	-0.046361372	0.02523093	-0.003975248	0.0020073245	1.5884247	0.0	3.0	0.0	0.0	0.6797221	0.004288644	20000	15.516322612762451
5	40.151516	28.080462	187.0	12.0	4.84423	38.968563	390.0001	0.030685324	40.151516	870.4751	0.03626979573567708	16.60265	1.7262039	18.986479	6.4368525	0.298271	0.5072822	2.0295546	-2.2710307	-1.2397766e-08	0.011651295	-6.717443e-08	-0.038630046	343.1637	-46.305695	1686.1692	-153.13208	0.27463818	0.0	0.019173129	-0.027848393	0.07083743	0.03237349	-0.041834254	0.13258004	0.0	0.27463818	0.0	0.0	0.0	0.66472584	0.0032329832	24000	19.14510679244995
6	32.81818	19.745907	126.0	11.0	0.71026313	1.33255	11.347385	0.040286705	32.81818	956.509	0.034161034720284596	20.144054	2.6972077	22.793074	2.918848	4.810164	2.2428682	11.535168	-8.398382	9.536743e-09	-0.016101308	-3.2901763e-08	0.019404324	180.48863	-5.549713	25.267017	-18.352346	0.0	0.0	0.0076212483	-0.018306764	-0.039299462	0.026722321	-0.03228274	0.054561086	1.6346964	0.0	3.0	0.0	0.0	0.6726171	0.0039266297	28000	22.83357524871826
7	35.50893	19.248375	91.0	9.0	0.56177855	0.8562357	5.8280516	0.01865665	35.50893	1019.649	0.031864030838012695	19.421003	4.1123137	22.839775	-4.8521075	1.8204625	1.7877836	9.48217	-7.9480085	1.7642975e-08	-0.019167585	-2.4139881e-08	0.009413877	158.50606	-2.9292297	5.8306026	-3.2077463	0.0	0.0	0.019931111	-0.07504585	-0.040503092	0.038029876	-0.018684698	0.019289602	1.950125	0.0	3.0	0.0	0.0	0.65876454	0.004025251	32000	26.527420043945312
8	51.727272	37.890354	256.0	12.0	1.8768514	4.448293	28.703985	0.011251347	51.727272	1164.5339	0.032348164876302085	19.600313	4.2916083	23.136847	-7.779026	0.12187805	2.304923	6.229654	-9.224214	-5.1617622e-08	-0.013200735	-2.861023e-09	0.002006839	515.4039	-87.60788	23.039732	-8.551836	0.2279506	0.0	0.023672167	0.009227503	-0.002380728	0.027773606	-0.0054856665	0.0073370705	1.6016843	0.2279506	2.0	0.0	1.0	0.64645046	0.0024931591	36000	30.076622009277344
9	61.953125	31.34407	126.0	16.0	16.617226	73.700005	578.0071	0.06722296	61.953125	2228.1619	0.05570404663085937	24.797941	1.9019623	26.024591	4.152956	1.58141	2.0156233	9.500451	-5.7196164	-8.5830685e-09	0.011726382	1.3685226e-07	-0.20328306	340.744	-26.079468	3553.471	-172.99341	0.046841305	0.0	0.023420608	-0.0022140993	0.23594008	0.03685592	-0.24745426	4.557661	0.0	0.046841305	0.0	0.0	0.0	0.63846594	0.0042635147	40000	33.793710231781006
10	56.028168	27.753935	170.0	12.0	1.884001	3.192992	16.713476	0.07131954	56.028168	2362.0278	0.05368245072798295	26.950619	3.174379	28.204754	-13.680866	8.241739	3.7598455	16.790636	-9.203186	2.384186e-10	-0.006067768	-5.4597855e-08	0.00178671	278.3381	-3.9482117	61.830772	-44.39737	0.30675742	0.0	0.007895614	0.009973425	-0.002070369	0.02422495	-0.051321372	0.16129763	0.8897557	0.30675742	2.0	0.0	2.0	0.6409408	0.0017136551	44000	37.532939434051514
11	63.919353	31.963333	164.0	13.0	12.783969	61.10682	451.92303	0.05207125	63.919353	3154.7258	0.06572345479329426	26.931086	6.158163	28.65169	-24.948484	4.732519	3.4936643	14.412764	-12.472396	2.7060509e-08	0.006783976	9.274483e-08	-0.16218282	355.58432	-23.61258	2458.8274	-159.54395	0.05949368	0.0	0.015665453	-7.474754e-05	0.16871211	0.020265287	-0.1139988	2.8252594	0.0	0.05949368	0.0	0.0	0.0	0.6391039	0.0041345092	48000	41.156607151031494
12	58.544117	37.343178	175.0	12.0	1.5808969	2.3051698	10.22084	0.07987535	58.544117	3262.6301	0.06274288705679086	28.68318	2.5487583	29.7127	-6.932258	7.5570135	1.4122194	11.688016	2.019494	8.702278e-09	-0.0050757793	-7.271767e-08	0.006347872	388.68417	-9.983917	42.8571	-29.492004	0.5633805	0.0	0.00019193965	0.00938796	-0.0071587577	0.027934387	-0.048197	0.08373273	0.14298706	0.5633805	2.0	0.0	0.0	0.63437444	0.003203366	52000	41.86282229423523
13	58.808823	33.51394	165.0	15.0	2.1469698	4.0358005	21.511267	0.0417232	58.808823	3408.637	0.06086851719447545	29.591711	3.243217	30.723555	-14.365108	3.9440844	1.5925487	8.591976	-1.2545354	-1.07288365e-08	-0.004866693	1.6212464e-08	-0.0034011407	343.8986	-2.0835266	11.807887	-3.6440382	0.8278235	0.0	0.0052976157	0.009849833	0.0024991112	0.030845871	-0.032597173	0.04159093	0.7333744	0.8278235	1.0	0.0	0.0	0.6384558	0.0023212596	56000	45.56545948982239
14	71.30909	44.595913	302.0	14.0	6.50908	22.439104	168.26268	0.0175741	71.30909	3770.2441	0.06283740234375	29.678232	3.5970697	30.850294	-15.145456	2.5124252	1.8286554	8.28202	-3.7533724	-1.1920929e-08	-0.006482699	-5.4121017e-08	-0.055899646	460.92093	-16.102417	282.25128	-25.525482	0.101270325	0.0	0.012475153	0.0075420015	0.06323289	0.016752137	-0.08341055	1.6266887	1.2861146	0.101270325	1.0	0.0	0.0	0.62699306	0.0037438073	60000	49.35466647148132
15	78.29412	30.958729	217.0	25.0	2.719194	2.956149	16.139935	0.08834786	78.29412	3909.0002	0.06107812881469726	31.656637	3.1916661	32.655933	-13.639561	4.1561522	0.8814064	6.771843	1.0023594	2.7418137e-09	0.0020350022	-2.2649765e-08	-0.00938109	346.7838	-7.271759	10.675389	-4.930744	0.5423745	0.0	0.0008564726	0.00864752	0.009185798	0.016207337	-0.030946957	0.062388286	0.3147103	0.5423745	1.0	0.0	0.0	0.61852086	0.00430309	64000	53.02521634101868
16	67.42373	27.77464	136.0	10.0	1.8455684	2.3917444	14.319331	0.09457224	67.42373	4017.9788	0.05908792293772978	32.77887	3.0142877	33.564415	-17.075867	2.9635904	0.5974873	4.6190796	0.7504017	-1.192093e-10	-0.004359308	5.1021576e-08	0.0017413254	298.86777	-5.393982	5.6742516	-2.617282	0.69919014	0.0	0.0010334322	0.009872639	-0.0022904633	0.022220286	-0.029541867	0.04119167	0.32353732	0.69919014	2.0	0.0	0.0	0.6090184	0.003110084	68000	56.713154792785645
17	75.396225	25.942852	153.0	32.0	2.30882	1.7678674	8.060957	0.13666232	75.396225	4140.366	0.05750508626302083	31.624176	3.8218043	32.717854	-19.29592	2.1708274	0.68047845	4.250174	0.026740216	2.0742416e-08	0.00066749635	-2.8610229e-08	-0.0045569334	298.9471	-2.9930725	1.7790489	-0.4812957	0.8658778	0.0	0.00081739237	0.008834252	0.0040959613	0.009557629	-0.011215409	0.014391533	0.30417982	0.8658778	1.0	0.0	0.0	0.5970682	0.0039162645	72000	60.3200523853302
18	75.23077	43.283775	257.0	16.0	1.9225154	1.5512991	8.915574	0.10616852	75.23077	4240.779	0.055799721165707236	32.30347	2.6392875	32.940746	-17.21436	1.6476711	0.65300775	3.6982186	-0.3590224	1.7285346e-09	-0.0062420256	2.503395e-09	0.00078591064	464.0527	-7.736969	1.4497077	-0.20562863	1.0455414	0.0	0.003410595	0.009886445	-0.0010299591	0.014926831	-0.010372192	0.009341799	0.5873474	1.0455414	2.0	0.0	0.0	0.5988108	0.0042080004	76000	63.956193685531616
19	70.07143	33.210293	190.0	12.0	2.4849565	2.03993	7.938354	0.064886376	70.07143	4383.6543	0.0547956787109375	33.6018	1.6224365	34.224148	-3.1347022	1.3694035	0.5956562	3.2524629	-0.47876078	5.4836273e-09	0.003087854	6.556511e-09	-0.007097164	354.49884	-2.547577	2.0046504	-0.17728174	1.1070578	0.0	0.0015428071	0.0064983703	0.006920888	0.011672321	-0.011771208	0.013678972	0.48725197	1.1070578	1.0	0.0	0.0	0.58216065	0.0043339613	80000	67.53391432762146
20	62.09375	18.394733	123.0	21.0	1.7884333	1.6655552	7.344492	0.08756874	62.09375	4498.519	0.05355379813058036	33.204742	0.46765366	33.822	32.630455	1.4818306	0.44704586	2.7670352	0.1385652	1.3828277e-08	-0.005434566	4.7683715e-09	0.0028162943	253.1519	-22.99408	1.6323777	-0.09849954	0.74615693	0.0	0.0017506435	0.00938805	-0.0034072138	0.01462239	-0.015626447	0.018970685	0.43182835	0.74615693	2.0	0.0	1.0	0.57513773	0.0019248185	84000	71.22015929222107
21	67.10169	17.863604	121.0	27.0	1.8930278	1.1941898	4.976199	0.03282587	67.10169	4610.4194	0.052391129927201706	30.676008	0.50441366	31.402061	30.119955	1.3921928	0.4410004	2.5963917	0.07564205	5.6028364e-09	-0.0047798827	-5.9604643e-10	0.0015080285	237.2053	-3.7836456	0.78235877	-0.04364717	0.8026243	0.0	0.0014461041	0.00969645	-0.0015941806	0.007873139	-0.0073354677	0.008372303	0.38618323	0.8026243	2.0	0.0	0.0	0.5586072	0.0040159645	88000	71.95679879188538
22	66.52542	16.30572	123.0	31.0	2.0029852	1.4808234	7.7659116	0.109625034	66.52542	4730.4434	0.051417862601902176	29.844894	0.5661772	30.563368	29.174974	1.3286052	0.38213736	2.4368346	0.038230974	-1.2278557e-08	-0.003490886	-2.503395e-09	-0.00014459479	230.55072	-1.7770996	1.0879477	-0.031895876	0.8035312	0.0	0.0013201991	0.009999857	4.4873657e-05	0.010415794	-0.011335802	0.014127763	0.36334804	0.8035312	1.0	0.0	0.0	0.54842347	0.0035894567	92000	75.59084057807922
23	68.77586	14.960918	109.0	45.0	2.277614	1.3462348	5.9938183	0.13391797	68.77586	4862.592	0.050651997884114584	29.379528	0.6214261	30.122993	28.640968	1.3256978	0.3421287	2.5163102	0.2248269	-1.692772e-08	0.0015138347	9.6559525e-09	-0.003949662	221.90927	-1.0328369	0.76575357	-0.028237343	1.522	0.0	0.0018939689	0.00820729	0.004036505	0.017458994	-0.011893933	0.009088687	0.48038176	1.522	1.0	0.0	0.0	0.5251644	0.0034365247	96000	79.25187420845032
24	62.93651	14.63511	97.0	28.0	2.2160785	1.6508999	7.623455	0.07148604	62.93651	5002.8354	0.0500283544921875	29.18193	0.6550343	29.9515	28.392159	1.3942559	0.30570534	2.351296	0.3985241	-5.1259996e-09	-0.0022796495	-4.6491624e-09	-0.0036016193	203.06035	-3.2968292	1.3014313	-0.029180527	0.6441505	0.0	0.0018130571	0.009332053	0.0034332778	0.007315602	-0.009854168	0.01764722	0.4407752	0.6441505	1.0	0.0	0.0	0.5242709	0.004334173	100000	82.97350835800171
