Epoch	AverageEpRet	StdEpRet	MaxEpRet	MinEpRet	AverageEpCost	StdEpCost	MaxEpCost	MinEpCost	EpLen	CumulativeCost	CostRate	AverageVVals	StdVVals	MaxVVals	MinVVals	AverageCostVVals	StdCostVVals	MaxCostVVals	MinCostVVals	LossPi	DeltaLossPi	SurrCost	DeltaSurrCost	LossV	DeltaLossV	LossVC	DeltaLossVC	Penalty	DeltaPenalty	StopIter	Entropy	KL	TotalEnvInteracts	Time
0	14.964072	8.565976	59.0	5.0	1.2691652	7.879162	101.55653	0.017716752	14.964072	423.90546	0.08478109	-0.001124103	0.106386274	0.4121219	-0.35599077	0.0046293796	0.15075359	0.50169855	-0.48982665	5.3787232e-08	-0.017793937	-9.002686e-08	0.04607239	146.8198	-19.710243	110.42075	-7.5528564	0	0	5.0	0.9189385	0.017395087	5000	1.1525123119354248
1	19.142307	10.970894	55.0	4.0	3.4921665	14.6571045	112.51334	0.02519027	19.142307	1332.0962	0.13320962	1.0099812	0.73206866	3.9647624	-2.0357542	0.64655983	0.8943716	4.4523425	-2.947066	3.1661987e-08	-0.01813048	-4.0817262e-08	0.09658771	193.50978	-69.95873	317.32523	-19.061005	0	0	7.0	0.9172116	0.016501626	10000	4.318256139755249
2	27.694445	17.919292	126.0	5.0	8.912819	22.592054	115.62368	0.018705249	27.694445	2936.4822	0.19576548	4.7683744	0.65184605	6.5477586	1.7371013	2.4853663	0.56672555	4.1374526	0.19529834	-6.64711e-08	-0.0146898385	3.5476685e-07	0.22436136	316.68976	-115.06073	542.2908	-79.192566	0	0	9.0	0.91504574	0.015103331	15000	7.290583372116089
3	37.089554	20.671728	112.0	8.0	19.240135	32.740345	111.442986	0.025176115	37.089554	5515.701	0.27578506	10.945075	0.30628976	11.655114	8.8316765	7.808878	1.4302542	11.958282	0.57236826	-2.0599366e-08	-0.01599278	2.1438599e-07	0.13332695	284.94147	-70.46777	868.4035	-126.5365	0	0	11.0	0.91261774	0.013555694	20000	10.257882595062256
4	45.74312	22.472164	112.0	9.0	41.415886	41.92307	121.02261	0.055857938	45.74312	10030.044	0.40120175	15.124078	1.3644774	17.37096	8.874286	14.7717285	0.48212782	15.775344	11.52946	5.9700014e-08	-0.015296982	4.9743653e-07	0.21938893	278.55328	-52.31938	1348.3044	-211.55786	0	0	79.0	0.90948254	0.0063455873	25000	13.52049446105957
5	73.411766	35.9138	172.0	6.0	57.573536	40.048836	174.56842	0.096071534	73.411766	13945.092	0.4648364	17.507765	3.0849898	20.58023	1.4526765	20.920687	0.45050117	21.751892	18.042795	6.456375e-08	-0.009226242	-4.0740966e-07	0.06463773	602.721	-117.972015	916.4588	-70.359314	0	0	79.0	0.91302407	0.0042312937	30000	16.763030290603638
6	82.96667	42.765236	224.0	11.0	58.399643	35.847015	123.98461	0.11380938	82.96667	17449.402	0.49855435	22.762083	1.9352227	23.845566	3.4195447	23.710518	0.3286174	24.260145	22.163067	2.7656555e-09	-0.008275822	-1.5335083e-07	0.06278453	639.81616	-72.05896	755.2583	-27.596619	0	0	79.0	0.89518523	0.004289856	35000	20.0063157081604
7	103.145836	47.737556	312.0	35.0	68.516914	32.2601	168.3254	13.933565	103.145836	20741.266	0.5185316	24.811474	3.6999547	26.352413	-14.39036	25.395065	0.18802652	25.77044	24.168112	-1.3303756e-08	-0.00605747	4.5661926e-07	-0.053201813	736.54156	-83.507385	599.8364	-26.098938	0	0	79.0	0.8952659	0.004486733	40000	23.363547801971436
8	101.104164	38.975014	221.0	42.0	66.979546	27.429274	113.973724	2.3027065	101.104164	23977.016	0.53282255	28.206032	2.1553233	28.843489	-4.6276894	27.027294	0.14625765	27.302078	26.310778	-2.7370453e-08	-0.0027621177	1.6021728e-07	0.035770416	614.1299	-47.47351	450.3559	-22.305908	0	0	79.0	0.8806576	0.00226806	45000	26.54273271560669
9	116.0	40.989506	205.0	54.0	69.286644	20.022987	114.81837	33.118916	116.0	26956.373	0.53912747	30.0158	2.4703882	30.72221	1.9200959	28.491156	0.2031931	28.752268	27.415243	-2.3174286e-08	-0.0038735352	3.3950805e-08	0.0042674113	653.7081	-50.70392	309.01886	-12.956848	0	0	79.0	0.87772876	0.0033580756	50000	29.890433311462402
10	141.34285	66.18888	408.0	48.0	67.3856	22.723253	119.91975	24.2173	141.34285	29314.936	0.5329988	32.394608	0.97423244	32.618614	15.617247	29.689047	0.16722329	29.893526	28.348606	-2.9945372e-08	-0.0043474417	4.7111513e-08	-0.0014556464	921.3138	-77.23578	271.3938	-0.43066406	0	0	79.0	0.8953775	0.0033717477	55000	33.08135366439819
11	207.29167	107.66711	520.0	77.0	64.5848	27.036142	146.0781	30.584896	207.29167	30865.23	0.5144205	34.65761	0.6869996	34.87757	24.686697	29.735725	0.29237533	30.044022	27.665625	-1.6021728e-08	-0.0029743842	1.1444092e-09	-0.007005518	1419.9492	-149.30945	317.77567	-25.5979	0	0	79.0	0.91262937	0.0030679787	60000	33.98266005516052
12	269.22223	177.65341	766.0	77.0	48.753643	19.599262	92.459045	20.984615	269.22223	31759.326	0.48860502	37.710957	0.19039646	37.805325	34.72501	28.09365	0.673195	28.685593	20.317038	-1.2435913e-07	-0.005808824	2.407074e-07	0.00017305337	1757.116	-181.72559	340.8756	-101.32361	0	0	79.0	0.9151002	0.00490572	65000	37.08708834648132
13	624.25	358.09	1000.0	101.0	65.428314	15.401393	91.65968	48.26287	624.25	32282.77	0.46118242	40.70691	0.15141149	40.808807	39.51691	22.35453	6.39803	26.347813	-20.270317	-1.9454956e-07	-0.003209826	-5.1879884e-08	0.0036329834	2629.394	-318.8684	296.67798	-110.931	0	0	79.0	0.9415137	0.00607342	70000	40.28623604774475
14	617.5	230.63824	1000.0	229.0	50.045258	20.164427	96.28142	24.023394	617.5	32684.758	0.43579677	44.271385	0.055103183	44.311096	43.063408	19.056597	4.0887737	24.010384	-5.4129906	6.818772e-08	-0.0052017923	-1.2207032e-07	0.0017903504	2149.4343	-211.33838	182.46097	-132.15108	0	0	79.0	0.94586605	0.0022543005	75000	43.52587890625
15	1000.0	0.0	1000.0	1000.0	47.89569	16.106306	68.16311	25.256954	1000.0	32924.24	0.41155297	46.98008	0.013952967	47.00085	46.897312	11.417002	2.567051	17.78998	0.6892976	6.166458e-07	-0.0030147245	-2.0599366e-08	0.0031041824	2392.8293	-254.51855	81.70945	-46.193264	0	0	79.0	0.955557	0.0054327413	80000	47.18258094787598
16	1000.0	0.0	1000.0	1000.0	40.12437	15.406011	68.82358	22.344086	1000.0	33124.86	0.38970423	49.722225	0.015918255	49.741222	49.612064	5.9222064	1.7137883	9.550999	0.5354253	6.427765e-08	-0.0025022435	-1.4305114e-08	0.0014257237	2151.818	-213.52869	12.133964	-3.8753529	0	0	79.0	0.9549499	0.0037601686	85000	50.71555852890015
17	671.3333	336.71732	1000.0	239.0	36.02373	9.406935	47.285168	18.645569	671.3333	33396.98	0.37107757	52.14351	0.012211288	52.159588	52.055305	4.134374	1.0606711	7.2544203	0.88176143	-8.2302094e-08	-0.0022788371	3.223419e-08	-0.015606728	1771.1616	-148.28088	21.5339	-0.833168	0	0	10.0	0.9464351	0.012703862	90000	53.71636390686035
18	446.18182	351.7235	1000.0	58.0	71.00703	21.648966	121.430336	37.44974	446.18182	34200.273	0.36000288	54.1051	0.02398023	54.135117	53.96963	3.5519266	0.7668678	5.554741	1.6031553	1.4877319e-08	-0.0013449864	6.5517426e-08	-0.016812867	1404.674	-86.4364	214.51183	-92.5753	0	0	79.0	0.9458309	0.0031939268	95000	57.133599281311035
19	742.1667	291.7267	1000.0	197.0	45.195004	15.224219	73.370964	26.320072	742.1667	34501.4	0.34501398	55.63436	0.012869543	55.649033	55.544502	9.979117	2.2490926	15.926146	2.6104698	4.4345857e-08	-0.0026778672	7.93457e-08	-0.0058212653	1507.2964	-111.635376	40.808945	-18.742958	0	0	79.0	0.9376764	0.003321344	100000	60.621005058288574
