Epoch	AverageEpRet	StdEpRet	MaxEpRet	MinEpRet	AverageEpCost	StdEpCost	MaxEpCost	MinEpCost	EpLen	CumulativeCost	CostRate	AverageVVals	StdVVals	MaxVVals	MinVVals	AverageCostVVals	StdCostVVals	MaxCostVVals	MinCostVVals	LossPi	DeltaLossPi	SurrCost	DeltaSurrCost	LossV	DeltaLossV	LossVC	DeltaLossVC	Penalty	DeltaPenalty	StopIter	Entropy	KL	TotalEnvInteracts	Time
0	32.176228	20.133028	114.7264	10.01944	0.83618003	2.361297	24.101715	0.032056797	16.1417	206.69075	0.051672686	-0.00626548	0.11213095	0.41204974	-0.49527302	0.0024093743	0.1502656	0.49255067	-0.47994986	-1.7881394e-08	-0.015813537	-2.8789044e-08	0.014106316	728.2163	-44.588013	8.708287	-1.5118818	0	0	5.0	0.9189385	0.016469538	4000	4.447371006011963
1	38.254314	22.087202	120.084274	12.028476	5.649673	21.183512	111.1988	0.02819999	19.402912	1370.6528	0.1713316	0.977439	0.57549214	3.2959285	-1.6633087	0.6119877	0.7248441	3.7028506	-2.6127057	-9.214878e-08	-0.012160438	2.6226044e-07	0.15657575	820.99915	-163.77765	657.684	-54.93988	0	0	8.0	0.91719663	0.015499691	8000	7.006159067153931
2	50.095016	32.170334	175.87833	10.0201645	6.8893228	20.768438	101.7129	0.020719906	25.538462	2445.4385	0.20378654	4.863946	0.276603	5.587568	2.933312	4.3311205	0.2950475	5.583994	2.8345516	2.9325486e-08	-0.01721484	6.389618e-08	0.19544142	1213.3145	-302.8051	457.43893	-30.230743	0	0	9.0	0.9146632	0.015737059	12000	11.138350009918213
3	68.41685	36.974667	220.69823	18.056467	18.067436	33.417427	107.52289	0.019206867	35.256638	4487.228	0.28045174	11.376265	1.0788857	13.836966	6.1068525	8.285422	1.3068985	12.095116	1.945523	3.671646e-08	-0.019015154	-1.7547607e-07	0.25914907	1357.5052	-243.38257	930.4716	-110.60028	0	0	79.0	0.9118008	0.008156202	16000	15.583483695983887
4	85.582596	44.703823	266.96536	14.044023	37.223606	40.859837	132.29198	0.030514607	45.689655	7725.7397	0.38628697	16.534473	0.35634866	17.061188	14.646886	15.14123	0.45763388	16.516993	12.453921	-1.7404556e-08	-0.015706552	-4.0721892e-07	0.2361136	1562.601	-181.0741	1145.6882	-149.24933	0	0	79.0	0.9061147	0.0066031455	20000	20.041718006134033
5	123.555305	54.816666	280.9097	38.043026	48.96882	40.483433	125.27523	0.08694429	66.083336	10667.908	0.44449618	20.260624	0.15296923	20.458519	19.257685	20.976696	0.23153344	21.58333	19.114952	1.592636e-07	-0.011919547	-1.2874604e-07	0.110981256	2414.4985	-218.63892	883.6201	-54.063965	0	0	79.0	0.90008974	0.005606459	24000	24.598563194274902
6	150.30501	84.42669	441.83817	24.08295	55.698864	36.662106	143.25807	0.10268636	81.10204	13399.265	0.47854516	23.519577	0.2931004	23.96474	22.13484	23.829735	0.1541467	24.190031	22.878174	-2.771616e-08	-0.008078991	1.0967255e-08	0.054730456	3593.1611	-245.94434	685.354	-32.83722	0	0	79.0	0.90820885	0.00393304	28000	29.129558324813843
7	192.6687	82.10673	432.80246	68.23645	59.972805	26.455463	133.35185	1.2934492	105.0	15678.363	0.48994884	26.516552	0.6228247	27.004637	21.166225	25.863926	0.087770276	26.092533	25.402998	9.0241436e-08	-0.005486428	2.3221969e-07	-0.0025731167	4106.134	-252.19922	360.21213	-11.7656555	0	0	79.0	0.9015951	0.0034713335	32000	33.62183117866516
8	217.98973	76.70616	408.712	117.17889	62.811264	28.39794	134.04259	3.0756826	119.57576	17752.879	0.4931355	28.684359	1.9034804	29.637749	4.0946665	27.089277	0.10840072	27.320831	26.391523	1.7285346e-08	-0.0032547899	-3.0183793e-07	0.011994021	4222.236	-240.87476	359.02005	-6.9958496	0	0	79.0	0.92308056	0.0016151933	36000	36.470898389816284
9	241.03662	113.004486	586.79895	90.81864	61.99528	20.786753	135.16692	28.514969	132.13333	19614.424	0.4903606	31.224785	2.6423948	32.02884	3.415951	28.043474	0.057184238	28.17669	27.790266	3.671646e-08	-0.0029095043	7.05719e-08	0.0009501324	5165.203	-252.32031	255.79832	-0.39016724	0	0	79.0	0.91018045	0.0028830075	40000	40.965394020080566
10	257.58804	139.66885	683.70416	80.10504	62.46378	36.947746	157.85992	0.93705577	142.5	21363.541	0.48553503	33.389774	3.089826	34.386414	-9.197823	28.208376	0.0930026	28.408085	27.373695	9.870529e-08	-0.006195901	-1.7356872e-07	0.042493407	5704.262	-256.56934	422.33743	-0.791626	0	0	79.0	0.91681385	0.0037680287	44000	45.5571026802063
11	288.61902	104.25537	523.09076	148.83394	63.55309	25.840818	112.827286	24.847248	158.79167	22899.984	0.477083	36.45182	0.7366149	36.641525	21.076015	27.945381	0.23060411	28.289112	26.160704	-1.3232231e-08	-0.0038654294	4.148483e-08	0.00053750514	5658.0493	-242.7456	243.21324	-2.542801	0	0	79.0	0.9279777	0.0034824729	48000	50.06354093551636
12	456.7303	185.50316	859.2772	213.19397	47.39953	18.868954	94.33954	8.633328	247.8125	23669.375	0.4551803	38.340546	1.4898717	38.80917	17.641562	27.247976	0.45212597	27.756441	23.141788	-4.1365624e-08	-0.003080191	3.6478042e-07	0.014646715	8949.488	-409.39453	249.53209	-71.0213	0	0	79.0	0.940856	0.002217959	52000	54.46409058570862
13	375.8124	195.76833	891.44977	137.78766	64.86553	25.786043	122.2123	24.236868	207.1579	24924.354	0.44507775	41.24831	0.6872677	41.439976	33.968723	23.352505	2.951877	25.22788	-10.470218	-5.698204e-08	-0.0065190443	-5.1498414e-08	-0.027028807	7412.2686	-285.4746	282.23807	-10.361145	0	0	79.0	0.93736446	0.0059472118	56000	58.90839242935181
14	1244.3768	720.27936	1927.549	224.52165	37.49574	15.850727	62.57814	9.936299	661.8333	25149.445	0.41915742	43.501495	0.3102643	43.606686	39.97525	23.011654	1.676414	24.477114	2.7506335	-1.9669532e-07	-0.00351591	-4.7683716e-07	-0.001981061	16297.492	-758.124	327.54205	-174.66576	0	0	79.0	0.9738222	0.0037711791	60000	63.365275621414185
15	1914.1548	33.400387	1961.7571	1867.5353	40.541374	19.351963	65.17448	16.197145	1000.0	25311.61	0.3954939	46.69898	0.070307724	46.75914	46.1019	14.725834	6.758105	21.604921	-16.683943	1.6593933e-07	-0.0034803506	1.0681153e-07	0.00359276	17866.35	-782.8379	171.46663	-125.59022	0	0	79.0	0.9711487	0.0030714313	64000	66.05695223808289
16	1778.1112	273.12747	1956.1748	1305.5951	35.568195	11.944384	55.638744	26.251675	930.75	25461.885	0.37443948	49.741486	0.031095237	49.768284	49.409374	7.888112	2.5121732	13.942904	-1.3346671	3.427267e-07	-0.0026256612	-3.242493e-08	-0.011259172	16303.72	-621.5879	39.37318	-26.424688	0	0	7.0	0.96985376	0.01345383	68000	70.12276601791382
17	1922.9458	37.112934	1956.4283	1863.8425	29.20513	15.77419	56.216545	18.13768	1000.0	25578.705	0.3552598	52.316036	0.008695443	52.327602	52.270744	4.8644686	0.6162318	6.6398373	3.1124725	4.9757955e-07	-0.0036883624	-2.6226044e-08	-0.003744602	16609.43	-598.2363	9.77683	-4.089951	0	0	79.0	0.969786	0.005922697	72000	74.51207375526428
18	1940.0527	58.199234	1979.3391	1839.7351	14.012409	4.8640985	20.032408	8.691617	981.75	25637.057	0.3373297	54.718075	0.0056919414	54.726803	54.656178	3.1370914	0.4367802	4.437527	1.2273962	4.901886e-07	-0.0057752705	-4.4107438e-08	-0.0022802772	16887.842	-560.9834	5.4349813	-3.452352	0	0	79.0	1.0029359	0.0056445836	76000	78.9016273021698
19	1965.1495	8.552867	1975.9933	1952.6825	12.565003	4.283452	18.6756	7.603874	1000.0	25687.316	0.32109144	56.97267	0.0046401103	56.98067	56.946312	1.5671699	0.32074365	2.7009895	0.6125354	6.959438e-07	-0.0036953348	9.536743e-09	-3.0714393e-05	16564.828	-534.27246	1.3308322	-0.20143723	0	0	79.0	1.000717	0.005159279	80000	83.29281067848206
20	1980.5028	5.5932565	1985.6516	1971.79	9.287578	1.5370871	10.449058	6.6453915	1000.0	25724.467	0.30624366	59.119194	0.0034394835	59.125942	59.09812	1.262697	0.30753553	2.1736095	0.29612085	-1.7118454e-07	-0.0029274453	1.7434358e-09	-0.00019186128	16421.82	-509.67676	0.796051	-0.22859848	0	0	79.0	1.0254049	0.0049755573	84000	87.7158694267273
21	1760.8027	395.49387	1990.1669	1075.7905	7.5605035	0.9010356	8.789508	6.319746	885.5	25763.11	0.2927626	61.173588	0.0028207307	61.179424	61.16037	0.89533836	0.2662813	1.6796551	0.013504133	-1.628399e-07	-0.0063694487	1.4305115e-09	0.00052384665	15274.498	-451.54492	0.5023418	-0.038849622	0	0	79.0	1.0229349	0.007547122	88000	92.10788059234619
22	1991.3447	1.3982303	1993.0034	1989.548	7.0684514	2.4321952	11.205392	5.131029	1000.0	25791.383	0.28034112	63.08373	0.0020206266	63.088345	63.074497	0.8435335	0.1517946	1.4171745	0.31093708	-1.6784668e-07	-0.001799624	-4.2915342e-09	0.0025925075	15756.17	-462.8418	0.64679176	-0.097295105	0	0	9.0	1.0280454	0.01299859	92000	96.17378830909729
23	1972.6034	9.322291	1985.7201	1959.3634	12.094985	2.1976423	15.094028	8.94442	1000.0	25839.762	0.26916417	64.98791	0.0016511464	64.99111	64.97895	0.6579691	0.14494929	1.1542444	0.16644418	-5.9962275e-07	-0.0034138644	4.0233137e-09	-0.00105275	14862.494	-430.87207	0.72290444	-0.09527677	0	0	79.0	1.0285027	0.006440317	96000	98.91971755027771
24	1829.3768	268.8438	1990.548	1363.7687	12.154047	4.837231	17.840654	6.453445	922.5	25890.922	0.25890923	66.81082	0.0016045021	66.81415	66.801155	0.9176075	0.16398701	1.5283701	0.47646713	-6.5803526e-08	-0.003223094	8.240342e-09	8.7138214e-05	13970.79	-389.3838	1.4883248	-0.008046389	0	0	79.0	1.052347	0.0035726784	100000	103.25056028366089
25	1986.6443	4.1623025	1993.8457	1984.0366	9.35499	2.7254727	13.661882	6.5201674	1000.0	25928.342	0.24931099	68.53398	0.0017519847	68.53762	68.52281	0.89280224	0.18045497	1.4914352	0.1774709	3.8528444e-07	-0.0035547067	3.248453e-09	-0.0016654911	14400.454	-405.167	0.74747485	-0.027088404	0	0	79.0	1.0626544	0.004927717	104000	107.62836122512817
26	1985.6213	5.068782	1992.5554	1979.0844	6.1471405	1.5524217	8.531911	4.338112	1000.0	25952.93	0.2403049	70.27563	0.0012529152	70.27855	70.26981	0.7718145	0.14321391	1.2785009	0.2501886	2.4676322e-07	-0.0012552597	3.8146974e-09	-0.00022383129	13993.938	-391.46387	0.18758109	-0.03838636	0	0	79.0	1.0505389	0.0020627088	108000	111.9982533454895
27	1986.681	3.035163	1990.0182	1981.8402	6.585046	2.0074947	9.42097	4.545252	1000.0	25979.27	0.23195776	71.982796	0.0011644763	71.98526	71.9767	0.5884879	0.12623717	1.0531855	0.18228388	-9.4890595e-08	-0.0038081165	1.758337e-09	-0.0004033267	13653.654	-378.95996	0.30262908	-0.0026490986	0	0	79.0	1.0579736	0.0045064334	112000	116.3471884727478
28	1990.8777	2.3871439	1994.9791	1989.0554	5.575375	1.200792	6.8003654	3.7873344	1000.0	26001.57	0.22415146	73.6559	0.0010272289	73.65799	73.65072	0.5559236	0.11372957	0.9567304	0.13615179	1.4352798e-07	-0.0033019981	-1.4007091e-09	0.00011353332	13382.778	-369.41602	0.20195462	-0.0077711195	0	0	79.0	1.0367519	0.0048155077	116000	120.72203803062439
29	1993.6775	1.3446233	1995.471	1992.306	5.176961	1.9698919	8.426379	3.5600631	1000.0	26022.28	0.21685232	75.30278	0.0008804525	75.30474	75.29828	0.47388166	0.10961475	0.9169368	0.10007804	3.7431718e-07	-0.004325152	-2.384186e-10	-0.00040471475	13096.925	-360.04297	0.17881565	-0.007768467	0	0	79.0	1.0267291	0.0033377232	120000	125.04487681388855
30	1995.1914	0.5264777	1995.6582	1994.3007	4.9850893	0.7130229	5.4758244	3.7560425	1000.0	26042.219	0.21001789	76.9251	0.0009060478	76.92704	76.9201	0.37485778	0.12083388	0.94577277	0.010520689	2.1457672e-07	-0.002947463	1.0803342e-09	-7.740088e-05	12790.356	-350.65527	0.15512182	-0.002705872	0	0	79.0	0.9989288	0.007320073	124000	127.90307450294495
31	1998.9608	0.57567483	1999.6808	1998.0708	3.9862127	0.9236973	5.2569036	2.6963322	1000.0	26058.164	0.20357941	78.52397	0.0009405719	78.526245	78.51968	0.3922229	0.11232828	0.9495441	0.062802255	4.749298e-07	-0.0025977052	-1.1622906e-09	-0.0019720776	12538.938	-343.15918	0.0820035	-0.0067296326	0	0	5.0	1.0040051	0.015661892	128000	132.0097358226776
32	1305.28	851.42224	1998.6981	163.15126	4.9955754	0.9539989	6.670016	3.8171656	653.2	26087.697	0.19763407	80.104126	0.0010438901	80.10614	80.09724	0.30645743	0.09791714	0.7774337	-0.042215668	-1.5735626e-08	-0.005620044	-9.536743e-09	-0.0040245634	11419.334	-295.39258	0.44044635	-0.03594184	0	0	20.0	1.0034448	0.012438425	132000	136.10707712173462
33	1998.9132	0.65842694	1999.6982	1997.8726	2.2414393	0.2653068	2.6190877	1.8792212	1000.0	26096.662	0.19188721	81.57822	0.00075451774	81.57993	81.574524	0.48566666	0.05709343	0.87338287	0.31243002	4.866123e-07	-0.002066883	5.364418e-10	0.00046026768	11914.059	-325.47266	0.09319244	-0.067962155	0	0	79.0	1.0062407	0.0037460034	136000	140.45715308189392
34	1929.2454	74.63203	2000.0118	1822.8177	3.7758858	2.1384037	7.476164	2.3918283	964.75	26112.451	0.1865175	83.11602	0.0008358478	83.117805	83.11112	0.22561866	0.05811511	0.59277445	0.050458442	2.3800135e-07	-0.0028351953	2.4586917e-09	0.00035841882	10956.1	-285.69922	0.12807776	-0.004520051	0	0	4.0	1.0210321	0.016103363	140000	144.51886701583862
35	1934.6929	109.200966	1998.2893	1745.5521	5.932266	2.5709255	9.910423	2.790653	968.5	26136.836	0.1815058	84.56981	0.0008395743	84.57159	84.564064	0.27708617	0.0558945	0.59856313	0.12532166	2.6750564e-07	-0.004311387	-6.295741e-09	-0.0005287633	10815.988	-288.49902	0.36329392	-0.04918796	0	0	79.0	1.020766	0.0054231137	144000	148.9258713722229
36	1996.3838	1.1076508	1997.9803	1995.0146	4.6231294	1.5211899	5.849912	2.068224	1000.0	26155.328	0.1767252	86.02824	0.00060868455	86.029686	86.02529	0.49372393	0.05102875	0.8489943	0.35456705	1.6880036e-07	-0.0024672209	-1.4007091e-09	0.00027020017	10986.804	-305.03125	0.15570565	-0.017757177	0	0	79.0	1.0406091	0.002896986	148000	153.29952359199524
37	1995.1815	0.41883305	1995.8032	1994.6284	4.942971	1.3430552	6.60215	3.0305452	1000.0	26175.1	0.1722046	87.529175	0.000596098	87.530624	87.52536	0.35064554	0.051117767	0.63803077	0.20696592	-5.0115585e-07	-0.0018969834	1.4305115e-09	-9.103314e-05	10670.337	-298.63086	0.1730716	-0.003930658	0	0	79.0	1.0102129	0.0055099744	152000	157.729660987854
38	1997.2137	0.6568925	1997.8865	1996.2457	4.220069	0.6773614	5.241301	3.4571586	1000.0	26191.98	0.16789731	89.02036	0.0006487739	89.021774	89.01603	0.42222735	0.057450783	0.6938966	0.23212805	2.9563903e-08	-0.001391176	-2.2798776e-09	0.00017987624	10428.892	-292.88574	0.08948794	-0.00227537	0	0	79.0	0.9859297	0.0029156718	156000	160.4651837348938
39	1324.2136	727.2618	2000.134	214.24855	4.5368934	1.4138391	6.8193727	2.7258563	662.3333	26219.219	0.16387011	90.499756	0.00068438123	90.50114	90.49624	0.3846075	0.053204026	0.6732836	0.22437659	-5.1498414e-08	-0.007574269	2.4065376e-09	-0.0001806893	9160.768	-232.06934	0.24244466	-0.015668333	0	0	16.0	0.96180737	0.013366625	160000	164.61945629119873
40	1996.9548	0.42105114	1997.3186	1996.2499	2.447898	0.45890474	3.148346	2.0002604	1000.0	26229.01	0.15993299	91.83134	0.00043195437	91.83245	91.82934	0.50715506	0.046808276	0.7837974	0.37768173	5.1784514e-07	-0.0016282515	9.045005e-09	-9.808871e-05	9900.442	-279.37207	0.09645285	-0.07638532	0	0	79.0	0.9632627	0.0045968513	164000	169.1283724308014
41	1996.375	1.085515	1997.6007	1994.6224	4.062427	0.92263716	5.1029205	3.1016498	1000.0	26245.26	0.15622178	93.2797	0.00042860705	93.28073	93.27755	0.22568102	0.046348684	0.5393489	0.069111675	6.2203407e-07	-0.0014205923	2.0563602e-09	0.00032611808	9631.196	-276.542	0.14139533	-0.008448049	0	0	79.0	0.9648377	0.0030548414	168000	173.43428087234497
42	1991.8395	1.5718166	1993.5697	1989.5052	8.280053	1.631673	10.0428	6.0454865	1000.0	26278.379	0.15278128	94.73335	0.00050998025	94.73452	94.73121	0.2972316	0.05543004	0.5894559	0.10502821	1.5735626e-08	-0.0017592041	1.1578202e-08	-0.0011372219	9287.12	-268.36816	0.53609926	-0.1259501	0	0	79.0	0.97427726	0.003625961	172000	177.7991693019867
43	1995.881	1.5187092	1997.6779	1993.977	6.147608	1.1829101	7.246403	4.1786923	1000.0	26302.97	0.1494487	96.170235	0.00040989122	96.171196	96.16693	0.6529103	0.06152448	0.87747777	0.42791256	-1.0955333e-06	-0.001719629	-3.516674e-09	-0.0017938489	9103.676	-264.57422	0.42874682	-0.021942377	0	0	79.0	0.9498966	0.005089862	176000	182.17712926864624
44	1998.0415	0.44633424	1998.3895	1997.28	5.017055	1.7568719	7.1304145	3.134961	1000.0	26323.04	0.1462391	97.60098	0.0003713521	97.60186	97.599365	0.5118417	0.07054255	0.81351984	0.2865427	-6.3872335e-07	-0.0020051177	-9.387732e-10	-8.6261345e-05	8892.175	-260.12793	0.2139681	-0.018755317	0	0	79.0	0.9605024	0.0023861905	180000	186.52935576438904
45	1998.3901	0.080944724	1998.4779	1998.3057	4.238461	1.2501023	6.380498	3.230206	1000.0	26339.992	0.14315213	99.02451	0.0003707107	99.02531	99.02241	0.38091886	0.047908742	0.64520085	0.2326565	-2.002716e-08	-0.0027912476	-2.026558e-09	-0.00015901588	8650.958	-254.97461	0.08969018	-0.0030869097	0	0	79.0	0.9482143	0.0054967385	184000	189.23305010795593
46	1633.5671	634.7118	2000.2684	534.2141	4.637892	0.75657165	5.6856756	3.5686817	816.75	26359.72	0.14021128	100.43911	0.00039957758	100.439964	100.43737	0.3399185	0.035071097	0.65713626	0.24529186	-1.1968612e-07	-0.0045633265	-1.5348196e-09	-0.00031589123	8011.3604	-227.23145	0.14595169	-0.0030199587	0	0	16.0	0.9545662	0.013139515	188000	193.35347867012024
47	1998.2191	0.17578161	1998.3657	1997.9296	2.6785114	0.61762065	3.2628322	1.6401446	1000.0	26370.434	0.13734601	101.784775	0.0002409047	101.785446	101.78329	0.39245087	0.028943341	0.63047117	0.34060866	-1.0347366e-07	-0.0017202148	8.791685e-10	-0.00054451445	8180.315	-244.24072	0.067222856	-0.024208996	0	0	6.0	0.9578372	0.011880643	192000	197.40821838378906
48	1997.2336	0.7338648	1998.0227	1996.17	3.2017047	0.24118297	3.4452765	2.900981	1000.0	26383.242	0.13460837	103.17842	0.00023621824	103.17896	103.17715	0.23648164	0.029668955	0.50988495	0.19509721	-2.4485587e-07	-0.0029519058	1.5497208e-09	0.00045075765	7934.0	-240.15381	0.06322642	-0.00078361854	0	0	79.0	0.95898485	0.0069721253	196000	201.77251362800598
49	1393.2388	737.00854	1997.2607	461.1373	5.276867	1.3417569	7.46696	3.8834891	698.4	26412.621	0.1320631	104.570045	0.00026654647	104.57058	104.5683	0.25545457	0.032220244	0.59753513	0.16271478	-8.797645e-08	-0.005726156	-5.8561564e-09	-0.00059053267	6929.334	-190.47412	0.42138094	-0.10319772	0	0	79.0	0.92641866	0.004359514	200000	206.1216893196106
50	1995.1737	1.3590971	1997.2134	1993.5457	3.6573915	0.7273175	4.482369	2.9016576	1000.0	26427.25	0.12954535	105.82511	0.00020790653	105.825676	105.824135	0.56969726	0.045299143	0.82701546	0.43448645	-1.04427336e-07	-0.0021731968	-2.7120113e-09	0.0005575428	7467.346	-228.70801	0.10852999	-0.048163876	0	0	79.0	0.9413328	0.0051430417	204000	210.63623142242432
51	1992.521	1.0258938	1994.1696	1991.3691	5.1473994	0.8712487	6.402302	4.054455	1000.0	26447.84	0.12715307	107.191154	0.00018343811	107.19164	107.19029	0.35320953	0.04919548	0.64636177	0.18736748	-3.3950806e-07	-0.0037479447	-1.1473894e-09	-0.00085271586	7207.556	-225.51611	0.12276763	-0.0024366975	0	0	79.0	0.93492854	0.007865177	208000	215.05523538589478
52	1816.4469	310.04858	1996.2567	1279.4277	6.191927	1.2263005	7.9185953	4.5153136	910.5	26475.986	0.12488673	108.56223	0.00026430128	108.56275	108.56103	0.39765587	0.08715258	0.793137	0.09694191	1.7642975e-08	-0.004302923	-1.0877848e-09	-0.00025754992	6641.322	-198.0791	0.16933386	-0.02757676	0	0	79.0	0.9140592	0.005104872	212000	219.44490718841553
53	1579.6936	718.86786	1996.1101	334.57892	4.7557607	1.1696099	6.320927	3.1772242	792.0	26499.176	0.12268137	109.85867	0.00019749785	109.85916	109.85791	0.56159437	0.048643384	0.8884055	0.3477254	-4.053116e-08	-0.008566642	1.4975667e-09	-0.0007011549	6586.768	-197.3086	0.2387163	-0.020839691	0	0	20.0	0.9077578	0.01294158	216000	221.96599626541138
54	1995.6743	0.8016523	1996.7686	1994.6556	3.0281363	1.4273638	5.207002	1.4416592	1000.0	26511.29	0.12050586	111.15569	0.00015752796	111.156075	111.15482	0.4218463	0.048014138	0.6495943	0.25534824	3.8146974e-09	-0.0009810386	7.301569e-10	-0.00044147964	6652.056	-214.08691	0.11713861	-0.026886731	0	0	6.0	0.9087054	0.013854317	220000	226.06067276000977
55	1996.9932	0.7707412	1998.0177	1995.869	2.5295422	0.36214474	2.9995337	2.0733666	1000.0	26521.406	0.118399136	112.51113	0.00015279208	112.51152	112.510506	0.26071772	0.05225814	0.51608074	0.10068717	-4.15802e-07	-0.00228353	1.7881394e-10	-0.00053605734	6469.8516	-211.43213	0.04275744	-0.0041113384	0	0	79.0	0.90931046	0.0046916194	224000	230.49142789840698
56	1998.4435	0.63882655	1998.8722	1997.3433	1.4718035	0.5438222	2.3358552	1.00487	1000.0	26527.293	0.116347775	113.868546	0.00015386453	113.868965	113.8678	0.19384833	0.04464973	0.4628242	0.080669455	1.8930436e-07	-0.00469756	-4.3958426e-10	-0.0001988878	6292.319	-207.604	0.021042269	-0.0061159255	0	0	79.0	0.91661626	0.0072228983	228000	234.89558506011963
57	1997.5205	0.6269691	1998.5352	1996.8184	1.498397	0.21172398	1.7290255	1.1604923	1000.0	26533.287	0.11436762	115.220436	0.0001828632	115.22089	115.21972	0.11763973	0.03847308	0.35059348	0.018117331	1.9145011e-07	-0.0025689956	1.0281801e-09	-0.00011883898	6082.961	-202.78662	0.011349058	-0.0006748941	0	0	79.0	0.9528837	0.003730233	232000	239.2887818813324
58	1999.5171	0.40282437	2000.1987	1999.1714	0.98948824	0.2491982	1.287287	0.60615677	1000.0	26537.244	0.11244595	116.56386	0.00013254714	116.56425	116.56325	0.12887983	0.030826543	0.35249698	0.06081499	-3.902912e-07	-0.0038117312	-3.874302e-10	-2.3733326e-05	5918.349	-199.38672	0.009630967	-0.0021494185	0	0	79.0	0.938856	0.004009308	236000	243.68915820121765
59	1998.7013	0.104429014	1998.819	1998.5806	1.3599381	0.35270342	1.8286053	0.88220733	1000.0	26542.686	0.110594526	117.90273	0.00012124642	117.90305	117.90206	0.08488303	0.030165426	0.33650988	0.029785391	4.913807e-07	-0.0017120765	-5.960465e-11	-5.203064e-05	5719.21	-194.81006	0.014845005	-0.00021861959	0	0	79.0	0.947916	0.004323456	240000	248.07281184196472
60	1997.7731	0.78422505	1998.4556	1996.5103	1.4651883	0.15232046	1.7250968	1.3431135	1000.0	26548.545	0.108805515	119.23374	0.00012092747	119.23408	119.2332	0.09318628	0.027577283	0.32403225	0.04285448	-4.4608117e-07	-0.0019676338	-1.3709068e-09	-0.00020383218	5520.511	-190.17139	0.011780522	-0.00040380843	0	0	79.0	0.9405387	0.004228822	244000	250.88912510871887
61	1998.0581	0.617735	1998.8623	1997.2563	1.1883612	0.1869213	1.4769621	1.0138146	1000.0	26553.299	0.10706975	120.55619	0.00012719313	120.55655	120.55554	0.10734681	0.027130213	0.32851586	0.05806573	6.110668e-07	-0.0028977282	-2.682209e-10	-6.901983e-06	5344.6445	-186.18848	0.0065044714	-9.307824e-05	0	0	79.0	0.9459778	0.0048505575	248000	255.3082981109619
62	1996.1199	1.0871514	1997.3662	1994.3761	1.5361519	0.39437735	2.0909836	0.98120034	1000.0	26559.443	0.10539462	121.8722	0.00014882014	121.87258	121.871574	0.09342946	0.027775582	0.34844774	0.036168456	3.2162666e-07	-0.0018074628	-7.4505804e-11	-5.2641855e-05	5140.4976	-181.2627	0.014407514	-0.0019808402	0	0	79.0	0.9606882	0.005475997	252000	259.72319650650024
63	1997.9087	0.8442376	1998.6841	1996.5345	1.1399443	0.2639914	1.5224813	0.83351123	1000.0	26564.004	0.10376564	123.17879	0.00011890577	123.179054	123.178185	0.13574493	0.02646301	0.3664516	0.09831249	-1.2493133e-07	-0.002088268	-3.3527614e-10	-8.187238e-05	4994.4883	-178.12451	0.0066996296	-0.001510168	0	0	79.0	0.9761871	0.005072277	256000	264.14629888534546
64	1997.9464	0.6548949	1998.7147	1996.9429	1.7604096	0.6897316	2.9090037	1.0679411	1000.0	26571.045	0.10219633	124.48159	0.00010743938	124.48189	124.48111	0.099707	0.0260569	0.2647154	0.06658444	-6.03199e-08	-0.0017504158	-1.758337e-09	9.016542e-05	4827.486	-174.34375	0.025492905	-0.001210982	0	0	79.0	0.9720284	0.003192947	260000	268.52038860321045
65	1996.8286	0.33900413	1997.3524	1996.4169	1.8013079	0.2010603	2.1470563	1.6507671	1000.0	26578.25	0.10067519	125.77869	0.00010900634	125.77895	125.77819	0.13104734	0.02443526	0.2714657	0.09168617	2.1600724e-07	-0.0011463118	-1.1771918e-09	0.00033844708	4647.9053	-169.96484	0.01267534	-0.00013498683	0	0	4.0	0.97379375	0.01577497	264000	272.6231219768524
66	1994.3212	1.0947202	1996.0929	1993.3372	2.8572378	0.8005664	4.036675	1.8547832	1000.0	26589.68	0.099215224	127.06767	0.00012740785	127.06806	127.067085	0.1290722	0.024074912	0.34064597	0.08163073	2.3007392e-07	-0.001108639	-6.2584876e-10	-0.00023143027	4454.368	-165.10596	0.070617504	-0.010871194	0	0	5.0	0.97339976	0.013751528	268000	276.74035930633545
67	1996.2506	1.5541909	1997.8702	1993.6887	2.1533997	1.2446793	4.2838907	1.2494057	1000.0	26598.293	0.09778784	128.34663	0.00010546158	128.34692	128.34624	0.23238145	0.027432466	0.36627936	0.16231641	6.451607e-07	-0.0014965946	-1.1771918e-09	-0.00036739584	4323.6763	-162.21387	0.049483176	-0.0038366765	0	0	79.0	0.9728622	0.002663	272000	281.1125338077545
68	1997.9741	0.40240675	1998.348	1997.2965	1.7820752	0.2928532	2.0766222	1.3869038	1000.0	26605.422	0.09639645	129.62247	9.701939e-05	129.62271	129.62209	0.17437755	0.03182451	0.36593968	0.094317645	-5.1355363e-07	-0.0019823902	4.1723253e-10	0.00013118694	4191.6514	-159.38525	0.022254756	-0.0017015766	0	0	79.0	0.952962	0.0032874027	276000	283.8933119773865
69	1996.2137	0.8057381	1997.0853	1995.3201	2.6870165	0.5480368	3.4201336	1.8813014	1000.0	26616.17	0.09505775	130.89563	9.612341e-05	130.8959	130.89526	0.13587509	0.033695295	0.28648078	0.040311385	8.1968307e-07	-0.0021822501	-2.2947788e-09	0.00042579178	4020.8525	-155.02637	0.066848174	-0.0050251223	0	0	79.0	0.9373294	0.0054101953	280000	288.3620262145996
