Epoch	AverageEpRet	StdEpRet	MaxEpRet	MinEpRet	AverageEpCost	StdEpCost	MaxEpCost	MinEpCost	EpLen	CumulativeCost	CostRate	AverageVVals	StdVVals	MaxVVals	MinVVals	AverageCostVVals	StdCostVVals	MaxCostVVals	MinCostVVals	LossPi	DeltaLossPi	SurrCost	DeltaSurrCost	LossV	DeltaLossV	LossVC	DeltaLossVC	Penalty	DeltaPenalty	StopIter	Entropy	KL	TotalEnvInteracts	Time
0	15.631372	8.808496	56.0	5.0	9.314143	15.504886	161.53053	2.8486495	15.631372	2378.9744	0.5947436	-0.0022618703	0.11165094	0.3610803	-0.4641156	0.005445161	0.1496044	0.49746767	-0.53030777	-1.704693e-08	-0.015873073	-5.44548e-07	0.083099015	152.98029	-20.78151	382.44638	-16.346558	0	0	5.0	0.9189385	0.016120581	4000	2.708714246749878
1	19.492683	12.525727	73.0	5.0	12.76205	21.19236	147.30235	2.5121665	19.492683	4997.9727	0.62474656	1.0799545	0.31119487	2.2548544	-0.43608746	0.8205026	0.80698985	4.239055	-3.091851	-9.202957e-08	-0.016570535	5.083084e-07	0.18177907	232.5558	-78.27736	624.8341	-71.51361	0	0	7.0	0.91719383	0.016985474	8000	4.924933910369873
2	26.878378	16.288324	86.0	5.0	19.377644	29.102201	161.19476	2.9286957	26.878378	7869.589	0.6557991	5.0745707	0.54057115	6.9298615	1.974084	3.9933076	0.17303902	4.3962555	3.036384	5.2452087e-09	-0.01468015	-7.2479246e-08	0.16943125	263.48163	-97.48564	923.3705	-150.919	0	0	9.0	0.9150398	0.014827146	12000	7.7985594272613525
3	38.259617	23.575165	128.0	7.0	39.86805	45.710575	163.1072	2.4882483	38.259617	12020.468	0.75127923	10.744126	0.47942412	11.972232	8.378613	10.544246	0.6150363	12.353031	7.5151114	6.172061e-08	-0.018704053	8.583069e-08	0.24228124	355.32254	-90.23416	1682.1512	-287.93713	0	0	79.0	0.9124017	0.0068901093	16000	10.465619564056396
4	49.6875	24.791428	111.0	9.0	56.70331	47.204056	154.14703	2.534287	49.6875	16560.084	0.8280042	15.459877	1.1714541	17.406979	9.076113	17.54184	0.6218746	18.69207	13.6125555	3.051758e-08	-0.016660389	-9.460449e-07	0.2879866	334.2652	-57.20941	1534.3789	-172.30444	0	0	79.0	0.9001847	0.0066327956	20000	12.984059572219849
5	67.22034	28.848562	140.0	17.0	83.73565	48.88774	269.86633	3.1698198	67.22034	21512.266	0.8963444	18.97028	0.938704	20.3223	13.822279	21.711475	0.19129029	22.129452	20.850739	1.4901161e-08	-0.012805513	2.9945375e-07	0.16569398	447.5378	-79.57309	1792.3877	-159.50269	0	0	79.0	0.89430404	0.0063612256	24000	15.731946468353271
6	76.90385	29.145695	194.0	19.0	105.631966	41.649162	187.19115	4.2660036	76.90385	27005.555	0.9644841	20.468441	4.1391907	23.493372	-0.79689586	24.890125	0.22381184	25.257833	23.333775	0.0	-0.0066282656	1.4591217e-07	0.07699453	437.10614	-68.20264	2011.2588	-197.02954	0	0	79.0	0.89479554	0.004425956	28000	18.367347717285156
7	99.05	43.073746	206.0	11.0	107.86869	41.131054	213.49922	5.9907484	99.05	31349.219	0.9796631	24.51017	3.4266624	25.951508	-8.078623	27.840343	0.1145145	28.080732	27.228907	5.1259995e-08	-0.0049048266	-9.1838837e-07	0.024489347	685.19116	-82.601746	1341.7969	-89.9801	0	0	79.0	0.8897154	0.0035830492	32000	20.83103656768799
8	116.20588	39.571068	210.0	66.0	108.907295	33.10122	176.7628	40.3509	116.20588	35091.38	0.97476053	27.347784	3.2566965	28.545494	-11.906381	29.82306	0.057470802	29.926947	29.561865	3.1232833e-08	-0.0068827765	1.1539459e-07	0.04888743	702.56726	-74.64899	909.2048	-58.18152	0	0	79.0	0.89900887	0.0042371596	36000	23.289959192276
9	135.6207	56.82242	310.0	61.0	113.41139	28.714466	199.66495	54.101486	135.6207	38398.676	0.9599669	30.132204	2.5677474	30.912277	4.0534835	31.377472	0.054393943	31.459969	31.120434	-8.46386e-09	-0.002798952	-7.05719e-08	-0.031597994	885.3064	-87.614624	698.70264	-34.76367	0	0	79.0	0.9019735	0.002860917	40000	25.746672868728638
10	131.13333	48.429146	240.0	31.0	114.314316	36.51889	180.47893	35.37144	131.13333	41924.656	0.9528331	32.5938	3.010499	33.355446	-3.0614007	32.5965	0.05908547	32.67934	32.310467	-2.6941299e-08	-0.0056865206	-1.9168854e-07	0.044490226	733.45	-54.596375	740.2411	-41.13623	0	0	79.0	0.9102241	0.0042580985	44000	28.284507751464844
11	152.24	60.762672	306.0	62.0	116.85556	25.92367	160.37906	55.47016	152.24	44951.617	0.936492	35.09158	0.95045036	35.23614	14.673581	33.92017	0.05298327	33.997257	33.419872	-7.629395e-09	-0.0026757377	6.771088e-08	-0.003333624	920.634	-69.79645	554.1782	-18.332031	0	0	79.0	0.92623377	0.0023082937	48000	30.71461009979248
12	207.0	55.027267	340.0	138.0	122.592834	39.631836	207.89366	74.165924	207.0	47300.04	0.9096161	37.027866	1.6004997	37.340893	18.600513	34.822304	0.08525895	34.91611	34.231556	-2.4795533e-08	-0.0031770933	-7.152558e-08	0.028385544	1090.4092	-102.35162	443.6008	-4.3101807	0	0	79.0	0.9302441	0.0032540841	52000	33.159762382507324
13	230.11765	124.40724	501.0	58.0	119.79121	27.174189	163.20395	64.12228	230.11765	49367.79	0.88156766	39.74142	0.0991125	39.77854	38.662987	35.30514	0.053454425	35.378315	35.005547	-8.702278e-09	-0.0059339283	-5.531311e-08	0.003968924	1363.6262	-119.32178	281.98837	-0.08453369	0	0	79.0	0.9516503	0.0038204866	56000	35.67310690879822
14	614.3333	230.04541	1000.0	266.0	128.67659	42.109043	218.46284	97.90656	614.3333	50221.383	0.837023	42.267868	0.07632809	42.30594	41.5224	35.26037	0.059873696	35.347603	34.872604	-2.1481515e-07	-0.0037216528	4.248619e-07	-0.002387383	2303.5146	-286.21375	500.49588	-52.771637	0	0	79.0	0.96544373	0.004533765	60000	38.117533445358276
15	1000.0	0.0	1000.0	1000.0	100.54718	3.982846	106.26296	95.37417	1000.0	50623.57	0.7909933	45.75196	0.049693584	45.781574	45.294205	33.68245	0.2230262	33.87094	29.984236	-9.0408327e-07	-0.0056769634	6.2549117e-07	-0.010736645	2505.321	-311.79004	552.5819	-134.97433	0	0	79.0	0.9547286	0.005870245	64000	40.5686981678009
16	1000.0	0.0	1000.0	1000.0	95.51428	11.891354	109.28535	76.707756	1000.0	51005.63	0.7500828	49.058823	0.021394398	49.074944	48.877457	28.603945	8.58392	31.949802	-30.814209	-3.168583e-07	-0.0030012492	-2.975464e-07	-0.0058060875	2209.1116	-243.37488	492.55756	-116.685455	0	0	79.0	0.95158505	0.0049054767	68000	43.01165962219238
17	758.6	298.90305	1000.0	327.0	174.97379	90.49325	330.04712	57.94346	758.6	51923.535	0.72116023	51.78841	0.024667298	51.806015	51.66464	24.29182	9.7862215	30.242367	-27.514395	-5.9366226e-08	-0.0021256714	0.0	-0.012813832	1772.5094	-163.68445	428.75568	-73.21393	0	0	79.0	0.96200776	0.005288966	72000	45.48171806335449
18	929.75	121.67657	1000.0	719.0	124.52748	42.317196	195.923	91.66659	929.75	52511.336	0.69093865	53.920547	0.23966293	53.97656	50.537106	26.897383	3.1231716	29.476606	-7.0344005	-2.4473667e-07	-0.0036889657	1.8310547e-07	0.003426447	1709.0208	-159.03845	301.83618	-90.12526	0	0	6.0	0.9519912	0.015034035	76000	47.658527135849
19	1000.0	0.0	1000.0	1000.0	73.146515	13.980374	92.2595	57.361088	1000.0	52803.92	0.660049	56.003242	0.031004978	56.034225	55.797504	22.342289	5.143386	28.269445	-11.014524	-5.710125e-07	-0.0023466593	-4.7683717e-08	-0.0025573997	1647.4723	-156.27234	275.16803	-208.47867	0	0	79.0	0.9519563	0.004668121	80000	50.12396049499512
20	1000.0	0.0	1000.0	1000.0	79.73363	6.0305343	86.48773	71.61575	1000.0	53122.855	0.63241494	58.031223	0.030438414	58.049187	57.701763	11.98313	3.6040654	21.719666	-1.0833195	5.946159e-07	-0.0019693684	4.386902e-08	-0.005901027	1499.2855	-139.13196	63.6274	-40.803173	0	0	79.0	0.96928215	0.0038603449	84000	52.71208906173706
21	708.4	358.88748	1000.0	215.0	66.458145	14.180084	84.27097	46.719807	708.4	53530.48	0.6083009	59.91972	0.01345673	59.933052	59.81874	7.2396436	0.66091156	9.250873	4.672486	1.9252301e-08	-0.0071982336	-4.7683715e-09	0.008247671	1246.252	-97.382935	32.9705	-0.89030075	0	0	22.0	0.9536645	0.013168353	88000	54.947516202926636
22	822.25	300.9837	1000.0	301.0	140.78888	6.329351	149.64735	133.16473	822.25	54189.88	0.58902043	61.446087	0.117732316	61.513954	60.328182	8.03212	0.37594733	8.921187	6.1359296	2.4437904e-08	-0.0028718896	2.9563903e-08	-0.0007112827	1191.1193	-91.84839	155.39206	-31.360886	0	0	79.0	0.95388734	0.0045566503	92000	57.38119101524353
23	628.8333	323.16116	1000.0	173.0	126.72608	30.55242	162.36163	83.24214	628.8333	55097.484	0.5739321	62.983562	0.10981622	63.035576	61.578938	12.261119	2.0263658	16.682146	5.250446	4.374981e-08	-0.004096317	5.233288e-08	-0.009517089	1019.94855	-62.61255	193.90678	-24.829285	0	0	79.0	0.9389428	0.005124903	96000	59.80549454689026
24	1000.0	0.0	1000.0	1000.0	149.18045	50.36691	226.22273	95.88881	1000.0	55694.207	0.55694205	64.26736	0.08916938	64.30868	63.48136	16.17975	1.8599645	19.966677	10.318762	-7.779598e-07	-0.0027142547	2.1457673e-08	-0.013185715	1086.7137	-100.12775	124.553474	-10.578056	0	0	8.0	0.9147955	0.017377187	100000	61.976959466934204
25	796.0	353.33838	1000.0	184.0	130.3218	24.408075	154.616	96.73692	796.0	56382.496	0.5421394	65.8676	0.021328775	65.87856	65.43742	14.116073	0.83243346	16.608345	11.828554	-3.8266183e-08	-0.0035917321	3.8146974e-09	-0.011950899	969.22974	-81.35303	122.06119	-2.0993881	0	0	79.0	0.9165618	0.0046398514	104000	64.39488053321838
26	765.8	328.91116	1000.0	160.0	115.873856	43.427975	190.28621	66.44544	765.8	57060.49	0.52833784	67.32917	0.004213812	67.33386	67.29667	14.0447445	0.58670294	15.837398	11.995449	-5.5789947e-08	-0.002998805	-1.3828277e-08	-0.008041832	868.13336	-63.279785	150.07133	-6.352768	0	0	7.0	0.931479	0.012662253	108000	66.57578134536743
27	1000.0	0.0	1000.0	1000.0	87.23253	19.221355	106.42518	60.281376	1000.0	57409.42	0.51258415	68.620224	0.004702005	68.62548	68.576965	13.080758	1.2438511	16.624557	7.520569	1.1062622e-07	-0.003072921	4.673004e-08	-0.007936874	838.22406	-78.84454	76.37801	-30.96756	0	0	79.0	0.9326756	0.003477179	112000	69.01406717300415
28	1000.0	0.0	1000.0	1000.0	75.77367	4.212832	82.447784	71.025055	1000.0	57712.516	0.4975217	70.05161	0.003158144	70.05563	70.02617	8.120749	0.73869747	10.574957	5.4200826	-9.3698503e-07	-0.002852384	-1.0848045e-08	0.004367469	763.4919	-73.54364	26.21877	-2.6842499	0	0	79.0	0.90407526	0.004628175	116000	71.46305012702942
29	1000.0	0.0	1000.0	1000.0	83.71204	32.679718	136.54701	53.310852	1000.0	58047.363	0.48372802	71.451195	0.0019956818	71.45408	71.43578	6.639722	0.6859972	8.711754	4.4355073	-5.9986115e-07	-0.004349718	-8.8214875e-09	0.01096619	693.807	-67.49518	44.64714	-0.2367897	0	0	79.0	0.89366645	0.004095038	120000	73.94057536125183
30	829.5	143.32742	1000.0	608.0	108.73726	20.43897	142.67044	88.50344	829.5	58560.277	0.4722603	72.79759	0.004623464	72.80166	72.74038	6.204353	1.2259341	9.668211	2.4886277	2.2649765e-08	-0.003508465	-7.104874e-08	-0.0005802533	650.6984	-36.56128	71.509514	-11.800251	0	0	79.0	0.86238766	0.0038953559	124000	76.50257134437561
31	1000.0	0.0	1000.0	1000.0	85.24337	23.43112	124.4917	66.431114	1000.0	58901.254	0.46016604	73.81753	0.0026463063	73.82095	73.802704	9.424655	0.7569349	11.258741	7.3150887	8.873939e-07	-0.0030796214	2.4557114e-08	-0.013781377	583.5581	-57.33435	44.010555	-5.606495	0	0	7.0	0.8740698	0.012878336	128000	78.68055534362793
32	1000.0	0.0	1000.0	1000.0	72.267746	13.369608	94.46299	58.962215	1000.0	59190.324	0.44841155	75.064384	0.0038932795	75.06891	75.01812	7.316368	0.71173835	9.711487	3.8538723	9.260178e-07	-0.003146304	-1.5377998e-08	-0.011783396	529.29974	-54.25894	30.918833	-2.75597	0	0	79.0	0.8738174	0.0057574534	132000	81.13813757896423
33	1000.0	0.0	1000.0	1000.0	40.634094	5.787285	47.780834	31.625393	1000.0	59352.86	0.4364181	76.30709	0.0015833008	76.3101	76.29993	5.983276	0.36574355	7.1006145	4.6573496	8.773804e-08	-0.0020746063	-1.2397766e-08	-0.0016527286	477.85663	-49.779114	10.902001	-5.4279776	0	0	79.0	0.8901675	0.006203908	136000	83.58104968070984
34	911.75	152.85349	1000.0	647.0	46.309326	5.817009	53.074463	39.033905	911.75	59563.06	0.4254504	77.50657	0.0018892507	77.50935	77.49106	3.8878012	0.31676838	4.9674554	2.6308248	1.2278557e-08	-0.004523338	2.336502e-08	-0.0039236434	443.36832	-35.88031	9.010873	-0.32923222	0	0	32.0	0.90031135	0.012082039	140000	85.86047625541687
35	1000.0	0.0	1000.0	1000.0	46.42535	6.003728	56.596195	41.74949	1000.0	59748.76	0.41492197	78.54426	0.0013880712	78.54691	78.536674	4.361114	0.12745324	4.8069935	3.89017	4.69923e-07	-0.002583361	-1.5377998e-08	-0.0006034507	391.87833	-41.97809	11.633366	-0.7348404	0	0	79.0	0.9039033	0.006359125	144000	88.30877637863159
36	1000.0	0.0	1000.0	1000.0	59.688374	16.62561	78.53518	32.946857	1000.0	59987.516	0.40532106	79.66147	0.0016920664	79.66464	79.65248	3.5480506	0.18211973	4.220195	2.955504	-1.11579894e-07	-0.0025654868	2.026558e-09	0.0034244852	352.1294	-39.004303	20.306578	-0.57824516	0	0	79.0	0.91240305	0.003265633	148000	90.73807215690613
37	923.75	132.06888	1000.0	695.0	54.07425	8.776774	67.53604	43.12962	923.75	60268.086	0.39650056	80.75806	0.0018542834	80.76141	80.74629	4.159748	0.07416784	4.3298197	3.7454748	1.0967255e-08	-0.0061253067	1.9311905e-08	0.0049375454	343.98584	-26.809662	25.544653	-0.9732342	0	0	7.0	0.88317615	0.01375577	152000	92.89583849906921
38	1000.0	0.0	1000.0	1000.0	73.54855	5.8988366	81.3247	66.67323	1000.0	60562.277	0.3882197	81.6885	0.002415299	81.69116	81.666954	5.0175586	0.2864839	5.681065	3.5620348	-4.005432e-07	-0.0026967928	2.002716e-08	0.0063881017	285.43613	-32.64238	23.28425	-1.0503483	0	0	79.0	0.88132894	0.0053816126	156000	95.32863354682922
39	872.25	221.26949	1000.0	489.0	80.14415	29.035215	126.18658	53.671764	872.25	60931.6	0.3808225	82.70895	0.0033999784	82.71203	82.67074	5.9213104	0.14022075	6.2392683	5.126435	5.90086e-08	-0.0045976844	1.8835069e-08	0.012905577	292.75262	-21.944733	32.22968	-2.498211	0	0	6.0	0.85780025	0.015147935	160000	97.49407315254211
40	905.25	164.11182	1000.0	621.0	120.21129	27.7658	161.89487	87.0751	905.25	61493.688	0.3749615	83.570915	0.0070569515	83.57655	83.503395	7.444211	0.19317691	7.9068894	6.4600024	3.8504602e-08	-0.0029906505	-8.511543e-08	0.007564111	271.978	-19.57843	93.72211	-14.197899	0	0	7.0	0.8570028	0.014304744	164000	99.72329568862915
41	785.25	371.95792	1000.0	141.0	151.00027	23.889505	184.69829	128.39357	785.25	62243.355	0.37049615	84.390656	0.008206801	84.39692	84.314674	11.026038	0.5498125	12.304648	8.982818	2.6464463e-08	-0.0030998196	-2.4735927e-09	-0.041375127	264.6433	-19.542099	282.01157	-25.30841	0	0	79.0	0.85718274	0.005300048	168000	102.19404602050781
42	782.25	377.15405	1000.0	129.0	115.79544	37.617	177.59068	80.53825	782.25	62776.523	0.36497977	85.22133	0.0067903306	85.22646	85.13019	14.166211	2.229837	20.437864	6.418301	7.4863436e-08	-0.0032455751	4.053116e-09	-0.034144647	246.627	-18.029694	122.40325	-14.007721	0	0	79.0	0.8801693	0.003580573	172000	104.62915205955505
43	809.25	330.3887	1000.0	237.0	90.148384	11.341893	107.3608	76.5814	809.25	63196.234	0.35906953	86.03435	0.004604199	86.03731	85.97553	10.001754	1.7851678	17.076092	4.989837	3.3378602e-09	-0.0033607008	-5.5789947e-08	-0.008028223	225.302	-15.035675	68.04977	-4.2771797	0	0	79.0	0.9006139	0.0049689445	176000	107.33647584915161
44	1000.0	0.0	1000.0	1000.0	79.06647	24.846247	115.35349	53.86641	1000.0	63512.504	0.35284725	86.78942	0.00206071	86.79173	86.77453	8.017026	1.1026998	11.525466	4.82073	4.0578843e-07	-0.0024877405	-1.1324882e-08	-0.0046508787	148.565	-19.991135	32.73093	-3.835575	0	0	79.0	0.9209039	0.0038415797	180000	109.92221140861511
45	1000.0	0.0	1000.0	1000.0	81.796005	27.822264	119.11034	51.58238	1000.0	63839.688	0.34695482	87.66113	0.0017123533	87.663216	87.64371	6.3348703	0.67322534	8.808511	4.376219	-7.6818463e-07	-0.0022458588	-3.1352045e-08	0.006602888	129.60286	-18.267502	59.751976	-2.7845764	0	0	79.0	0.9189354	0.0037953053	184000	112.6668860912323
46	1000.0	0.0	1000.0	1000.0	84.71915	18.850943	112.47144	64.32787	1000.0	64178.562	0.34137532	88.516	0.0012397483	88.51763	88.50865	5.6814404	0.33946022	6.7559175	4.3442545	-2.822876e-07	-0.0022878645	5.841255e-09	0.0022817566	112.26524	-16.262497	32.61617	-1.4482441	0	0	79.0	0.9305885	0.004539731	188000	115.32886338233948
47	1000.0	0.0	1000.0	1000.0	106.38971	18.921318	139.15504	94.947945	1000.0	64604.12	0.33647978	89.334625	0.0009706165	89.33589	89.32962	6.5808244	0.40537342	7.6913133	5.0909824	3.890991e-07	-0.003922277	1.525879e-08	0.0007900398	96.83032	-14.427086	50.049915	-6.710888	0	0	79.0	0.9166153	0.0065126265	192000	117.98368644714355
48	861.25	240.32205	1000.0	445.0	153.324	37.32649	212.12254	108.38599	861.25	65304.727	0.33318737	90.11713	0.0020207383	90.11854	90.096504	8.9588375	0.91584516	11.712063	5.6748953	8.3446505e-10	-0.0025295452	7.724762e-08	-0.013366683	157.91695	-6.983856	151.12451	-26.570038	0	0	79.0	0.9213263	0.005403345	196000	120.44856142997742
49	1000.0	0.0	1000.0	1000.0	155.99106	64.04071	248.84393	94.02526	1000.0	65928.69	0.32964343	90.682526	0.0014497875	90.68389	90.67356	13.525828	1.7229686	17.97189	7.6950364	-3.671646e-07	-0.0028027804	5.8174134e-08	0.00893421	73.90297	-11.367214	154.15019	-5.392151	0	0	79.0	0.9235601	0.007636891	200000	123.02972745895386
