Epoch	AverageEpRet	StdEpRet	MaxEpRet	MinEpRet	AverageEpCost	StdEpCost	MaxEpCost	MinEpCost	EpLen	CumulativeCost	CostRate	AverageVVals	StdVVals	MaxVVals	MinVVals	AverageCostVVals	StdCostVVals	MaxCostVVals	MinCostVVals	LossPi	DeltaLossPi	SurrCost	DeltaSurrCost	LossV	DeltaLossV	LossVC	DeltaLossVC	Penalty	DeltaPenalty	StopIter	Entropy	KL	TotalEnvInteracts	Time
0	16.982979	7.5495334	58.0	9.0	0.0	0.0	0.0	0.0	16.982979	0.0	0.0	0.011434633	0.2309396	0.5334762	-0.5088252	-0.026684057	0.5838086	1.3586662	-1.4585463	-1.502037e-08	-0.014287959	7.1525574e-10	0.001846676	146.14865	-22.895134	0.34087932	-0.33771935	0	0	7.0	0.67450464	0.01746	4000	0.7868564128875732
1	20.530928	9.876639	77.0	8.0	0.0	0.0	0.0	0.0	20.530928	0.0	0.0	1.2421141	0.25785667	2.5447507	-0.033444114	0.0019255913	0.015070028	0.06141532	-0.04982137	-1.8119811e-08	-0.012997126	1.3783574e-10	8.002739e-06	185.98003	-71.82262	0.00023140923	-0.00013482163	0	0	9.0	0.6918093	0.01523847	8000	4.039482116699219
2	26.72973	15.593049	122.0	10.0	0.0	0.0	0.0	0.0	26.72973	0.0	0.0	5.2385616	0.96585894	8.622525	-1.3989058	0.00039948325	0.009691598	0.036539696	-0.045977566	-2.336502e-08	-0.016424635	-1.4528632e-10	4.670575e-06	261.9808	-94.44449	9.623149e-05	-4.135271e-05	0	0	79.0	0.68250084	0.00586137	12000	7.685095548629761
3	31.911291	18.820892	127.0	9.0	0.0	0.0	0.0	0.0	31.911291	0.0	0.0	11.176724	0.5858308	12.865942	6.4942255	-0.00014001936	0.007365116	0.038197692	-0.026640961	1.9073487e-09	-0.015775276	-2.7939677e-12	-1.4525105e-05	230.95554	-46.089844	5.4004777e-05	-2.3917853e-05	0	0	79.0	0.67190033	0.0055264374	16000	11.440484762191772
4	46.95238	32.698444	149.0	9.0	0.6814121	4.6186566	39.806023	0.0	46.95238	57.238613	0.0028619306564331053	15.299114	0.86783004	17.083008	11.292422	-0.0011372662	0.010377539	0.07578528	-0.08601788	-1.9311905e-08	-0.016500134	1.2218953e-09	0.007210102	479.21494	-94.84958	18.208347	-1.4846554	0	0	79.0	0.66247183	0.00493714	20000	15.024690628051758
5	74.81132	44.89613	186.0	16.0	6.989393	36.031517	245.77048	0.0	74.81132	427.67642	0.01781985092163086	20.263351	1.0137612	21.738167	12.784728	0.9749219	1.0571723	4.5753946	-2.5917153	-3.4213066e-08	-0.014357088	-2.6482343e-07	0.042953268	705.79663	-117.63013	746.13074	-66.89874	0	0	79.0	0.64595187	0.004171181	24000	18.53472113609314
6	91.16279	53.44196	241.0	14.0	13.192525	34.33295	153.80302	0.0	91.16279	994.955	0.035534107753208706	23.658371	3.38973	25.349987	-16.185825	4.711995	6.317446	16.037432	-15.509792	-2.4795533e-08	-0.011411894	2.2649765e-08	0.033676732	789.20276	-101.525696	576.28284	-67.23978	0	0	79.0	0.6298558	0.0038827686	28000	22.096142530441284
7	125.741936	63.678104	254.0	23.0	69.253975	111.713005	394.39844	0.0	125.741936	3141.8284	0.09818213653564453	27.191736	2.3833222	28.120304	-5.0456214	7.2861214	1.7595103	12.4301405	-0.044858932	-1.8119811e-08	-0.010082985	-3.695488e-07	0.032293357	1028.3911	-121.71283	4972.0796	-572.4746	0	0	79.0	0.6204506	0.0032964859	32000	25.67094874382019
8	168.08696	47.363453	339.0	113.0	128.36583	122.34526	365.1595	0.0	168.08696	6094.2427	0.1692845187717014	30.101849	3.8635335	30.96679	-19.365814	18.61057	2.761956	21.332176	-2.3068483	-6.437302e-08	-0.008449461	-2.2325517e-06	0.1286682	1077.5492	-119.61279	5940.921	-488.55762	0	0	79.0	0.61997145	0.0054261703	36000	29.321937561035156
9	212.27777	79.06103	362.0	106.0	175.4932	221.25708	760.1278	0.0	212.27777	9253.12	0.2313280029296875	32.839127	2.7539744	33.609528	-1.9488561	24.790695	0.38481414	25.339003	22.29405	2.8371812e-08	-0.009116012	9.059906e-07	0.25278538	1425.7968	-151.86475	11778.133	-385.67285	0	0	79.0	0.61082125	0.0050083674	40000	30.03824543952942
10	284.42856	126.97846	500.0	143.0	406.95102	389.97888	1430.8845	0.0	284.42856	14950.435	0.3397826038707386	34.6853	4.9176626	36.351456	-16.944492	28.975958	0.04887472	29.037819	28.766352	5.25713e-08	-0.0066847154	1.4071464e-06	0.25631598	1769.2885	-190.35217	31303.812	-892.14453	0	0	79.0	0.60194814	0.004974383	44000	33.86059379577637
11	212.94118	80.51048	377.0	48.0	237.0202	195.1831	592.7688	0.0	212.94118	20202.4	0.42088334147135414	38.85846	1.4859582	39.162594	15.591143	33.487473	0.26336527	33.723774	31.757938	2.2649764e-09	-0.0072830603	6.818772e-08	0.079889596	1265.045	-92.81677	23092.283	-488.73438	0	0	79.0	0.60542494	0.0062361564	48000	37.67793250083923
12	353.0	126.108894	500.0	119.0	257.93146	258.77982	823.1475	0.0	353.0	23039.646	0.44307012469951923	40.980804	0.17818975	41.124905	39.655396	36.5842	0.025110211	36.61212	36.417336	1.835823e-08	-0.0058590462	8.31604e-07	0.035858788	1724.9492	-150.23999	10176.001	-69.131836	0	0	79.0	0.59041005	0.0021395371	52000	41.33118987083435
13	438.33334	93.73959	500.0	238.0	224.30301	209.06522	650.54974	0.0	438.33334	25058.373	0.447470947265625	43.392395	0.07385768	43.442463	42.353848	37.771416	0.013773448	37.79787	37.712784	-3.027916e-08	-0.0041680117	-2.002716e-08	0.18609059	1800.9583	-153.99304	6147.518	-10.495117	0	0	79.0	0.59074426	0.002958837	56000	45.08808994293213
14	331.41666	123.5074	500.0	170.0	464.41714	348.97736	1334.413	0.0	331.41666	30631.379	0.5105229817708333	45.737953	0.021470482	45.765194	45.59548	38.245106	0.015145824	38.275692	38.18061	7.152557e-09	-0.0047730003	6.0749056e-07	0.087550096	1383.2433	-90.57959	25166.195	-456.8828	0	0	79.0	0.59955263	0.0026160383	60000	48.738776206970215
15	359.0	115.06172	500.0	148.0	383.87073	303.75192	933.2547	0.0	359.0	36449.734	0.569527099609375	47.514347	0.02690046	47.538624	47.05032	40.90599	0.013122668	40.928555	40.82115	6.151199e-08	-0.0039031664	-2.500534e-06	0.0112152845	1413.9374	-95.91235	41406.72	-517.95703	0	0	79.0	0.5968076	0.005888072	64000	52.46545934677124
16	306.41666	112.60436	500.0	190.0	617.29974	485.5394	1686.6223	0.0	306.41666	45093.938	0.6631461397058823	49.290176	0.034182392	49.31878	48.65749	43.683712	0.010057611	43.70154	43.62523	-5.567074e-08	-0.003921429	1.0714531e-06	-0.0078637535	1153.3185	-81.395996	57891.27	-1111.6406	0	0	79.0	0.60147905	0.005531971	68000	56.08883571624756
17	256.73334	105.595116	500.0	105.0	408.48325	301.11487	1152.4026	0.0	256.73334	51221.184	0.7114053276909722	50.633045	0.8569668	50.784775	34.533016	47.27165	0.028659118	47.298683	47.031498	1.2874604e-08	-0.0053566424	-1.2054444e-06	0.14516981	917.5391	-61.12256	26195.994	-333.7422	0	0	79.0	0.5927655	0.004686429	72000	56.83889698982239
18	468.5	50.24689	500.0	356.0	550.06433	622.0934	2021.7969	0.0	468.5	55621.7	0.7318644634046053	51.633	1.6698681	51.89432	21.695711	49.251064	0.02079193	49.268337	49.08762	1.001358e-08	-0.001565857	-7.1907044e-07	-0.0024104482	1336.2134	-101.04224	34514.32	-147.9961	0	0	79.0	0.58411646	0.004082603	76000	60.57591199874878
19	421.8889	121.444496	500.0	157.0	766.5118	794.72595	2752.415	0.0	421.8889	62520.305	0.78150380859375	52.69432	3.7774177	53.643982	6.1750913	50.54162	0.0039721294	50.549774	50.523426	6.985665e-08	-0.0032453993	-6.837845e-07	-0.053770423	1190.1621	-83.591064	59691.76	-484.1211	0	0	79.0	0.58767116	0.0033269313	80000	64.37126111984253
20	459.25	96.9739	500.0	204.0	305.61438	388.7383	868.285	0.0	459.25	65084.78	0.7748188244047619	54.741486	2.6657577	55.27314	26.517246	52.73652	0.0034201774	52.742794	52.71879	6.151199e-08	-0.0027588937	-1.0795593e-06	0.02593665	1160.7607	-88.85669	14766.438	-6.408203	0	0	79.0	0.587554	0.005066399	84000	68.14918541908264
21	400.0	97.38127	500.0	256.0	663.3405	507.1351	1588.3433	0.0	400.0	71054.84	0.80744140625	56.906727	0.0058882525	56.91082	56.85962	53.1311	0.008751329	53.141308	53.07827	7.629395e-09	-0.003618818	-6.4659116e-07	-0.10809293	1031.4426	-53.826965	40353.855	-309.92578	0	0	79.0	0.59004074	0.0023491483	88000	71.7735071182251
22	383.3	114.293526	500.0	150.0	337.80405	324.10944	900.7899	0.0	383.3	74432.89	0.8090531589673913	57.647022	6.119568	58.2747	-35.797913	54.84882	0.0019804104	54.85309	54.838703	-3.5762786e-09	-0.0025097567	-3.004074e-08	0.0010139765	927.9417	-44.414734	15210.968	-37.70215	0	0	79.0	0.5937886	0.0062445384	92000	75.53312277793884
23	435.1111	93.4564	500.0	267.0	258.41324	322.9346	836.9221	0.0	435.1111	76758.61	0.79956884765625	58.620968	5.444186	59.462128	-30.697493	55.56195	0.0021016235	55.566967	55.545017	6.484986e-08	-0.00459875	-1.1310577e-06	-0.045778874	917.01874	-73.05249	11489.032	-0.15820312	0	0	79.0	0.5809757	0.00403984	96000	79.22474098205566
24	493.25	11.8611765	500.0	469.0	542.4164	990.92896	2824.1838	0.0	493.25	81097.94	0.810979375	57.3671	10.668342	60.777515	-21.624256	55.639347	0.0019465089	55.643314	55.630592	2.2888184e-08	-0.0019444342	-5.264282e-07	0.13491894	998.3781	-122.3631	55283.594	-97.83203	0	0	79.0	0.58499587	0.0037651947	100000	83.06781697273254
