Epoch	AverageEpRet	StdEpRet	MaxEpRet	MinEpRet	AverageEpCost	StdEpCost	MaxEpCost	MinEpCost	EpLen	CumulativeCost	CostRate	AverageVVals	StdVVals	MaxVVals	MinVVals	AverageCostVVals	StdCostVVals	MaxCostVVals	MinCostVVals	LossPi	DeltaLossPi	SurrCost	DeltaSurrCost	LossV	DeltaLossV	LossVC	DeltaLossVC	Penalty	DeltaPenalty	StopIter	Entropy	KL	TotalEnvInteracts	Time
0	17.277056	7.5076494	48.0	8.0	0.41111583	0.29185143	1.472958	0.02585713	17.277056	95.25349	0.023813371658325196	0.002756834	0.22863553	0.51817596	-0.50565404	-0.011038095	0.5739445	1.3626521	-1.3624463	3.671646e-08	-0.019285653	-1.31726265e-08	-0.00090904604	145.96515	-22.80349	0.44595006	-0.39837018	0	0	7.0	0.6746388	0.01754281	4000	5.251497745513916
1	21.23936	11.019381	75.0	8.0	0.4859535	0.5507404	5.40061	0.045540195	21.23936	186.70403	0.023338003158569334	1.2020454	0.14018995	1.6554532	0.62288195	0.2549582	0.01879321	0.30906022	0.13689338	1.26361845e-08	-0.013959558	-2.2798776e-09	0.0019626778	215.8939	-77.94081	0.31602252	-0.015179068	0	0	9.0	0.69159025	0.015702514	8000	9.996937036514282
2	26.217106	15.708244	123.0	9.0	0.5090371	1.1380218	13.597934	0.01473446	26.217106	264.55508	0.022046257019042968	5.387218	0.4427163	7.183361	3.2999613	0.36231437	0.0509137	0.5860523	0.09843365	3.9339067e-08	-0.0152928	1.0311603e-08	0.003898227	253.54929	-87.01872	1.195296	-0.1630317	0	0	79.0	0.6817189	0.005812474	12000	15.252102375030518
3	34.573914	18.124239	108.0	9.0	0.62032175	0.91038054	7.9856987	0.031397324	34.573914	336.05853	0.021003658294677735	11.088273	0.4361777	11.983233	8.5659	0.41089368	0.32523337	2.2239673	-1.1326638	-5.4359436e-08	-0.014499011	9.000301e-09	0.0046659294	229.71078	-52.213852	0.78442544	-0.22649282	0	0	79.0	0.6716046	0.0052323933	16000	20.69316554069519
4	47.698795	29.189342	141.0	9.0	5.329382	31.806238	290.41492	0.02379168	47.698795	778.95776	0.03894788818359375	15.517293	0.39862713	16.637444	13.28489	0.47007766	0.21169424	0.9972135	-0.20871408	-2.002716e-08	-0.014204885	-1.0669231e-07	0.024495518	408.53287	-75.3085	857.72876	-75.23328	0	0	79.0	0.661477	0.004793237	20000	25.9751980304718
5	68.36207	40.987675	210.0	15.0	34.51256	114.40378	557.4462	0.05860321	68.36207	2781.0823	0.11587842814127604	19.79405	1.5697613	21.693375	-0.25720635	3.9912155	4.805501	14.310917	-12.846693	2.014637e-08	-0.015737453	8.08239e-07	0.22011359	612.4919	-94.51068	8339.877	-570.31494	0	0	79.0	0.6455747	0.0041807718	24000	28.554983139038086
6	97.175	47.69795	197.0	20.0	69.94395	148.23894	580.7884	0.16843311	97.175	5585.0835	0.19946726771763393	23.971338	1.0219136	24.88834	8.736905	14.367841	1.3174336	17.533901	6.3574295	7.1644784e-08	-0.010432355	-5.0544738e-08	0.27407506	793.2915	-109.27838	9964.105	-514.49414	0	0	79.0	0.63207394	0.003109999	28000	33.45285201072693
7	136.82759	59.087936	317.0	37.0	102.77928	152.54086	550.81177	0.70200497	136.82759	8565.804	0.26768136596679687	26.724571	3.033517	27.98905	-7.0539565	22.359882	1.0655582	24.018126	15.575065	1.6212464e-08	-0.010503371	9.1648104e-07	0.19238183	1047.567	-136.20862	8372.576	-322.36377	0	0	79.0	0.6192926	0.003074668	32000	38.39480400085449
8	193.4	72.11616	358.0	60.0	227.27844	199.1085	633.60095	0.17160626	193.4	13408.524	0.3724590115017361	28.97095	5.579777	31.016829	-16.848629	26.851181	0.21606891	27.192226	25.35847	1.3113022e-09	-0.010608043	-6.7043305e-07	-0.08362247	1367.271	-171.87463	16046.268	-650.43945	0	0	79.0	0.6195774	0.004759308	36000	43.56661677360535
9	209.05263	59.785122	350.0	95.0	313.14215	343.22458	1123.0621	1.5312682	209.05263	19358.482	0.483962060546875	32.76973	4.5176153	34.079437	-9.986503	31.500177	0.21572413	31.738323	30.05818	1.07288365e-08	-0.008666068	-1.8582344e-06	0.27327654	1282.0853	-131.18018	33770.06	-685.6367	0	0	79.0	0.60769504	0.0053516054	40000	48.88077402114868
10	228.41176	112.14752	500.0	38.0	402.53366	320.81204	982.3465	0.11539988	228.41176	26216.473	0.5958289240056818	36.08629	2.7216768	36.589138	-0.08319458	35.329742	0.026281333	35.385914	35.1509	-7.987023e-09	-0.0043962155	-2.1958351e-06	-0.15669422	1480.7062	-131.16345	36252.184	-706.71875	0	0	79.0	0.6108685	0.0037701984	44000	54.07699012756348
11	208.94737	73.39114	397.0	72.0	435.13065	362.51978	1251.9446	7.075017	208.94737	34483.99	0.7184164225260417	38.878853	0.14395154	38.955208	36.84674	38.65841	0.03184543	38.710747	38.434055	2.6941299e-08	-0.005367821	1.5306473e-06	0.5116879	1098.855	-71.25525	49376.867	-817.40234	0	0	79.0	0.61333936	0.0040783663	48000	57.049692153930664
12	240.93333	109.34256	500.0	128.0	550.1539	376.62173	1264.1011	16.17591	240.93333	42742.066	0.8219628155048077	40.40757	1.2694658	40.722828	18.704569	41.798103	0.073705465	41.8716	41.43558	1.6450882e-08	-0.009488438	1.4505387e-06	-0.043079786	1359.4768	-104.316284	52447.55	-672.0469	0	0	79.0	0.60640913	0.0051338407	52000	62.208221435546875
13	383.4	148.73816	500.0	30.0	222.64641	267.22925	947.3803	0.41794163	383.4	44969.562	0.8030279017857143	42.429783	2.4673924	42.747646	-6.96398	44.470478	0.081336804	44.530476	43.49183	-4.887581e-08	-0.004211974	3.0326842e-07	-0.013260965	1787.4648	-165.86584	8333.643	-7.732422	0	0	79.0	0.6000187	0.0030069784	56000	67.36205196380615
14	348.9091	146.42929	500.0	114.0	248.14897	473.84814	1595.5364	6.492162	348.9091	47701.473	0.7950245442708334	45.137516	0.12659338	45.19561	43.650856	44.919537	0.036641125	44.96514	44.707787	-1.001358e-08	-0.0042599463	-9.2887876e-07	0.010714124	1497.1995	-112.783936	24753.38	-8.412109	0	0	79.0	0.5826604	0.0034824838	60000	72.503741979599
15	350.45456	120.91949	500.0	120.0	402.99014	333.2784	1085.087	19.204327	350.45456	52135.74	0.8146209106445312	45.63229	5.808139	47.223263	-4.6396937	45.174286	0.08930052	45.261887	44.669086	1.7404556e-08	-0.006423335	2.6750564e-07	-0.06968686	1325.5472	-104.671265	18474.408	-149.18164	0	0	79.0	0.5974407	0.0051070647	64000	77.58214783668518
16	218.11111	62.98226	347.0	102.0	466.1511	385.3665	1167.2548	0.22676116	218.11111	60527.066	0.8901039177389706	44.633484	11.571474	49.110283	-34.165115	46.40711	0.023495711	46.44105	46.25143	-3.7491322e-08	-0.012567073	3.870964e-06	0.5615008	692.45416	-66.60327	49268.81	-684.16797	0	0	79.0	0.60468394	0.007566979	68000	82.5258104801178
17	376.6	119.86843	500.0	188.0	489.9161	332.03702	1087.0193	18.58163	376.6	65487.67	0.9095509982638889	48.573383	6.9356265	50.278076	-19.405321	49.023426	0.03607744	49.055847	48.75925	-1.7285346e-08	-0.008405677	-2.4881363e-06	0.05960281	1245.6028	-93.086426	23486.059	-162.43555	0	0	79.0	0.5953003	0.006768736	72000	85.0868763923645
18	439.33334	92.4037	500.0	265.0	228.38107	397.90637	1252.6843	8.8929405	439.33334	67543.22	0.8887265625	51.965916	0.061220918	51.99546	50.964954	50.39449	0.023036467	50.419807	50.244442	-8.434057e-08	-0.0015485128	-3.5238267e-07	-0.037270125	1291.7457	-86.382324	15633.836	-0.45410156	0	0	79.0	0.5859015	0.0013317687	76000	89.761643409729
19	375.1	139.36746	500.0	142.0	141.10748	185.7329	561.55853	10.640971	375.1	68957.984	0.8619748046875	53.633377	0.53546864	53.728275	45.61805	50.427822	0.011919779	50.444996	50.35039	1.6093255e-08	-0.0050766575	1.1444092e-08	0.08455615	1131.678	-73.78772	4649.604	-12.856934	0	0	79.0	0.5773441	0.0035782144	80000	94.64167070388794
20	306.91666	132.90187	500.0	143.0	530.9473	477.561	1474.5143	10.545617	306.91666	75378.34	0.8973612351190476	53.40637	10.332509	55.238483	-44.434364	50.05969	0.016036527	50.081837	49.971478	-2.9802322e-08	-0.0045722025	-1.3666153e-06	-0.043266263	968.32324	-67.35803	47680.254	-243.94922	0	0	79.0	0.5879155	0.0032545156	84000	99.61196947097778
21	399.2	99.80862	500.0	211.0	434.1312	357.88522	1272.1119	14.884715	399.2	79719.79	0.9059066938920455	56.44181	0.0647761	56.46341	55.802803	51.608456	0.01452636	51.625996	51.526955	-1.6033649e-08	-0.008845368	-6.5040587e-07	0.081392705	1032.641	-50.071472	21799.102	-106.99805	0	0	79.0	0.5712591	0.004128626	88000	104.75350832939148
22	430.0	78.4446	500.0	287.0	264.72174	240.6194	741.8041	14.685627	430.0	82106.65	0.892463569972826	56.736233	5.753341	57.791367	-8.941537	52.755436	0.010684917	52.771454	52.654255	1.3589859e-08	-0.004028747	9.3746183e-07	0.018842066	961.8388	-60.789673	7855.2954	-1.9243164	0	0	79.0	0.5766469	0.0038282657	92000	109.71523666381836
23	277.5	108.26538	500.0	156.0	671.526	446.5065	1705.8328	55.894253	277.5	91508.92	0.9532179361979166	59.15921	0.26626572	59.230408	56.606857	52.973297	0.0062413984	52.985115	52.90965	3.3378602e-09	-0.0040832944	-5.9251784e-06	0.004655595	766.62775	-13.827637	67012.734	-818.6406	0	0	79.0	0.5705768	0.0040882044	96000	114.70332360267639
24	233.47058	117.380295	500.0	76.0	710.7652	629.91766	2560.3528	1.8688649	233.47058	103592.47	1.0359246875	59.602516	3.198721	59.93633	16.260195	55.819008	0.020631073	55.832764	55.642094	1.859665e-08	-0.005475924	2.2506713e-06	0.16795783	723.437	-4.8586426	94050.92	-1368.4375	0	0	79.0	0.5739957	0.0028838473	100000	117.77726745605469
