Epoch	AverageEpRet	StdEpRet	MaxEpRet	MinEpRet	AverageEpCost	StdEpCost	MaxEpCost	MinEpCost	EpLen	CumulativeCost	CostRate	AverageVVals	StdVVals	MaxVVals	MinVVals	AverageCostVVals	StdCostVVals	MaxCostVVals	MinCostVVals	LossPi	DeltaLossPi	SurrCost	DeltaSurrCost	LossV	DeltaLossV	LossVC	DeltaLossVC	Penalty	DeltaPenalty	StopIter	Entropy	KL	TotalEnvInteracts	Time
0	17.621145	7.6387076	53.0	8.0	0.0	0.0	0.0	0.0	17.621145	0.0	0.0	-0.0022479533	0.22541147	0.50832546	-0.5384093	0.007414558	0.5735739	1.410607	-1.4101692	-3.4129297e-08	-0.007941348	3.695488e-09	-0.0022951744	151.45105	-22.455719	0.329042	-0.32876712	0.84999996	-0.020943642	7.0	0.67521596	0.017154923	4000	3.726259708404541
1	20.56701	10.062082	79.0	8.0	0.0	0.0	0.0	0.0	20.56701	0.0	0.0	1.1301374	0.16052988	1.7805239	-0.16195498	8.298343e-05	0.015427815	0.076308385	-0.06605816	-1.591408e-08	-0.00700728	2.6263297e-10	-5.7012185e-05	191.7828	-72.55929	0.00023815257	-0.00014137759	0.8290563	-0.021098554	9.0	0.6916388	0.0151062505	8000	4.248292922973633
2	26.778524	13.289167	73.0	9.0	0.0	0.0	0.0	0.0	26.778524	0.0	0.0	5.220173	0.49349678	6.4998574	3.6301641	0.0002726352	0.009074072	0.03529756	-0.032280877	-1.90478e-08	-0.008286793	-1.3038516e-10	-3.266465e-06	204.2788	-81.44311	8.238878e-05	-3.954921e-05	0.80795777	-0.03351146	79.0	0.68163335	0.0056409175	12000	7.9364306926727295
3	31.603174	16.21878	94.0	9.0	0.0	0.0	0.0	0.0	31.603174	0.0	0.0	10.643125	1.1438766	13.498163	6.6056786	-0.00016610924	0.0068005454	0.04767727	-0.04106359	-1.3290481e-08	-0.009479271	2.6077033e-11	-9.611119e-06	186.155	-44.268616	4.6287878e-05	-1.4896741e-05	0.7744463	-0.032702744	79.0	0.67248625	0.0056329635	16000	11.649488925933838
4	44.27778	31.385427	168.0	9.0	0.00029159075	0.002750862	0.026243169	0.0	44.27778	0.026243169	1.3121584430336952e-06	14.770541	1.940636	18.097792	4.9466558	0.0001901796	0.00903992	0.05084147	-0.05481709	-1.06992415e-08	-0.008113034	-5.2154066e-11	1.917934e-06	452.80365	-86.02002	6.288091e-05	-3.7311765e-05	0.74174356	-0.020941436	19.0	0.6610776	0.0121950805	20000	14.996069431304932
5	68.465515	44.712574	236.0	13.0	2.1333115	11.04443	81.92138	0.0	68.465515	123.75831	0.005156596183776855	20.019394	1.3296294	21.668064	10.009238	0.0006867357	0.007691433	0.05951551	-0.06561236	5.4154086e-09	-0.0076634805	-2.4944544e-08	0.001528128	683.78687	-108.112976	77.54928	-7.0030518	0.7208021	-0.02762574	79.0	0.63951856	0.0031764356	24000	19.082197904586792
6	85.847824	45.070942	191.0	18.0	43.58678	106.893906	505.09692	0.0	85.847824	2128.7502	0.07602679443359375	24.250544	0.3079749	24.839499	22.085535	2.0834284	1.62705	6.6434746	-4.0345645	2.4404006e-08	-0.24122076	1.1670589e-07	-0.6268905	670.55035	-84.08771	6289.596	-818.17725	0.6931764	0.0083043575	5.0	0.62864333	0.024717651	28000	22.442370653152466
7	68.39655	38.575916	220.0	10.0	0.0060304906	0.045529205	0.34976846	0.0	68.39655	2129.1	0.06653437805175781	27.005985	0.7575148	27.650146	16.09774	11.986795	2.6467254	17.47098	-2.537598	6.3487015e-08	0.0040714084	1.8143653e-07	-0.019495962	431.694	-30.467255	149.79633	-62.500732	0.70148075	0.008597136	9.0	0.61240333	0.01452102	32000	25.774266958236694
8	65.459015	28.765629	168.0	27.0	0.0	0.0	0.0	0.0	65.459015	2129.1	0.059141669379340275	28.057102	1.9673234	29.013584	4.563955	9.518176	2.8395972	15.433755	-3.1605234	-2.7720766e-08	-0.007694872	-9.059906e-08	-0.036913484	315.20532	-11.855438	98.47582	-55.791718	0.7100779	0.00868988	34.0	0.6110129	0.012826984	36000	29.28310799598694
9	54.410957	21.810413	134.0	21.0	0.0	0.0	0.0	0.0	54.410957	2129.1	0.05322750244140625	28.0743	2.925515	29.58503	-7.8216686	5.899434	1.5596143	10.993529	-0.34714907	5.9137303e-08	-0.00082023186	1.3875962e-07	0.004846663	218.9146	-31.615051	36.95908	-19.239141	0.71876776	0.0043672323	79.0	0.6098307	0.0035107934	40000	32.99091076850891
10	55.52778	22.525278	111.0	19.0	0.0	0.0	0.0	0.0	55.52778	2129.1	0.04838863858309659	25.055277	8.654694	29.497913	-25.693565	3.953841	1.5477128	8.525938	-1.7838275	1.3247361e-08	-0.0013436285	2.002716e-08	0.0044361525	201.52325	-3.4144592	18.019918	-9.803279	0.723135	0.0013023019	79.0	0.603779	0.004246519	44000	33.991328716278076
11	64.83607	26.154133	172.0	21.0	0.0	0.0	0.0	0.0	64.83607	2129.1	0.04435625203450521	26.299578	7.835183	29.599653	-27.140379	2.7049036	1.4495034	7.74324	-2.942126	2.6787703e-08	-0.0022396813	2.0980835e-08	-0.00172424	279.67	-9.399078	9.345955	-5.7298636	0.7244373	0.002098024	79.0	0.60704225	0.004253528	48000	37.660019636154175
12	64.32258	24.939137	123.0	21.0	0.0	0.0	0.0	0.0	64.32258	2129.1	0.040944232647235575	27.249596	7.789394	30.08739	-25.402796	1.4686345	1.4467438	6.146926	-4.801711	9.341207e-09	-0.002374189	2.6464463e-08	0.00024899936	271.78043	-8.715881	4.242933	-2.4690566	0.7265353	0.00051289797	79.0	0.59628636	0.0029270255	52000	41.39703941345215
13	77.23529	31.54616	174.0	31.0	0.0	0.0	0.0	0.0	77.23529	2129.1	0.03801964460100447	29.408546	3.8945305	30.332815	-19.223522	0.9354615	1.2182204	5.6589966	-4.445593	1.4477949e-08	-0.0027730009	3.6358834e-08	-0.006676985	381.4842	-10.677124	2.3473563	-1.3716967	0.7270482	0.0016711354	79.0	0.5963806	0.008075901	56000	45.072054624557495
14	61.16923	20.768742	123.0	31.0	0.0	0.0	0.0	0.0	61.16923	2129.1	0.035485001627604165	30.883274	2.519755	31.301771	-14.7479	0.36807984	0.7954123	3.809511	-4.144607	-5.7986855e-09	-0.0017170126	-1.4901161e-08	0.00542819	262.7242	-5.265625	0.76928556	-0.36671433	0.72871935	-0.0028820634	79.0	0.58257985	0.003640142	60000	48.799057960510254
15	75.113205	29.601542	170.0	19.0	0.085022226	0.50212467	3.593453	0.0	75.113205	2133.6062	0.03333759689331055	29.804033	3.4654627	30.535246	-15.139645	0.16776188	1.1052114	4.3816137	-5.101417	-2.0616135e-08	-0.0023365861	1.0728836e-09	0.0041150944	348.97336	-4.6416626	1.6710997	-0.6949944	0.7258373	-0.0040525794	79.0	0.58835125	0.0053799017	64000	52.639509439468384
16	88.0	33.16826	175.0	26.0	0.15344018	1.0178071	6.904808	0.0	88.0	2140.511	0.03147810274011949	30.588219	2.998081	31.146296	-16.944613	0.21431522	0.82990664	3.1932356	-3.900673	3.5835475e-09	-0.0015957623	5.2452087e-09	0.0050910376	417.9726	-16.76773	1.4887271	-0.49902612	0.7217847	-0.004243791	79.0	0.5962865	0.0049334755	68000	56.4343318939209
17	99.6	34.302917	190.0	52.0	0.0	0.0	0.0	0.0	99.6	2140.511	0.029729319254557292	31.81745	3.5636055	32.71836	-4.6985188	0.2566098	0.6201432	2.9156344	-2.059046	2.722209e-09	-0.0038290555	2.861023e-09	-0.0007971452	451.41614	-30.493713	0.45099965	-0.1506119	0.7175409	-0.0033980012	79.0	0.59062827	0.0037009087	72000	60.2544801235199
18	99.55	33.19936	204.0	36.0	0.0914637	0.40993148	2.5900838	0.0	99.55	2144.1697	0.028212758917557566	34.516575	2.4760997	34.77531	-18.130116	0.15648925	0.6188062	2.339427	-1.757184	-5.17092e-09	-0.002792674	-2.5629998e-09	8.7691515e-05	438.7053	-10.386658	0.44473988	-0.06464356	0.7141429	-0.005115092	79.0	0.5883336	0.003716169	76000	64.00140166282654
19	97.07317	27.575521	190.0	29.0	4.124374	13.111636	77.968506	0.0	97.07317	2313.2688	0.028915859985351563	35.74235	3.0079525	36.04105	-20.529259	0.07091336	0.6926777	3.5158715	-1.8682704	-6.878018e-08	-0.015997568	-1.3148785e-07	-0.08169788	386.313	-3.337799	82.378105	-8.983421	0.7090278	-6.169081e-05	7.0	0.5860098	0.018000282	80000	64.68079614639282
20	73.51852	26.87677	143.0	17.0	0.04512067	0.3284835	2.4365163	0.0	73.51852	2315.7053	0.027567920503162202	36.529408	1.2149309	36.65448	5.90548	1.7740022	1.0519547	6.557894	-3.1575294	-9.1105523e-10	-0.002369783	-1.1444092e-08	0.00820129	335.6344	-9.242065	4.0923905	-3.4522707	0.70896614	-0.004140973	79.0	0.5830663	0.0054239756	84000	69.06762456893921
21	91.46512	26.778461	184.0	57.0	0.12874155	0.8343406	5.5358863	0.0	91.46512	2321.2412	0.026377741033380683	35.486607	0.035405442	35.521854	35.293102	0.6460557	0.6726695	3.7332919	-0.8457922	4.5703725e-09	-0.001586276	-9.536744e-10	0.0032376398	372.96045	-0.5932007	1.0068519	-0.425305	0.70482516	-0.006580591	79.0	0.58128417	0.0020119285	88000	73.11803841590881
22	92.25581	31.310219	228.0	50.0	0.23498212	1.1294914	7.419061	0.0	92.25581	2331.3455	0.025340711510699727	35.704117	0.03198358	35.731445	35.481438	0.22247843	0.61763984	3.0463984	-1.8267763	4.5502744e-09	-0.0025197975	1.847744e-09	0.00044482425	397.93262	-0.9573059	0.7748446	-0.0584172	0.6982446	-0.00554806	79.0	0.58400166	0.0042814743	92000	76.84262990951538
23	85.695656	20.363937	139.0	27.0	1.3291367	4.4248075	24.547997	0.0	85.695656	2392.4858	0.024921727498372397	36.091675	0.022624288	36.111454	35.973312	0.21509844	0.6230745	3.021588	-1.4090265	4.3361443e-09	-0.0032999949	-1.9669533e-09	0.0019772064	320.3642	-1.1030579	8.971021	-0.65878963	0.6926965	-0.007171929	79.0	0.5774993	0.0072692954	96000	80.73960542678833
24	99.1	28.589159	193.0	46.0	1.7731308	4.2012157	15.210961	0.0	99.1	2463.4111	0.024634111328125	35.539696	1.7957555	35.70112	-6.0615077	0.92642677	0.91200763	4.3974156	-2.6931221	1.2916784e-08	-0.0046241074	-1.180172e-08	-0.017652566	400.29578	-4.1974487	7.964324	-0.23664331	0.6855246	0.009841859	79.0	0.5734104	0.0047342284	100000	84.93061089515686
