Epoch	AverageEpRet	StdEpRet	MaxEpRet	MinEpRet	AverageEpCost	StdEpCost	MaxEpCost	MinEpCost	EpLen	CumulativeCost	CostRate	AverageVVals	StdVVals	MaxVVals	MinVVals	AverageCostVVals	StdCostVVals	MaxCostVVals	MinCostVVals	LossPi	DeltaLossPi	SurrCost	DeltaSurrCost	LossV	DeltaLossV	LossVC	DeltaLossVC	Penalty	DeltaPenalty	StopIter	Entropy	KL	TotalEnvInteracts	Time
0	15.888712	9.811921	68.0	4.0	0.4900606	1.7175897	20.833538	0.012001413	15.888712	308.30655	0.030830655	-0.0042162584	0.11448614	0.48958746	-0.52475965	0.0038138845	0.1519291	0.59849703	-0.6730328	-1.6784668e-07	-0.017091453	-6.866455e-09	0.011565588	175.63686	-21.927994	4.694163	-0.5808182	0	0	5.0	0.9189385	0.017146543	10000	10.381378650665283
1	19.821428	12.068417	85.0	4.0	0.7991415	2.388631	19.306004	0.003436626	19.821428	711.0792	0.035553962	1.0817834	0.13958931	1.6008633	0.39930406	0.6388008	0.15758564	1.3031846	-0.015518939	-5.9509276e-08	-0.018967286	1.8310548e-08	0.02443341	224.28165	-75.22069	6.8475733	-0.48021364	0	0	7.0	0.9171799	0.017753731	20000	20.695778846740723
2	27.994383	17.110184	99.0	7.0	2.146981	4.374499	24.657393	0.0066997455	27.994383	1475.6064	0.04918688	4.976369	0.82373214	7.579652	0.2452479	1.1502731	0.4097626	2.700186	-0.6790125	-4.8828124e-08	-0.013713905	3.6621095e-08	0.043057054	293.11646	-108.018585	17.801132	-2.5977573	0	0	8.0	0.9148964	0.013743128	30000	29.220250368118286
3	34.53979	20.403694	109.0	7.0	3.968391	5.9784575	35.38783	0.012207552	34.53979	2622.486	0.06556215	10.831191	0.4068471	11.664199	6.69065	2.6814208	0.25165823	3.7047226	1.3239686	-3.5858154e-08	-0.012570001	1.2207031e-08	0.057495993	265.94217	-62.27002	23.65673	-2.210617	0	0	10.0	0.9127839	0.013238603	40000	39.59600281715393
4	47.889423	22.182207	118.0	9.0	6.9991302	6.945336	31.744495	0.02638117	47.889423	4080.6223	0.081612445	15.129072	0.55527455	16.35255	10.808216	4.101338	0.3529306	4.943125	0.83359224	-3.5858154e-08	-0.01636357	1.8310548e-08	0.047500584	298.5069	-55.96324	25.209429	-1.9605198	0	0	79.0	0.91040385	0.006471492	50000	50.66509175300598
5	66.77853	28.593153	151.0	12.0	9.973921	7.409399	31.71871	0.02583527	66.77853	5570.6133	0.092843555	18.229609	2.01019	20.384699	-0.67918456	5.4469585	0.32419503	6.0906563	2.3665547	-2.4414062e-08	-0.01428209	0.0	0.03898739	453.1905	-79.1626	24.915321	-0.925251	0	0	79.0	0.90810966	0.0064085717	60000	59.828922748565674
6	85.72414	36.490097	206.0	27.0	12.573416	6.4606733	28.144337	0.07880412	85.72414	7034.3086	0.10049012	21.540657	2.5879123	23.344862	-9.919355	6.3237123	0.45670366	7.021151	1.75666	-7.6293944e-08	-0.008208947	-3.051758e-08	0.01770548	606.1081	-89.1109	19.480062	-0.43566322	0	0	79.0	0.90515107	0.0044971546	70000	70.92261791229248
7	119.0119	63.78993	329.0	41.0	14.878332	5.441419	33.541553	4.2995977	119.0119	8284.091	0.103551134	24.752047	3.0823736	26.14909	-15.08027	6.77156	0.550589	7.7309327	2.385962	-3.3569336e-08	-0.005983651	-1.525879e-08	0.0070934757	1049.5244	-137.91412	17.780502	-0.24230194	0	0	79.0	0.9004683	0.0035421967	80000	81.96763157844543
8	153.46875	76.992485	481.0	36.0	16.732685	8.473695	38.44868	1.9792098	153.46875	9356.835	0.103964835	28.275806	2.474507	29.277527	-9.958274	6.5352592	0.5633847	7.4303617	2.3880868	-2.4414062e-08	-0.005256714	3.051758e-08	0.008681756	1238.524	-144.84387	21.0242	-0.69705963	0	0	79.0	0.91322225	0.0025467635	90000	91.08605909347534
9	183.0	97.54524	515.0	34.0	18.307833	8.622713	42.962753	0.5351028	183.0	10358.877	0.10358877	31.156559	3.2160757	32.20915	-14.069477	6.400874	0.75594807	8.585749	1.791451	9.765625e-08	-0.0053924075	-2.4414062e-08	0.0030204651	1387.901	-145.67224	19.927752	-0.6740322	0	0	79.0	0.9193854	0.0035921752	100000	102.08548641204834
10	265.80554	193.23271	799.0	54.0	19.694485	9.471209	36.400036	1.7461028	265.80554	11075.245	0.10068405	34.30606	2.7470248	34.93515	-15.162678	6.4357586	0.50723785	7.4798455	3.0117702	-3.5476685e-08	-0.005504348	6.1035155e-09	0.0029571962	2053.645	-212.18787	20.54821	-2.966711	0	0	79.0	0.9306003	0.0026710716	110000	113.40569472312927
11	381.46155	304.2909	1000.0	58.0	18.651554	9.106021	39.467773	4.8118906	381.46155	11561.317	0.096344315	37.822693	0.4388258	37.90647	12.535059	4.7480874	0.49700484	5.8094454	2.3558362	-5.493164e-08	-0.004230774	-6.1035155e-09	-0.003207544	2328.184	-225.91016	14.941056	-2.0745592	0	0	79.0	0.9217181	0.0035502857	120000	122.51859164237976
12	777.0833	336.26315	1000.0	116.0	18.126242	10.57733	37.110905	1.7061121	777.0833	11792.371	0.09071055	40.679405	0.25033057	40.775726	28.76662	3.1959884	0.7356685	5.0355844	0.5171494	4.5776368e-08	-0.0060185515	0.0	0.0033470185	2824.118	-297.7256	7.3633094	-2.017095	0	0	79.0	0.9199613	0.0043569016	130000	133.64331674575806
13	867.9091	262.74823	1000.0	289.0	17.695871	6.237481	32.51429	11.40758	867.9091	11992.552	0.08566108	43.743526	0.028497659	43.772938	43.24805	2.0086298	0.16161704	2.405012	1.1678978	2.532959e-07	-0.0027892163	0.0	0.0006510269	2565.2483	-243.42505	3.7094035	-0.08434677	0	0	79.0	0.9285552	0.00319576	140000	144.81912302970886
14	858.2727	300.66595	1000.0	213.0	14.541156	6.7052174	29.047083	7.2897406	858.2727	12160.996	0.08107331	46.325413	0.017938972	46.35111	46.202168	1.7546072	0.15837057	2.186913	0.9702053	-1.7089843e-07	-0.0020609528	-6.1035155e-09	-0.0013972321	2360.7568	-208.61768	3.478689	-0.20186782	0	0	79.0	0.9416939	0.0025335255	150000	153.90795612335205
15	864.63635	252.35266	1000.0	182.0	11.747369	6.5710983	23.861292	4.27195	864.63635	12295.891	0.07684932	48.6222	0.011770376	48.637844	48.529873	1.6070198	0.40645713	2.6827404	0.23700355	1.4953613e-07	-0.0052360976	4.577637e-09	0.0018287201	2144.6213	-177.14734	2.0119734	-0.20120966	0	0	79.0	0.9337558	0.0040202574	160000	165.04359555244446
16	870.5455	198.54167	1000.0	393.0	18.96894	8.373494	32.126144	6.869326	870.5455	12512.6	0.073603526	50.684784	0.010350056	50.699528	50.60001	1.2482818	0.3206331	2.2720969	0.13645515	1.8310548e-08	-0.0023688814	-1.2207031e-08	-0.0020483064	1939.7668	-149.44519	4.3417916	-0.28248787	0	0	79.0	0.9403991	0.003309097	170000	176.1154022216797
17	946.7	119.4471	1000.0	613.0	10.907532	3.4362295	16.39752	4.579137	946.7	12631.825	0.07017681	52.549736	0.008525414	52.5613	52.445923	1.6570467	0.39155605	2.7782342	-0.04892499	-6.2179566e-08	-0.0029709195	-6.711483e-09	0.0015812228	1861.1486	-147.19421	1.3768715	-0.3610052	0	0	79.0	0.9662553	0.004291475	180000	184.73182821273804
18	738.61536	266.234	1000.0	280.0	25.440268	16.11731	55.564186	5.001262	738.61536	12972.342	0.06827548	54.37499	0.014643552	54.38666	53.680996	1.1678445	0.29346955	2.124755	-0.26811418	-9.765625e-08	-0.0036155703	-6.1035155e-09	-0.0029764953	1578.1685	-107.82446	15.095322	-2.5137978	0	0	79.0	0.9548758	0.0032212203	190000	195.89877200126648
19	881.5455	251.3561	1000.0	334.0	15.284992	6.9121184	26.316856	4.1360826	881.5455	13144.762	0.06572381	55.945168	0.0075119957	55.956	55.859493	2.5973213	0.5137026	4.343846	0.574293	3.5476685e-08	-0.0032476794	2.4414062e-08	-0.0006386581	1583.242	-121.42639	3.451821	-0.8921366	0	0	79.0	0.9581531	0.0021010803	200000	207.0827968120575
20	1000.0	0.0	1000.0	1000.0	9.077647	4.33152	17.608652	2.379612	1000.0	13235.538	0.06302637	57.586693	0.005438073	57.595566	57.55094	1.5626469	0.4045669	2.7504058	0.36037025	-1.1692047e-07	-0.0014852964	-4.577637e-09	0.0030956669	1531.3054	-124.15344	1.2342975	-0.5465935	0	0	79.0	0.935056	0.004316938	210000	217.11723470687866
21	726.2308	347.35645	1000.0	202.0	17.445084	5.271173	30.05336	7.1586056	726.2308	13473.487	0.061243124	59.250374	0.0029571473	59.256542	59.234833	1.0085293	0.21344158	1.944736	0.38281465	3.967285e-08	-0.002205072	-6.1035155e-09	-0.004199768	1304.313	-88.957275	4.970094	-1.2320662	0	0	79.0	0.9256434	0.00269553	220000	228.3037874698639
22	1000.0	0.0	1000.0	1000.0	13.363464	5.7675586	21.80402	3.755185	1000.0	13607.122	0.0591614	60.672024	0.0031333517	60.677742	60.655407	1.8291514	0.5599819	3.6497009	0.21138701	2.6416778e-08	-0.0016942132	3.0517577e-09	-0.0033598298	1316.6426	-106.46655	1.395103	-0.234483	0	0	79.0	0.9300632	0.0038056786	230000	239.217294216156
23	908.9091	272.91974	1000.0	47.0	10.495041	6.376504	26.337551	1.0953819	908.9091	13722.576	0.057177402	62.203526	0.01128917	62.21281	61.65205	1.0177695	0.5144964	2.863468	-1.4483929	-8.8500975e-08	-0.0047278227	3.0517577e-09	-0.0015866547	1213.309	-94.67041	1.5797961	-0.30754495	0	0	79.0	0.9530168	0.0054075317	240000	247.35948729515076
24	1000.0	0.0	1000.0	1000.0	6.3765464	2.1935804	10.01704	3.5829208	1000.0	13786.342	0.055145368	63.6703	0.00307894	63.675903	63.651306	1.0194365	0.14442822	1.5659263	0.5371954	-3.2901763e-08	-0.0016133148	-7.6293943e-10	0.00027261657	1123.5367	-92.7688	0.38672477	-0.17009474	0	0	79.0	0.94912726	0.0033568672	250000	257.7138743400574
25	928.6	148.36388	1000.0	553.0	15.488726	4.8335543	22.600025	7.75222	928.6	13953.594	0.05366767	65.11506	0.014295617	65.124794	64.542175	0.52109	0.21670723	1.1428528	-0.572915	-1.1291504e-07	-0.001357605	9.155274e-09	-0.001057724	1014.5878	-78.33862	3.6905024	-0.9764607	0	0	79.0	0.96380496	0.0019482746	260000	267.7025828361511
26	1000.0	0.0	1000.0	1000.0	8.275787	4.7765164	18.512203	3.0792212	1000.0	14036.352	0.051986486	66.461716	0.004390415	66.46913	66.422585	1.4401916	0.16063069	1.998642	0.7276292	-3.6153793e-07	-0.00096027594	0.0	0.0004622589	957.5115	-80.50525	1.1769398	-0.40509367	0	0	79.0	0.9689475	0.0027621998	270000	275.5799639225006
27	1000.0	0.0	1000.0	1000.0	9.020801	3.2669296	16.88464	4.6295605	1000.0	14126.56	0.050451998	67.824814	0.0031784638	67.830795	67.8057	0.8142566	0.09245409	1.0779243	0.43652686	-8.881569e-07	-0.0019725452	1.5258789e-09	-0.00035501708	881.2724	-75.3598	0.8843312	-0.019164443	0	0	79.0	0.9511957	0.0036602037	280000	285.6816716194153
28	1000.0	0.0	1000.0	1000.0	7.985526	2.540431	11.8450165	4.633109	1000.0	14206.415	0.04898764	69.154396	0.003091327	69.16	69.13385	0.81386864	0.12116989	1.2086302	0.33476692	-7.724762e-08	-0.0014675714	-7.6293943e-10	-2.075348e-05	809.93646	-70.16449	0.35179198	-0.013957292	0	0	79.0	0.93562984	0.0031917293	290000	296.04881978034973
29	1000.0	0.0	1000.0	1000.0	15.741339	4.7805634	24.113506	9.100223	1000.0	14363.828	0.047879428	70.4466	0.003932708	70.45217	70.4037	0.7264758	0.17848071	1.371009	0.054516204	-4.2295457e-07	-0.0021439097	6.1035155e-09	0.0020965363	743.4844	-65.34326	2.806383	-0.39118028	0	0	79.0	0.9442514	0.003959494	300000	304.9235005378723
30	858.9091	299.32938	1000.0	214.0	15.891209	5.429013	24.829643	6.894256	858.9091	14550.081	0.046935745	71.7022	0.006906832	71.70799	71.393394	1.3781974	0.24523555	2.18923	0.58925164	-4.8828124e-08	-0.0014406891	-1.0681152e-08	-0.0033817429	678.854	-53.219788	2.4042163	-0.07013345	0	0	8.0	0.9407592	0.01269671	310000	311.4841833114624
31	1000.0	0.0	1000.0	1000.0	9.878429	3.108825	16.853615	5.9667244	1000.0	14648.865	0.045777705	72.852486	0.0025029376	72.85729	72.83143	1.5685905	0.27860582	2.5085576	0.5207489	-6.0367586e-07	-0.0009597126	-9.155274e-09	5.9307862e-05	627.3652	-56.715393	1.0075365	-0.4114998	0	0	79.0	0.9421434	0.0019498597	320000	321.76593828201294
32	965.4	103.799995	1000.0	654.0	11.613338	3.5088506	19.907349	8.724712	965.4	14772.026	0.044763718	74.0406	0.0024510997	74.045	74.01813	0.9514043	0.16281801	1.5360003	0.38795096	-1.159668e-07	-0.0042432128	4.577637e-09	0.000748381	571.9861	-49.114502	0.9884588	-0.011233211	0	0	79.0	0.93468845	0.0047907396	330000	329.1685993671417
33	972.2	83.399994	1000.0	722.0	16.417612	7.50051	32.652443	9.561982	972.2	14939.417	0.04393946	75.16443	0.0036945725	75.16882	74.98305	1.053499	0.1607721	1.5916631	0.4576645	6.1035155e-09	-0.0033220565	-1.2207031e-08	-0.00808016	525.8848	-45.523926	3.3656325	-0.2546594	0	0	7.0	0.93323565	0.018254995	340000	334.9453308582306
34	1000.0	0.0	1000.0	1000.0	5.12321	1.2780755	7.9200516	3.5912328	1000.0	14990.648	0.042830423	76.25704	0.0012879864	76.25975	76.24903	1.2316742	0.3301986	2.3292797	0.3407676	1.4200211e-07	-0.001460113	-5.340576e-09	-0.00026095274	479.8789	-46.201416	0.7654977	-0.5861553	0	0	79.0	0.9346191	0.0026071847	350000	339.3006420135498
35	1000.0	0.0	1000.0	1000.0	4.164848	1.8025479	8.461922	2.106241	1000.0	15032.297	0.04175638	77.36564	0.0011693251	77.36827	77.35781	0.51855695	0.12705289	0.9394212	0.0796254	-1.2683869e-07	-0.0016545673	7.6293943e-10	0.0010885359	436.1133	-43.07263	0.17302722	-0.033204824	0	0	79.0	0.92447287	0.0040338896	360000	345.5914497375488
36	1000.0	0.0	1000.0	1000.0	9.722283	2.7014418	14.663477	5.7264233	1000.0	15129.5205	0.040890597	78.45027	0.001430327	78.453156	78.44023	0.3950215	0.088954166	0.6728603	0.043420937	1.1221886e-06	-0.002655362	-3.0517577e-09	0.00040404053	395.31714	-39.894928	1.1617072	-0.19166869	0	0	79.0	0.9217061	0.0031273635	370000	351.76335644721985
37	1000.0	0.0	1000.0	1000.0	9.919232	5.4503675	24.136976	2.6200516	1000.0	15228.713	0.04007556	79.506226	0.0014593896	79.50906	79.493164	0.8374457	0.0634661	1.0719035	0.5375386	1.7242432e-07	-0.0016779869	1.5258789e-09	-9.589386e-05	357.52216	-36.899475	1.5378478	-0.020044923	0	0	79.0	0.920311	0.00537534	380000	357.91687059402466
38	1000.0	0.0	1000.0	1000.0	11.059708	3.6988745	15.801431	3.6085286	1000.0	15339.31	0.039331563	80.53465	0.0010486009	80.53686	80.527664	0.92245936	0.07534208	1.1617023	0.5938825	6.1903e-07	-0.0021370044	1.001358e-09	-0.0014827752	322.54333	-34.071625	0.8489703	-0.05189705	0	0	79.0	0.918448	0.004662133	390000	364.0914795398712
39	964.2	107.4	1000.0	642.0	9.069336	3.9227114	16.57788	4.172685	964.2	15436.026	0.038590066	81.53418	0.0021989224	81.53637	81.41943	0.99589837	0.15875113	1.5105395	0.25250912	-2.4414062e-08	-0.0033581725	-3.0517577e-09	-0.0014994354	303.18204	-28.0141	0.9809242	-0.02054596	0	0	79.0	0.95168614	0.0038730751	400000	368.2903664112091
40	1000.0	0.0	1000.0	1000.0	5.8557396	2.750594	10.930976	2.8767488	1000.0	15494.584	0.03779167	82.45635	0.00081234507	82.458244	82.45118	0.8721361	0.09538237	1.1984773	0.5369379	-1.2845993e-07	-0.0018906866	2.0980835e-09	0.00010736408	262.00034	-28.916733	0.4266122	-0.09883261	0	0	79.0	0.97147155	0.004251962	410000	374.52898049354553
41	1000.0	0.0	1000.0	1000.0	7.353781	2.5238028	12.01743	3.8501072	1000.0	15568.121	0.037066955	83.39915	0.0008655827	83.40088	83.39238	0.5625793	0.121526346	0.9794574	0.15868123	4.163742e-07	-0.0012750127	-2.2888185e-09	0.0011658181	234.5973	-26.732498	0.29791778	-0.010106057	0	0	79.0	0.97795177	0.002977279	420000	380.64071702957153
42	975.6	73.2	1000.0	756.0	15.9848995	4.63908	28.371826	11.563316	975.6	15732.377	0.03658692	84.32104	0.0011692632	84.32365	84.31301	0.65791315	0.188124	1.3146971	0.15829846	6.1035155e-09	-0.0035901626	-2.1362304e-08	-0.0002605652	227.8977	-21.393524	2.178925	-0.6161376	0	0	79.0	0.99527156	0.009784438	430000	386.7620780467987
43	1000.0	0.0	1000.0	1000.0	8.198319	3.6010103	18.295727	5.7292933	1000.0	15814.359	0.035941727	85.161415	0.0008686272	85.16322	85.15333	1.4331666	0.17173716	1.9685152	0.85530835	3.2787324e-07	-0.0021698384	-2.670288e-09	0.00018895265	187.43382	-22.37767	0.7170541	-0.3833874	0	0	79.0	1.0254195	0.0040399055	440000	392.58369159698486
44	1000.0	0.0	1000.0	1000.0	9.041823	2.8989089	14.278558	5.5544	1000.0	15904.778	0.035343952	86.02625	0.0008297593	86.02799	86.02124	0.811575	0.121792495	1.1989987	0.4316162	4.9972535e-08	-0.0027160866	0.0	0.0017429955	166.22078	-20.550125	0.8880611	-0.026413262	0	0	79.0	1.012475	0.0052813753	450000	396.5496275424957
45	910.9	267.3	1000.0	109.0	15.247233	5.8691044	28.033882	9.660356	910.9	16070.992	0.03493694	86.87104	0.0007006941	86.872955	86.86653	0.9364412	0.19788903	1.7075865	0.2595665	-6.103516e-08	-0.0013313477	0.0	-0.009946016	173.17438	-16.744492	3.705085	-0.4199581	0	0	5.0	1.0115614	0.01406329	460000	401.9268503189087
46	1000.0	0.0	1000.0	1000.0	4.582673	1.980892	8.085619	2.1972039	1000.0	16116.818	0.034291103	87.64711	0.0006800146	87.648735	87.64287	1.142859	0.48489738	2.8410935	-0.27881473	-7.9565046e-07	-0.0018422768	-7.629395e-09	0.0021099062	129.89682	-16.901535	0.8565916	-0.6046682	0	0	79.0	1.0117755	0.004183072	470000	407.8859808444977
47	944.4	166.79999	1000.0	444.0	12.091487	5.3054953	22.363443	5.1923537	944.4	16248.119	0.03385025	88.434425	0.00078043994	88.43648	88.42913	0.5417079	0.28506464	1.8425999	-0.33169296	3.6621095e-08	-0.0018884125	-1.525879e-08	-0.003591702	140.4867	-12.745857	2.1989098	-0.33894575	0	0	6.0	1.0104709	0.017728103	480000	413.33754086494446
48	1000.0	0.0	1000.0	1000.0	6.0653625	3.251972	14.851326	2.3866596	1000.0	16308.772	0.033283208	89.13503	0.0008444768	89.136856	89.12981	0.9239786	0.3620629	2.0446317	-0.28081	3.6010744e-07	-0.0029757286	7.6293943e-10	0.00025945663	100.4889	-13.823814	0.5622752	-0.17273784	0	0	79.0	1.0087746	0.004945875	490000	419.22121834754944
49	1000.0	0.0	1000.0	1000.0	4.7669907	1.5977387	8.590653	3.1643193	1000.0	16356.442	0.032712884	89.86865	0.00072078675	89.8702	89.86356	0.5670481	0.23429982	1.2755477	-0.17394562	1.0006904e-06	-0.0014136021	3.8146972e-10	0.0005999168	87.376976	-12.514053	0.23017952	-0.047660753	0	0	79.0	0.99633217	0.0035880578	500000	425.03786516189575
50	1000.0	0.0	1000.0	1000.0	4.374318	1.2121981	6.2777324	1.7723062	1000.0	16400.186	0.032157227	90.582115	0.0005796609	90.58369	90.57842	0.42701748	0.14281024	0.9629319	-0.013242548	-1.3828277e-07	-0.001903346	-1.5258789e-09	-0.0016934166	75.50419	-11.146996	0.18010917	-0.0032086223	0	0	79.0	0.986576	0.0054619187	510000	428.97150349617004
51	1000.0	0.0	1000.0	1000.0	3.3561878	1.1527326	4.880959	1.6468078	1000.0	16433.748	0.031603362	91.26622	0.00068138924	91.26797	91.262146	0.31880236	0.1356517	0.7453466	-0.18899202	4.9209596e-08	-0.0016086346	1.9073487e-09	0.00037297286	64.93288	-9.886784	0.0965762	-0.007819653	0	0	79.0	0.9647768	0.003938694	520000	434.78318524360657
52	1000.0	0.0	1000.0	1000.0	4.4955544	1.4002876	6.487831	2.0477	1000.0	16478.703	0.031091893	91.9219	0.00060406874	91.92354	91.917984	0.32364613	0.10660529	0.7739924	-0.0856205	-7.314682e-08	-0.0010371518	-1.5258789e-09	0.0011804836	55.54945	-8.726868	0.23382556	-0.007695347	0	0	79.0	0.95789427	0.0028257328	530000	440.6516764163971
53	1000.0	0.0	1000.0	1000.0	5.498947	2.3909388	11.611337	3.0932155	1000.0	16533.691	0.030617947	92.54834	0.0006503826	92.54985	92.543945	0.3597791	0.10097669	0.689316	0.027212236	3.8757324e-07	-0.0013919349	2.670288e-09	-3.937912e-06	47.26813	-7.6652374	0.31734863	-0.010098219	0	0	79.0	0.9445047	0.0028432703	540000	446.5231876373291
54	1000.0	0.0	1000.0	1000.0	7.7648363	5.0351696	21.279118	2.2907627	1000.0	16611.34	0.030202435	93.14572	0.00073206064	93.1472	93.13982	0.45159853	0.10554435	0.7984145	0.10617185	2.2192002e-07	-0.0010667773	2.2888185e-09	0.0005087681	39.993145	-6.6971283	0.8229872	-0.035565495	0	0	79.0	0.9429525	0.0032941329	550000	452.41649985313416
55	1000.0	0.0	1000.0	1000.0	6.189354	2.1200135	8.150487	1.361203	1000.0	16673.234	0.029773632	93.714066	0.0006698622	93.71571	93.70994	0.6381969	0.104432866	1.0897161	0.26558757	3.8433075e-08	-0.0026148884	3.0517577e-09	0.0012313782	33.63543	-5.818489	0.29033056	-0.015282601	0	0	79.0	0.9214866	0.0052487506	560000	456.31230068206787
56	1000.0	0.0	1000.0	1000.0	6.7781653	2.496724	10.867726	2.5393949	1000.0	16741.016	0.029370204	94.25368	0.00056727487	94.25503	94.24936	0.5523966	0.08589193	0.8601321	0.22771077	4.644394e-08	-0.0020774892	3.8146974e-09	6.684189e-05	28.10884	-5.0246964	0.3490962	-0.0044685304	0	0	79.0	0.91029453	0.0045207352	570000	462.097758769989
57	1000.0	0.0	1000.0	1000.0	7.0615416	2.188644	10.880522	4.687766	1000.0	16811.63	0.028985571	94.764114	0.00054676825	94.76542	94.76084	0.5879567	0.09736428	0.9702693	0.22685729	-5.307198e-07	-0.0011367686	3.0517577e-09	-0.00056745793	23.336884	-4.3120155	0.39010724	-0.010870218	0	0	79.0	0.9323604	0.0023478635	580000	468.01786971092224
58	1000.0	0.0	1000.0	1000.0	5.5587173	1.0970883	7.13105	3.5166426	1000.0	16867.219	0.028588505	95.24573	0.00050645036	95.247086	95.24324	0.5948826	0.124689355	1.0571768	0.1403682	-2.3050308e-07	-0.0018312335	0.0	0.00096110365	19.240973	-3.6758194	0.22256933	-0.008722603	0	0	79.0	0.92797875	0.0042001433	590000	473.8685221672058
59	1000.0	0.0	1000.0	1000.0	9.474547	4.8086405	18.896566	5.088334	1000.0	16961.965	0.028269941	95.69877	0.0005076965	95.69998	95.69596	0.5192937	0.18968117	1.0954691	-0.06958546	-8.110046e-07	-0.0012763883	-1.0681152e-08	-0.0014873459	15.748818	-3.1114712	1.2373426	-0.07163727	0	0	79.0	0.89733535	0.002836075	600000	479.7390990257263
60	1000.0	0.0	1000.0	1000.0	7.48734	3.394161	14.008708	3.4802992	1000.0	17036.838	0.027929243	96.12347	0.000521537	96.12485	96.119736	0.7585929	0.23629321	1.4524052	-0.14481561	3.894806e-07	-0.0012879488	1.5258789e-09	0.0013143386	12.792302	-2.6142035	0.59154433	-0.017148137	0	0	79.0	0.89876175	0.0031077513	610000	485.5268783569336
61	945.6	163.2	1000.0	456.0	12.361065	5.4196715	24.515022	6.1823044	945.6	17168.543	0.027691199	96.52019	0.0006793677	96.52157	96.51333	0.63924396	0.27472878	1.5575306	-0.23435305	-1.2207031e-08	-0.0012945893	1.7547608e-08	-0.002246862	52.735405	-1.0770264	1.900882	-0.24104726	0	0	5.0	0.88321316	0.015414548	620000	488.8383598327637
62	1000.0	0.0	1000.0	1000.0	10.404523	5.471889	22.851484	4.1850243	1000.0	17272.59	0.027416809	96.785965	0.0008964436	96.787636	96.78057	0.9558034	0.35736227	2.0731938	-0.25369167	-1.3914108e-07	-0.0013682754	0.0	0.0014515335	8.793524	-1.8607097	1.7692049	-0.21060765	0	0	79.0	0.88160574	0.0030296284	630000	494.37431240081787
63	953.0	141.0	1000.0	530.0	12.338164	6.24201	27.989992	4.7279105	953.0	17406.605	0.027197821	97.127556	0.0009732759	97.129486	97.1184	0.90495586	0.08464094	1.1772741	0.6120287	-6.1035155e-09	-0.0011826355	-3.0517577e-09	-0.004104538	50.61672	-0.64754486	1.6902639	-0.1976434	0	0	7.0	0.90282977	0.013167876	640000	499.5886929035187
64	1000.0	0.0	1000.0	1000.0	8.524615	2.3270984	13.012619	4.590409	1000.0	17491.852	0.026910542	97.34382	0.0008240118	97.345406	97.33815	1.1195364	0.1951086	1.7382604	0.46421266	-9.745598e-07	-0.0027047268	2.5272369e-09	-0.00081047136	6.006031	-1.3518434	0.86746854	-0.2053079	0	0	79.0	0.9041197	0.0062372168	650000	505.2036464214325
65	1000.0	0.0	1000.0	1000.0	14.753059	5.0232596	24.39275	7.0607176	1000.0	17639.383	0.026726337	97.64472	0.0009869878	97.646576	97.63884	0.78940624	0.08390593	1.0535408	0.46215478	5.347252e-07	-0.002497701	1.2207031e-08	-0.0010011246	4.722119	-1.1461012	2.1091917	-0.22264671	0	0	79.0	0.8858757	0.0045380434	660000	510.8377196788788
66	915.6	253.2	1000.0	156.0	10.422513	2.3510087	16.484585	8.303877	915.6	17754.082	0.02649863	97.93484	0.0017154628	97.93661	97.83345	1.1360964	0.38209236	2.537137	-0.2894723	-6.1035155e-09	-0.0017735566	6.866455e-09	-0.00345595	47.49519	-0.32900238	0.75939745	-0.08914238	0	0	13.0	0.86044717	0.01272638	670000	516.0777909755707
67	1000.0	0.0	1000.0	1000.0	8.883787	3.0957708	14.768212	3.7179425	1000.0	17842.92	0.026239589	98.099556	0.0007729659	98.10107	98.09514	1.0693804	0.087522835	1.3186034	0.7850569	3.411293e-07	-0.0017574902	4.9591065e-09	-5.633354e-05	3.0744245	-0.7636037	0.99703455	-0.11044657	0	0	79.0	0.8589161	0.004530795	680000	519.7521851062775
68	938.6	184.2	1000.0	386.0	14.68515	7.184609	27.479576	4.236473	938.6	18003.867	0.026092561	98.33975	0.0006424385	98.34129	98.33493	0.8298436	0.087228484	1.1310728	0.56518775	6.1035155e-09	-0.0020126402	1.8310548e-08	-0.00050354615	48.358475	-0.09171677	3.13337	-0.512434	0	0	79.0	0.84211147	0.003115913	690000	525.4204528331757
69	1000.0	0.0	1000.0	1000.0	18.2919	11.309459	42.393417	6.886549	1000.0	18186.787	0.025981124	98.43573	0.00061045034	98.436874	98.431725	1.4457022	0.38631472	2.6204875	0.16408095	5.208969e-07	-0.001382234	6.1035155e-09	-2.2227478e-05	2.082977	-0.5413375	4.6932154	-0.4832039	0	0	79.0	0.8560497	0.0031562098	700000	531.0152189731598
70	1000.0	0.0	1000.0	1000.0	10.657381	4.05283	19.353792	6.1623745	1000.0	18293.36	0.025765294	98.64297	0.0004941771	98.64397	98.63929	1.4926647	0.7825462	3.7863364	-0.7034351	-1.9130707e-07	-0.0015482344	-5.531311e-09	9.5859905e-05	1.5676172	-0.45110798	1.2204571	-0.3279069	0	0	79.0	0.8449368	0.0042534317	710000	536.8075284957886
71	813.8333	141.50667	1000.0	569.0	21.378042	9.798626	35.98922	4.7583494	813.8333	18554.162	0.02576967	98.8438	0.0010780791	98.84542	98.837585	1.1191015	0.8617937	3.9973805	-1.1095252	-3.8146974e-09	-0.003259262	2.2125244e-08	-0.00079654314	423.9517	-16.653229	4.79699	-1.5304897	0	0	79.0	0.84723	0.006524527	720000	542.4549462795258
72	941.1	176.7	1000.0	411.0	13.305399	3.8027718	20.942331	7.814284	941.1	18703.102	0.025620688	97.68945	0.0008696234	97.69111	97.682045	2.1358595	0.30820924	3.5653505	1.1569543	-3.0517577e-09	-0.0021421234	3.8146974e-09	-0.0005683514	49.283646	-0.109127045	2.3673177	-0.4879831	0	0	79.0	0.90382105	0.0028879123	730000	548.004921913147
73	1000.0	0.0	1000.0	1000.0	11.875952	6.4212	26.175047	3.668043	1000.0	18821.86	0.025434945	97.739876	0.0006643893	97.74119	97.7345	1.4227737	0.28527698	2.5169969	0.28044215	-7.4129105e-07	-0.0023416209	-1.2207031e-08	0.004702469	4.3482776	-1.2895639	1.8771333	-0.20514905	0	0	79.0	0.9085554	0.0056677633	740000	551.6087749004364
74	760.7692	247.57536	1000.0	311.0	26.284737	15.419135	67.36595	7.7548347	760.7692	19175.545	0.025567394	98.08641	0.0004837642	98.0875	98.08337	1.6812774	0.57719463	3.6525345	0.09923804	-5.340576e-09	-0.0014031334	-3.5095216e-08	-0.0068338993	321.71735	-7.488312	9.856112	-2.3862677	0	0	79.0	0.89847016	0.0046211863	750000	557.2470304965973
75	927.7	216.9	1000.0	277.0	14.100575	8.915056	33.371975	5.0425305	927.7	19325.84	0.025428737	97.28354	0.00078913255	97.28511	97.2753	2.3642938	1.0152129	6.25095	-1.7435608	9.155274e-09	-0.0022774504	0.0	-0.016384374	50.30022	-0.49645996	3.7044148	-1.1559687	0	0	5.0	0.8819066	0.017998507	760000	562.5361876487732
76	1000.0	0.0	1000.0	1000.0	5.9776425	2.5544288	10.9029045	2.4339423	1000.0	19385.615	0.025176123	97.456276	0.0007302509	97.45784	97.45089	0.9058834	0.43283308	2.3761923	-0.4674938	-8.420944e-08	-0.0016499478	7.6293943e-10	0.0018676413	5.507967	-1.7902584	0.76788765	-0.34240907	0	0	79.0	0.8818865	0.0031162323	770000	568.1237232685089
77	1000.0	0.0	1000.0	1000.0	4.7458334	1.4088392	6.685019	2.847926	1000.0	19433.074	0.024914198	97.887566	0.0006250631	97.88896	97.88425	0.6286658	0.20762412	1.5394506	-0.046302702	-2.7170182e-07	-0.0017050214	-3.8146974e-09	-0.0005159498	3.7987094	-1.3214447	0.22117195	-0.053591713	0	0	79.0	0.8700045	0.0037757466	780000	573.7556798458099
78	1000.0	0.0	1000.0	1000.0	5.3162904	1.6954811	8.362917	2.997974	1000.0	19486.236	0.024666121	98.273865	0.00064276543	98.27525	98.270645	0.46720785	0.13400097	0.9443016	0.040342383	2.7151108e-07	-0.001685665	1.9073487e-09	0.00047732657	2.5363433	-0.9097607	0.24169749	-0.017806724	0	0	79.0	0.8676626	0.0035081517	790000	577.461751461029
79	1000.0	0.0	1000.0	1000.0	4.200191	0.8118359	5.3745365	2.6663632	1000.0	19528.238	0.024410298	98.60082	0.00054092734	98.602234	98.598175	0.48147523	0.08758343	0.8906068	0.19845429	5.786896e-07	-0.0014723984	5.4836274e-10	0.0006430925	1.6665051	-0.6165383	0.14911422	-0.016156927	0	0	79.0	0.8444235	0.003546949	800000	583.0647807121277
80	1000.0	0.0	1000.0	1000.0	6.414399	1.4967755	9.0866165	4.5072017	1000.0	19592.383	0.024188127	98.875465	0.0005248075	98.87651	98.87211	0.42229688	0.08654435	0.74802357	0.16149834	4.8446657e-07	-0.0007974039	-6.7710877e-09	-0.00011766405	1.0764948	-0.4107818	0.28881577	-0.020979196	0	0	79.0	0.8336146	0.0014960427	810000	588.7687766551971
81	1000.0	0.0	1000.0	1000.0	6.7863107	2.552541	11.857719	4.208591	1000.0	19660.246	0.02397591	99.1039	0.00053398724	99.10509	99.101006	0.5327315	0.09689537	0.96703154	0.27486873	-1.914978e-07	-0.0015527145	-1.5258789e-09	0.001270694	0.6835487	-0.26900962	0.45583233	-0.011075586	0	0	79.0	0.83010757	0.0036515587	820000	594.3190515041351
82	906.8	194.22092	1000.0	412.0	6.51472	2.215913	11.18785	3.3957624	906.8	19732.69	0.023774324	99.292564	0.000580075	99.2938	99.28774	0.5832311	0.133163	0.96745646	0.10953903	7.534027e-09	-0.003787506	6.67572e-10	-0.0006638748	96.145676	-0.6422653	0.30920756	-0.0016787648	0	0	79.0	0.8346661	0.0041171205	830000	599.8883371353149
83	1000.0	0.0	1000.0	1000.0	5.825776	1.8130656	9.849821	2.6362653	1000.0	19790.947	0.02356065	99.021	0.00058142643	99.022156	99.01738	0.59312004	0.15095967	1.129772	0.04919888	4.5528412e-07	-0.0014968985	-1.5616417e-09	0.0008201798	0.81587404	-0.27377462	0.21363409	-0.0048804283	0	0	79.0	0.83471644	0.003518058	840000	605.4847559928894
84	828.63635	249.34325	1000.0	368.0	10.931644	4.1244535	15.350355	3.6851344	828.63635	19916.938	0.02343169	99.19289	0.0010002228	99.19453	99.18286	0.5563611	0.21995567	1.5313071	-0.21192738	0.0	-0.004027602	0.0	0.00042313538	191.22028	-4.034668	1.1114628	-0.29835075	0	0	79.0	0.84626675	0.0035695855	850000	609.1304936408997
85	1000.0	0.0	1000.0	1000.0	11.718962	5.496613	25.381994	5.723712	1000.0	20034.127	0.023295496	98.47541	0.0007345898	98.4767	98.470474	1.0780972	0.21371104	1.7659733	0.38187754	-6.608963e-08	-0.0017627879	0.0	0.0012495407	1.9786355	-0.6515955	1.404724	-0.0076215267	0	0	79.0	0.84601116	0.0035289067	860000	614.7047348022461
86	849.5455	209.17212	1000.0	363.0	23.39776	8.418637	41.928905	11.2263155	849.5455	20306.098	0.023340343	98.7381	0.0005017241	98.739265	98.73443	1.1798632	0.18894665	1.9534838	0.5221437	-6.1035155e-09	-0.0038558654	-3.0517577e-09	-0.0016249313	235.23642	-5.869522	5.549181	-1.7863564	0	0	79.0	0.835292	0.004364943	870000	620.2379674911499
87	1000.0	0.0	1000.0	1000.0	16.916588	6.2863703	27.58009	9.278657	1000.0	20475.264	0.023267346	97.849	0.00047286306	97.85	97.84653	2.3027706	0.5095641	3.7660303	0.63074434	4.559517e-07	-0.002405751	-6.1035155e-09	0.0012776778	3.93857	-1.4133568	2.0116897	-0.55070496	0	0	79.0	0.85983735	0.0037687463	880000	625.8209025859833
88	978.4	64.8	1000.0	784.0	15.354059	2.8389435	19.224272	11.151636	978.4	20636.785	0.023187399	98.25648	0.00042526206	98.25767	98.2534	1.5890529	0.3544638	3.3411264	0.38146704	-6.1035155e-09	-0.001515326	-3.8146974e-09	-0.004374229	48.395508	-0.19104385	1.243699	-0.03372574	0	0	79.0	0.8735135	0.006045416	890000	631.440185546875
89	994.7	15.9	1000.0	947.0	10.092006	3.9192235	17.57825	4.8245854	994.7	20739.207	0.023043564	98.45325	0.00056499423	98.45446	98.449326	1.3231652	0.3760237	2.704383	0.15570517	3.0517577e-09	-0.0037936568	-4.577637e-09	-0.0034948578	48.24916	-0.08652496	1.0785308	-0.21432531	0	0	14.0	0.8549628	0.013144326	900000	636.6686670780182
90	1000.0	0.0	1000.0	1000.0	12.814593	7.739425	26.884918	3.4359567	1000.0	20867.354	0.022931159	98.57532	0.0013819227	98.5774	98.56398	0.5069039	0.30947012	1.3508937	-0.45352548	8.478165e-08	-0.0023022955	0.0	0.0013808655	1.7274253	-0.8088963	2.5015292	-1.1611661	0	0	79.0	0.8548186	0.0045845965	910000	640.6065003871918
91	1000.0	0.0	1000.0	1000.0	9.974394	6.3217072	22.228447	2.682748	1000.0	20967.098	0.022790324	98.94405	0.00081962754	98.94539	98.93819	0.7987875	0.46095207	2.214904	-0.55800396	3.643036e-07	-0.0020722474	0.0	-0.00070278475	0.9493055	-0.4865255	1.2437121	-0.2266779	0	0	79.0	0.8386311	0.0063165524	920000	646.2287905216217
92	753.9231	231.00365	1000.0	330.0	28.949911	8.4804735	45.903236	15.112728	753.9231	21346.0	0.022952689	99.249084	0.00036772346	99.250046	99.247246	0.92098606	0.028119272	1.0364691	0.8126054	2.2888185e-09	-0.0021084512	-3.6621095e-08	-0.0020451935	430.4147	-31.680511	11.509178	-6.395704	0	0	3.0	0.82224184	0.013670744	930000	651.3743894100189
93	1000.0	0.0	1000.0	1000.0	10.429213	3.8816442	16.828327	5.0931597	1000.0	21450.291	0.02281946	96.98182	0.0004510198	96.9828	96.97907	2.9371126	0.39936128	4.0789804	1.70523	-6.9522855e-08	-0.001748067	-2.0599366e-08	-0.0017391999	7.7546077	-2.8039427	3.7034054	-2.8912659	0	0	79.0	0.8223805	0.0040157065	940000	656.9357471466064
94	1000.0	0.0	1000.0	1000.0	7.1545906	2.3474922	11.170011	3.9042258	1000.0	21521.838	0.022654567	97.558426	0.00042385331	97.559364	97.555725	1.1520668	0.2247761	1.8057964	0.40584195	8.5000994e-07	-0.0010798004	-4.863739e-09	0.0017019279	5.0746255	-2.5897248	0.48929062	-0.21906182	0	0	79.0	0.8377338	0.0028462727	950000	662.4429731369019
95	1000.0	0.0	1000.0	1000.0	17.2746	9.247097	35.55014	6.1581807	1000.0	21694.584	0.022598526	98.2585	0.00043746503	98.259514	98.2559	0.79833704	0.20865998	1.4707816	0.11575907	-8.449554e-07	-0.0024131283	-4.386902e-09	-0.0008972677	2.5817401	-1.3476074	4.0982227	-0.62792516	0	0	79.0	0.8409529	0.004574923	960000	668.010201215744
96	1000.0	0.0	1000.0	1000.0	15.74353	4.5001874	25.117012	10.570659	1000.0	21852.018	0.022527853	98.77197	0.0003922823	98.77284	98.770096	1.599595	0.34453472	2.674306	0.4639887	2.0914078e-07	-0.0011429634	3.8146974e-09	0.0022515801	1.2837324	-0.68715954	1.3290292	-0.062325716	0	0	79.0	0.83176005	0.0030741042	970000	671.5758583545685
97	1000.0	0.0	1000.0	1000.0	21.885876	6.5600867	33.514603	13.666969	1000.0	22070.877	0.022521302	99.145676	0.00033818957	99.14642	99.1431	1.5248616	0.30766252	2.4239423	0.61403054	3.1280518e-08	-0.0015329857	-1.9454957e-08	-0.00041485502	0.6213191	-0.34125695	2.4690063	-0.20491052	0	0	79.0	0.80964226	0.0037302284	980000	677.1339600086212
98	1000.0	0.0	1000.0	1000.0	24.796312	5.1435695	31.751236	11.577793	1000.0	22318.84	0.022544283	99.41421	0.00032538673	99.41494	99.41202	1.9681011	0.39177248	3.0505986	0.6964818	2.2058487e-07	-0.0023430884	4.577637e-09	0.0020097326	0.29209512	-0.16460821	2.4482954	-0.11741209	0	0	79.0	0.8139986	0.003228619	990000	682.681134223938
99	1000.0	0.0	1000.0	1000.0	20.692768	9.40876	46.96763	10.799479	1000.0	22525.768	0.022525767	99.604416	0.0002978932	99.605095	99.60269	2.2344644	0.42233807	3.684371	0.8386527	-3.8051606e-08	-0.0010142877	3.0517577e-09	-0.0015720398	0.13321733	-0.07701223	2.0688787	-0.047954082	0	0	79.0	0.7869639	0.0025846509	1000000	688.3116719722748
