Epoch	AverageEpRet	StdEpRet	MaxEpRet	MinEpRet	AverageEpCost	StdEpCost	MaxEpCost	MinEpCost	EpLen	CumulativeCost	CostRate	AverageVVals	StdVVals	MaxVVals	MinVVals	AverageCostVVals	StdCostVVals	MaxCostVVals	MinCostVVals	LossPi	DeltaLossPi	SurrCost	DeltaSurrCost	LossV	DeltaLossV	LossVC	DeltaLossVC	Penalty	DeltaPenalty	StopIter	Entropy	KL	TotalEnvInteracts	Time
0	14.86194	8.536989	54.0	5.0	0.6575286	2.1558788	29.725649	0.009428393	14.86194	176.31053	0.04407763	-0.0023672066	0.10675877	0.40023792	-0.37763712	0.0026931206	0.15009719	0.49060473	-0.5216339	6.7240485e-08	-0.006897421	3.695488e-08	0.006153112	142.92398	-20.66404	6.731188	-0.8914156	0.84999996	-0.020620167	5.0	0.9189385	0.016629642	4000	2.8727173805236816
1	20.095478	12.183518	65.0	4.0	2.8848982	12.599844	106.67006	0.031748567	20.095478	750.40717	0.093800895	1.1482556	0.29736704	2.5274773	-0.32924092	0.64643127	0.5791312	3.4035184	-2.2259436	-4.4707118e-08	-0.095319524	-7.8201296e-08	-0.21801677	225.1798	-78.15895	208.99123	-12.088882	0.8293798	-0.002547264	8.0	0.9172191	0.01940786	8000	5.262318134307861
2	21.508108	11.539881	64.0	6.0	0.749186	1.8902619	18.316338	0.026560577	21.508108	889.25116	0.074104264	5.204103	0.3396757	6.5453596	3.0746894	3.4641113	0.70302933	6.512528	-0.90615547	5.7681802e-08	-0.0010955766	1.1706352e-07	-0.005878943	143.8145	-49.620438	11.594929	-7.715794	0.82683253	-0.0038617253	79.0	0.9155196	0.0035896837	12000	7.980305194854736
3	20.65285	9.953712	60.0	6.0	0.48008364	0.92120314	8.966435	0.021232916	20.65285	982.00757	0.061375473	9.580984	0.6127507	11.151827	6.9904265	1.4045713	0.17325644	1.9262335	0.92262495	-1.8111177e-08	-0.0052194595	-5.4985283e-09	0.007563541	73.224464	-7.6585083	1.7219448	-0.79674256	0.8229708	-0.020187259	79.0	0.9086751	0.0049483636	16000	10.613393306732178
4	23.37647	10.767573	65.0	7.0	0.8336607	1.4403459	8.232732	0.018381609	23.37647	1123.7744	0.05618872	11.363424	1.6123033	14.56888	4.280244	0.8289324	0.21472138	1.3346455	0.21487261	1.1268881e-09	-0.0057802834	1.7881393e-09	-0.0026237157	82.75986	-4.0631714	1.7629038	-0.07612002	0.80278355	-0.018924296	79.0	0.89589596	0.0049174647	20000	13.273641109466553
5	25.43312	10.115432	59.0	10.0	0.49940112	0.6627743	4.3126707	0.018351573	25.43312	1202.1877	0.050091155	12.636158	1.2887119	15.188914	7.6671925	0.8195482	0.08043671	1.1573496	0.45512584	-1.4942199e-08	-0.0047312756	-2.9802323e-09	0.0053695366	74.88031	-4.4954987	0.50129175	-0.13744202	0.78385925	-0.023153067	79.0	0.8818524	0.004002986	24000	15.931912899017334
6	28.09859	10.277358	64.0	9.0	0.5843989	0.6645797	3.3185546	0.030097643	28.09859	1285.2462	0.045901652	13.077924	2.8131075	17.334665	-0.16719547	0.5785642	0.07408675	0.88866055	0.28846836	-3.2556573e-09	-0.0047573275	-9.536744e-10	0.0059136166	76.83503	-5.6680374	0.31899208	-0.01803559	0.7607062	-0.025541425	79.0	0.87707466	0.005351631	28000	18.57517099380493
7	32.430893	12.452238	100.0	9.0	1.033195	1.1343292	6.209937	0.028636709	32.430893	1412.3701	0.044136565	14.880517	3.8235843	18.558966	-9.49199	0.50107425	0.06637322	0.7099395	0.26178098	-4.5335666e-11	-0.004458745	-1.7285346e-09	0.005053562	111.12068	-6.1205826	0.94155526	-0.10191363	0.73516476	-0.02477467	79.0	0.8680416	0.004372697	32000	21.19904851913452
8	35.21239	11.827261	86.0	15.0	1.2232699	1.1722023	5.791973	0.013289364	35.21239	1551.0474	0.043084648	16.320469	3.528605	19.287344	-6.347168	0.70994204	0.098896526	1.0895916	0.26505926	4.7592295e-09	-0.004587647	4.4107438e-09	0.0016073071	106.73887	-3.7631607	0.83232677	-0.037910283	0.7103901	-0.022311151	79.0	0.86077327	0.004452102	36000	23.88187885284424
9	41.15625	14.899195	101.0	19.0	1.1505398	0.71790445	3.3960989	0.07164783	41.15625	1662.1798	0.041554496	17.735363	3.3225229	20.024885	-5.6505985	0.83575696	0.14244083	1.2902792	0.30727932	-4.680874e-09	-0.0032674153	5.841255e-09	0.006449258	148.7045	-9.086655	0.29678857	-0.01085645	0.68807894	-0.022885263	79.0	0.85060614	0.005106743	40000	24.904135704040527
10	41.705265	13.38882	94.0	25.0	1.7825437	1.1494566	6.633596	0.066695966	41.705265	1831.924	0.041634634	19.448051	4.7031336	21.671463	-15.419153	0.8062481	0.078732565	1.049404	0.37710467	2.313388e-09	-0.0019233786	1.4901161e-09	-0.0025227093	136.01576	-1.8711853	0.91096914	-0.18234766	0.6651937	-0.013469696	79.0	0.87807304	0.0028217703	44000	27.62357521057129
11	42.956043	11.683475	80.0	23.0	1.6551563	0.8961572	4.482278	0.22958913	42.956043	1982.6926	0.041306097	20.084871	4.271991	21.924425	-14.09001	1.161312	0.11846252	1.5546684	0.6654402	2.0724122e-09	-0.0025020023	3.606081e-09	-0.0025837962	140.21408	-1.0796204	0.47232348	-0.0013468564	0.651724	-0.010846257	79.0	0.8424868	0.0034141273	48000	30.253812074661255
12	44.80899	12.567012	91.0	28.0	1.4197448	0.6212602	3.5335543	0.29974973	44.80899	2109.13	0.04056019	20.167395	4.791666	22.35128	-14.56808	1.1810529	0.13095579	1.5897834	0.58937615	4.9883133e-09	-0.0015401288	8.493662e-09	4.7299443e-05	123.44509	-1.4087448	0.293446	-0.05506453	0.6408777	-0.013485789	79.0	0.8112379	0.0025557245	52000	32.88604497909546
13	43.445652	13.085309	87.0	18.0	1.4213862	0.735339	3.5201204	0.09115478	43.445652	2239.91	0.03999839	21.222942	4.5617995	23.064026	-14.664111	0.97988075	0.041606013	1.1062019	0.7537048	4.444086e-09	-0.0014114411	-4.053116e-09	-0.00092692254	130.27574	-0.85050964	0.3203542	-0.0007634163	0.62739193	-0.0120123625	79.0	0.7987147	0.0019225279	56000	35.58481192588806
14	43.195652	11.699348	84.0	24.0	1.2881719	0.6150946	3.7276342	0.29447153	43.195652	2358.5984	0.039309975	20.427704	5.3555894	22.544756	-15.542645	0.96281993	0.041692365	1.0805974	0.7396451	3.2754253e-09	-0.0014886901	6.556511e-10	0.0038848417	119.049286	-0.58919525	0.23958902	-0.0103799105	0.6153796	-0.017447293	79.0	0.79270077	0.0020655857	60000	38.249855756759644
15	48.40244	15.615705	108.0	27.0	1.564116	0.65851	3.272206	0.426348	48.40244	2487.9036	0.038873494	20.54384	4.741163	22.240608	-14.206596	0.86718374	0.061984334	1.0533139	0.60151863	-1.0423548e-08	-0.0019907504	1.2516975e-09	-0.002153981	167.64001	-4.847351	0.32084984	-0.03179729	0.5979323	-0.011600554	79.0	0.7944829	0.0030380625	64000	40.90265107154846
16	44.50562	11.874932	95.0	28.0	1.3689386	0.58902216	3.0500717	0.32222256	44.50562	2609.991	0.03838222	22.530348	3.949438	23.807491	-13.302302	1.026298	0.07047751	1.2350622	0.63741326	-4.353435e-09	-0.0031399098	-5.9604643e-10	0.0048602624	136.71793	-3.3961792	0.23634385	-0.009144902	0.5863317	-0.019246519	79.0	0.78547543	0.004893713	68000	43.538241147994995
17	47.78313	11.792431	84.0	30.0	1.5944054	0.79788274	4.823658	0.40836	47.78313	2742.5618	0.038091134	21.2513	4.184922	22.496027	-16.304462	0.937994	0.051610887	1.1015145	0.6176348	-1.622888e-08	-0.0020138214	5.39422e-09	0.0006902787	141.68095	-1.149765	0.3861526	-0.024275035	0.5670852	-0.0148765445	79.0	0.823143	0.003074965	72000	46.17799472808838
18	50.379745	12.856859	106.0	31.0	1.6359502	0.65449476	3.5875938	0.45457983	50.379745	2871.9238	0.037788473	21.384796	4.38534	22.886894	-11.008479	1.0760032	0.13623992	1.5280747	0.50853384	-7.376172e-10	-0.0015738651	-2.384186e-10	0.0024946562	148.30281	-3.5747833	0.2619064	-0.001334846	0.55220866	-0.0146128535	79.0	0.82002825	0.0019182718	76000	48.80928993225098
19	50.088608	9.821431	87.0	34.0	1.9013216	0.6945086	3.5327246	0.6919078	50.088608	3022.3906	0.037779883	22.519007	4.951108	24.20427	-13.237188	1.0843371	0.10961608	1.4732476	0.6118531	-7.968699e-10	-0.0005655986	-4.053116e-09	0.0014674435	131.53278	-1.4697113	0.36739385	-0.043844014	0.5375958	-0.011256635	79.0	0.83039623	0.0013838494	80000	51.43645739555359
20	53.253334	13.980074	120.0	31.0	1.8748529	0.7260153	3.5426695	0.5034505	53.253334	3163.0288	0.037655104	22.270071	5.1648707	24.226118	-8.536146	1.2814851	0.040557776	1.3698944	0.9203603	2.8116172e-09	-0.0013496185	-2.2649764e-09	-0.0007304136	156.53218	-4.6321564	0.3479758	-0.0028335154	0.5263392	-0.009631157	79.0	0.8387306	0.002626222	84000	54.16866421699524
21	54.328766	15.209995	121.0	36.0	1.8594482	0.732251	4.2888594	0.55925274	54.328766	3298.8643	0.037487093	22.73114	6.42211	25.723637	-8.482805	1.2471691	0.056548364	1.4014405	0.87963456	5.4874696e-09	-0.001379411	2.2649764e-09	0.0026013702	148.15358	-8.769043	0.35068756	-0.0032235682	0.516708	-0.01264894	79.0	0.8255664	0.0023197164	88000	55.274399518966675
22	55.27778	11.372753	88.0	37.0	2.1309097	0.759732	4.4673195	0.8592252	55.27778	3452.3137	0.03752515	23.889547	7.3141966	27.640047	-6.254791	1.1981956	0.038998887	1.3029685	0.9335453	-3.1693845e-09	-0.0020759187	4.0233137e-09	7.14356e-05	122.55327	-1.7640152	0.42800158	-0.039301753	0.5040591	-0.009290159	79.0	0.8328057	0.004020444	92000	57.96614956855774
23	55.704224	15.167046	115.0	36.0	1.9926412	0.7490572	4.3605037	0.55656534	55.704224	3594.2615	0.037440225	25.226242	6.453976	28.116604	-2.0733202	1.3968962	0.03699987	1.4697407	1.1595002	-1.0829742e-08	-0.0012772079	1.013279e-09	0.0019305724	162.58589	-0.8855591	0.37097034	-0.015175343	0.49476892	-0.010639161	79.0	0.8297302	0.0032618167	96000	60.57788395881653
24	52.706665	11.144833	83.0	36.0	2.0530226	0.71338433	3.740218	0.59852254	52.706665	3750.4124	0.037504125	26.492222	4.493664	27.91446	0.6739915	1.2742158	0.06480042	1.4313196	0.8672403	-5.474045e-09	-0.0012980014	4.887581e-09	-0.00051425135	161.82565	-8.528534	0.36830765	-0.01549536	0.48412976	-0.0061585903	79.0	0.8071966	0.0033726285	100000	63.154112815856934
25	52.373333	15.663777	132.0	33.0	2.028175	0.7620395	4.66625	0.53375673	52.373333	3903.1404	0.037530195	23.98675	4.620416	25.499851	-0.96490186	1.3823731	0.038856838	1.4455271	1.0257822	9.4658805e-09	-0.0016577886	-4.6491624e-09	0.00043880136	177.91197	-0.7175751	0.38773572	-0.009923041	0.47797117	-0.007875234	79.0	0.7916838	0.0033767156	104000	65.75916147232056
26	56.57143	14.5931225	124.0	36.0	1.9981009	0.74814475	4.269164	0.4524416	56.57143	4043.1284	0.037436374	24.115257	4.340121	25.454811	1.0320822	1.3477937	0.09488113	1.6050037	0.85378546	-1.0264074e-08	-0.0020753334	-2.6822091e-09	0.0024848864	178.48843	-1.5327148	0.36691144	-0.0024603903	0.47009593	-0.010068834	79.0	0.78266823	0.002626935	108000	68.3632664680481
27	55.180557	14.2792845	103.0	33.0	2.1055727	0.75319344	4.4718056	1.0017725	55.180557	4194.8306	0.037453845	25.00009	4.627421	26.422705	1.023099	1.3018676	0.08391202	1.5225052	0.7514732	5.21578e-09	-0.0027199981	3.3378602e-09	0.00232865	169.07118	-1.4672699	0.38314518	-0.0092870295	0.4600271	-0.01051572	79.0	0.79886144	0.0033942438	112000	70.99855184555054
28	58.808823	14.715196	108.0	39.0	2.0877347	0.7461389	3.7170897	0.8715724	58.808823	4336.797	0.03738618	25.060934	4.0991364	26.198233	-0.49438053	1.3727255	0.04874083	1.4443532	1.0066588	-3.822734e-09	-0.0019243871	1.7285346e-09	0.0032463288	185.89984	-6.3528137	0.36272568	-0.0010492206	0.44951138	-0.010402143	79.0	0.8112698	0.002578306	116000	73.61094951629639
29	53.932434	11.269825	107.0	36.0	2.5595899	0.78923374	4.6670513	1.0705963	53.932434	4526.3486	0.03771957	25.398094	4.500636	27.01353	1.9134983	1.3482095	0.04648163	1.4213527	0.9084045	5.486323e-09	-0.001858413	-2.0861626e-10	-0.0035077091	148.26675	-15.123947	0.5809956	-0.12881431	0.43910924	-0.0014309287	79.0	0.8141325	0.0033279744	120000	76.27657294273376
30	57.942028	14.56707	108.0	39.0	2.3020158	0.82643217	5.5204988	1.0858115	57.942028	4685.196	0.03778384	24.229395	3.7162063	25.888527	3.6339805	1.7081933	0.05583462	1.8036696	1.1364439	-1.5992823e-08	-0.0027333	-2.384186e-10	0.00093371095	167.86578	-80.77381	0.50081134	-0.05107525	0.4376783	-0.005599946	79.0	0.84330654	0.0044627935	124000	79.0195152759552
31	59.089554	14.169266	103.0	39.0	2.320397	0.7659624	4.393845	0.5676645	59.089554	4840.995	0.037820276	23.16634	7.36972	28.869938	2.1338859	1.5250082	0.116528906	1.8460665	0.88139594	4.315486e-08	-0.0011765606	2.3245812e-09	0.00063262664	90.31146	-31.872456	0.41578415	-0.021949619	0.43207836	-0.003631413	79.0	0.83481246	0.0028371403	128000	81.65227031707764
32	59.49254	13.3588505	104.0	37.0	2.226992	0.7854577	4.628422	0.9704273	59.49254	4990.218	0.03780468	23.94887	9.851896	32.1013	0.9537181	1.4930923	0.06278585	1.6367373	1.1879953	1.20635395e-08	-0.0025150934	1.4901162e-11	0.002664465	55.690033	-12.554813	0.40087152	-0.005215585	0.42844695	-0.0073417723	79.0	0.82701993	0.004147032	132000	84.30556535720825
33	64.01613	14.167766	115.0	43.0	2.3210402	0.74728924	4.2229486	0.8548941	64.01613	5134.3794	0.03775279	24.659683	10.954152	34.209904	1.091582	1.435543	0.050342266	1.515183	0.928674	-1.0825287e-08	-0.0036856076	7.629395e-09	0.0031664397	57.141125	-11.271366	0.38180628	-0.0045492947	0.42110518	-0.008851379	79.0	0.8413673	0.005788764	136000	85.26269674301147
34	67.38983	18.178974	142.0	46.0	2.6133595	0.8402289	5.2767687	0.9568071	67.38983	5288.7646	0.03777689	25.872932	11.800968	36.303547	0.63157094	1.4830942	0.06962147	1.635972	0.9722814	7.484788e-09	-0.004961662	9.447336e-09	0.0012434736	68.555534	-11.672958	0.5187457	-0.02598393	0.4122538	-0.007026136	79.0	0.8675392	0.006706647	140000	87.82094931602478
35	68.413795	15.804882	122.0	48.0	2.752096	0.8399123	5.293382	1.0496	68.413795	5448.5137	0.0378369	27.110258	12.373352	38.549976	0.48834756	1.630573	0.060274273	1.7104291	1.126792	-2.3072282e-08	-0.004312293	5.9604643e-10	0.0029328344	47.710457	-6.88171	0.4934964	-0.014627218	0.40522766	-0.00690493	79.0	0.871096	0.006162981	144000	90.4074935913086
36	70.76786	14.749082	114.0	48.0	2.8123436	0.8595775	5.5746403	1.1241679	70.76786	5606.0566	0.037878763	27.730978	12.863597	40.063385	0.7431608	1.7313308	0.07817473	1.8863733	1.1126379	-9.447739e-09	-0.0020763096	1.5497208e-09	0.003639251	40.030926	-6.0056915	0.47467238	-0.0025261939	0.39832273	0.0029689968	6.0	0.86043674	0.011835316	148000	92.69874215126038
37	75.25	16.088547	118.0	52.0	3.1057749	1.0148715	5.55491	1.2862418	75.25	5768.652	0.037951656	28.646042	13.329338	41.432537	0.6360831	1.7308911	0.07525099	1.8401862	1.2986224	1.2836637e-08	-0.004743175	-6.2584876e-10	0.0003522464	44.195442	-7.6154366	0.6714799	-0.024393141	0.40129173	-0.0022178888	79.0	0.86165375	0.007457004	152000	95.26153063774109
38	79.18	15.267862	119.0	55.0	3.1558938	0.9139784	5.517693	1.8017356	79.18	5926.5317	0.03799059	29.999966	13.866922	43.364628	0.78727293	1.8858023	0.080314696	1.969338	1.3710274	1.1673992e-08	-0.0066324747	-1.1920929e-09	-0.00039186561	41.621	-6.1242867	0.54930973	-0.009872377	0.39907384	-0.0018213093	79.0	0.8664032	0.007471802	156000	97.76949501037598
39	87.577774	23.05596	156.0	51.0	2.9209812	0.8727417	5.096957	1.1087433	87.577774	6060.612	0.037878823	31.759617	13.916778	44.723286	0.8870795	1.9224548	0.091091074	2.072589	0.8615247	5.062562e-09	-0.0017936578	1.1354685e-08	0.003534834	69.86714	-12.645901	0.58118993	-0.06144029	0.39725253	0.0065752566	4.0	0.8572296	0.0139866965	160000	100.11578154563904
40	92.5814	23.390749	161.0	57.0	2.884228	0.8755799	4.8986	0.97963166	92.5814	6184.7734	0.037712034	33.715992	15.141491	47.20182	0.9915232	1.6481785	0.17083512	2.0931437	0.8005357	7.564955e-09	-0.0023559188	2.6822091e-09	0.0042573367	67.27933	-10.561443	0.527508	-0.03142625	0.4038278	0.0074527264	3.0	0.8566858	0.018383358	164000	102.53999900817871
41	92.18604	19.964218	140.0	63.0	3.5114884	1.0300193	5.898318	2.0159237	92.18604	6335.813	0.037713174	33.947914	15.8650675	49.050774	1.0688943	1.6181873	0.09440358	1.7406416	1.0392938	9.967676e-09	-0.0028213316	-1.013279e-09	0.006873377	45.802803	-7.248661	0.8157493	-0.14096648	0.4112805	0.008794308	4.0	0.8557448	0.020986583	168000	104.83348298072815
42	94.666664	22.144188	155.0	66.0	4.3038516	1.0320994	6.0655155	2.1314175	94.666664	6516.6045	0.037887234	33.833107	16.228754	50.528385	1.1249936	1.9876604	0.10887832	2.1037204	1.3417168	-4.8392885e-09	-0.0021121188	-4.440546e-09	0.005890292	46.52502	-7.5570908	1.0340497	-0.23080921	0.42007482	0.010745168	3.0	0.85534847	0.018971996	172000	107.08614492416382
43	109.888885	31.668224	203.0	76.0	4.754756	1.472835	7.859459	2.044755	109.888885	6688.009	0.03800005	36.826607	16.637852	52.23027	0.87543076	2.4489222	0.20825577	2.82556	1.0717721	-1.9824087e-08	-0.0013698572	-4.4107438e-09	0.004091082	84.67445	-16.628265	1.4968276	-0.0368613	0.43082	0.012559414	3.0	0.85548395	0.018157074	176000	109.44478154182434
44	116.44118	24.848	196.0	78.0	4.8078136	1.5509602	9.015021	2.5610414	116.44118	6851.5566	0.038064204	39.11399	17.262238	54.76745	0.930274	2.4848878	0.13800053	2.6734242	1.5266372	-1.8254854e-08	-0.002842914	3.218651e-09	0.0024884578	61.0406	-10.306599	1.3806006	-0.010181665	0.4433794	0.014135897	3.0	0.85520935	0.020082667	180000	111.72113943099976
45	119.15151	30.127125	205.0	80.0	5.920551	2.2032752	11.424573	2.0487196	119.15151	7048.746	0.038308404	39.56448	17.725906	56.763924	0.45546293	2.5471857	0.13482802	2.7292528	1.5183432	-2.4164219e-08	-0.000707797	-5.066395e-09	0.01073793	64.19418	-12.340385	2.7238076	-0.22321272	0.4575153	0.01560545	4.0	0.8544381	0.013614577	184000	114.0047538280487
46	119.93939	17.81715	151.0	83.0	6.242409	1.3213041	9.2010765	3.405937	119.93939	7254.9385	0.0385901	40.592373	18.489815	58.735363	1.0766425	2.9849687	0.18951984	3.3365738	1.5711231	2.6156364e-09	-0.008063188	-1.4305115e-09	-0.0010056108	33.407867	-4.9971886	1.4301418	-0.11225152	0.47312075	0.007589519	58.0	0.85466236	0.012323539	188000	116.56644320487976
47	140.71428	37.526997	250.0	81.0	5.332748	1.4669031	8.1304455	2.4221034	140.71428	7405.51	0.038570363	43.71554	18.085728	59.931187	0.6628088	3.299667	0.16389267	3.5181973	1.8614095	-1.0365349e-10	-0.0031499108	-2.1398067e-08	0.0060432535	81.99689	-17.112335	2.0396633	-0.5780145	0.48071027	0.017569482	5.0	0.85484344	0.013644944	192000	117.28496432304382
48	153.46153	32.237377	219.0	97.0	6.151743	2.0307424	10.772714	3.0026238	153.46153	7565.518	0.03859958	45.63449	19.243546	62.365414	-0.21490985	2.532721	0.13324384	2.6648657	1.5464001	-2.6698125e-08	-0.0035615577	-4.8577786e-09	0.002369534	74.449326	-18.78767	2.2631793	-0.099849224	0.49827975	0.01903516	4.0	0.8560274	0.016253404	196000	119.52500128746033
49	156.2	36.432953	252.0	105.0	6.7067275	1.517587	10.529086	4.07371	156.2	7733.559	0.038667794	47.421642	19.836714	64.72577	1.6819906	2.8246026	0.11763165	2.9857352	1.8493598	1.0866419e-08	-0.005004911	-1.3113022e-09	0.0018042728	65.17566	-13.404606	2.0063496	-0.14779222	0.5173149	0.020473123	3.0	0.85638875	0.021914186	200000	121.76904392242432
50	165.82608	25.732153	220.0	120.0	9.46084	5.1178017	31.302483	4.453074	165.82608	7952.3037	0.03898188	48.2892	20.556862	66.7197	1.0816092	2.9749517	0.3228123	3.84252	1.1918448	-7.775861e-09	-0.0026895476	-1.3589859e-08	0.008855022	55.25152	-14.947258	11.513069	-2.2564726	0.53778803	0.02151972	4.0	0.856191	0.018647157	204000	124.27373003959656
51	180.04546	37.884365	298.0	124.0	13.321824	9.500953	41.123756	5.67489	180.04546	8245.645	0.03964252	49.64631	20.709015	68.667435	0.23089951	4.352215	0.49203676	5.8722477	0.97839	3.046065e-08	-0.004586046	2.0980835e-08	0.0056371335	62.70273	-19.234554	29.988926	-1.8076496	0.55930775	0.02229774	3.0	0.85663414	0.030105297	208000	126.56495094299316
52	206.33333	46.34532	326.0	148.0	11.627668	7.4372325	38.771027	4.529961	206.33333	8455.785	0.039885778	54.99235	20.360205	70.87438	1.389032	5.4270654	0.2752271	6.239064	4.017481	-1.7561513e-08	-0.0050159977	8.404255e-09	0.0003136442	92.45411	-24.746666	18.15571	-3.0881205	0.5816055	0.023272097	5.0	0.85734314	0.011750771	212000	128.81462502479553
53	227.17647	77.91265	414.0	115.0	13.0872135	7.7932506	33.29509	0.6676772	227.17647	8681.034	0.040189974	56.549927	21.204979	73.5257	1.1801555	4.061169	1.2896408	8.669749	-2.8232603	-2.3979547e-09	-0.012571752	-2.026558e-09	-0.046958692	131.97122	-31.953568	21.10625	-2.9915276	0.6048776	0.025073946	3.0	0.8592955	0.023923798	216000	131.04547572135925
54	203.21053	46.39598	294.0	135.0	12.490155	8.294826	37.625504	4.3263397	203.21053	8920.184	0.04054629	57.067158	21.380632	75.88666	0.63622427	4.7583966	0.21981075	5.433343	3.4113624	8.650411e-09	-0.009875323	6.6757204e-09	-0.03697878	41.011967	-7.5829506	20.095036	-0.022289276	0.62995154	0.026907265	3.0	0.8613078	0.021835925	220000	133.35038232803345
55	212.44444	54.20355	367.0	146.0	6.8115845	2.1231947	11.297717	2.7091582	212.44444	9044.319	0.040376425	60.306454	21.582539	77.11722	1.8540738	4.786713	0.22426344	5.5638356	3.552024	2.4280505e-08	-0.0041036434	6.723404e-08	-0.00014712202	64.46349	-23.950481	7.349169	-4.9809074	0.6568588	0.027733624	10.0	0.86288726	0.015774192	224000	135.68033027648926
56	270.14285	51.0348	349.0	190.0	6.2499204	1.2770935	8.175675	4.0238266	270.14285	9132.523	0.04005493	59.954926	21.609388	77.95428	0.067860484	2.5939527	0.13093233	3.1843305	1.8104315	7.514972e-09	-0.006460892	-4.23193e-09	0.0015577552	86.41078	-35.862137	1.791854	-0.44660854	0.6845924	0.026750565	5.0	0.8637249	0.014774266	228000	137.98881363868713
57	306.0	82.9402	452.0	185.0	7.3278017	3.6938908	17.93468	3.1059775	306.0	9227.845	0.039775193	63.81257	21.885324	80.410995	0.08534753	1.9237803	0.09233092	2.14213	1.4529586	3.022165e-08	-0.015537879	-5.722046e-09	-0.014223342	86.17372	-24.912796	3.7804341	-0.18824387	0.711343	0.022767544	29.0	0.8644844	0.013530638	232000	140.46150970458984
58	481.5	207.8888	958.0	293.0	4.8802967	1.4277226	6.3129826	1.925643	481.5	9267.046	0.039267145	70.183846	19.60611	82.74956	2.5794377	2.102939	0.19338807	3.1250095	0.86627877	9.868622e-09	-0.0066565205	-2.1994113e-08	-0.0007099589	155.01996	-76.10772	2.0974286	-1.3826494	0.73411053	0.026185632	4.0	0.8616755	0.017859284	236000	142.78133344650269
59	348.18182	102.53232	487.0	80.0	6.1951814	2.3971646	10.273459	0.3387705	348.18182	9338.051	0.038908545	72.16443	21.973286	86.15029	4.200296	0.8245774	0.09772311	0.97967845	0.27312976	1.1582696e-09	-0.0053817397	6.4447523e-09	0.0010289376	108.33793	-5.3867264	1.962221	-1.0423799	0.76029617	0.026127756	4.0	0.86195743	0.023503173	240000	145.05151271820068
60	765.2	193.82198	1000.0	572.0	4.3969226	2.5050814	7.0455728	0.42189568	765.2	9360.218	0.03836155	78.96372	17.297865	87.19332	4.291769	1.6037793	0.23918796	2.7229862	1.0403144	1.6775365e-08	-0.0045129466	5.3644182e-09	-0.0004021716	132.89093	-73.33508	1.2386056	-0.96027666	0.7864239	0.025442302	3.0	0.86154133	0.024423	244000	147.53195118904114
61	777.0	247.14935	1000.0	433.0	3.780693	2.7802637	8.328895	1.3696815	777.0	9379.44	0.037820324	82.62764	14.825095	90.23281	0.13407731	0.23192401	0.24031839	0.645263	-1.4106833	4.106736e-09	-0.0053615454	-8.1956386e-10	-0.0015822345	195.9033	-64.071	0.90268433	-0.24667215	0.8118662	0.024333417	4.0	0.86094743	0.017408194	248000	148.427184343338
62	1000.0	0.0	1000.0	1000.0	0.8375657	0.20773275	1.0677036	0.50270057	1000.0	9382.791	0.037233297	92.01586	0.08071492	92.05983	90.67285	0.56883883	0.051127307	0.7241006	0.36133903	4.3363937e-07	-0.0016759869	-5.2154063e-09	-3.5212636e-06	54.222267	-28.052423	0.22011963	-0.20501915	0.83619964	0.021720767	5.0	0.8597784	0.019238831	252000	150.74807739257812
63	1000.0	0.0	1000.0	1000.0	0.81606054	0.105038084	0.9612316	0.67505527	1000.0	9386.055	0.036664277	94.35456	0.116174355	94.38117	91.282646	0.22487055	0.047847606	0.4035807	0.07125461	2.8836152e-07	-0.002232003	8.642673e-10	-9.2472714e-05	27.156857	-14.466873	0.023617202	-0.019787405	0.8579204	0.0142403245	79.0	0.85825026	0.00541024	256000	153.35638284683228
64	1000.0	0.0	1000.0	1000.0	0.47832143	0.15149838	0.7375621	0.3538873	1000.0	9387.968	0.03610757	96.07719	0.0088222185	96.08259	95.95518	0.047202505	0.04125198	0.17698613	-0.08180458	1.5776295e-07	-0.0012149628	-5.9604643e-10	5.9220154e-05	13.101697	-7.003064	0.0025095658	-0.0002170282	0.87216073	0.0138453245	79.0	0.842345	0.0040443963	260000	155.9669964313507
65	1000.0	0.0	1000.0	1000.0	0.39354348	0.14504069	0.6121711	0.24497809	1000.0	9389.542	0.035566445	97.27066	0.004223945	97.27369	97.18619	0.04153767	0.031753015	0.16294679	-0.060971968	-7.2713064e-08	-0.001673004	8.1956386e-11	3.5589925e-05	6.3403115	-3.4445918	0.0019431876	-0.00036006607	0.88600606	0.010000646	79.0	0.8289915	0.004523591	264000	158.7463834285736
66	1000.0	0.0	1000.0	1000.0	0.51261115	0.19424	0.73606604	0.26652807	1000.0	9391.593	0.03504326	98.11515	0.009398864	98.119675	97.93477	0.037673064	0.03458614	0.145965	-0.094637305	4.2700765e-07	-0.0017083664	-6.705522e-11	-6.3248015e-05	3.024058	-1.6783965	0.002164743	-6.616395e-05	0.8960067	0.0085404515	79.0	0.81506467	0.002893626	268000	161.613023519516
67	1000.0	0.0	1000.0	1000.0	0.38511428	0.15110207	0.64444447	0.27960855	1000.0	9393.133	0.034533575	98.7175	0.0033359823	98.71972	98.66187	0.031423934	0.025882388	0.133958	-0.056164745	-1.3161204e-07	-0.000815311	1.7136335e-10	-2.6438258e-05	1.4000806	-0.79566526	0.0013734719	-5.65683e-05	0.90454715	0.007871926	79.0	0.8015003	0.0023621412	272000	164.32975935935974
68	1000.0	0.0	1000.0	1000.0	0.3265993	0.07395649	0.3861931	0.20501612	1000.0	9394.439	0.034037825	99.13803	0.003347177	99.14084	99.106766	0.015534036	0.024848113	0.09509422	-0.06820368	1.9445785e-07	-0.0016475201	2.0861626e-10	0.00010110208	0.6325871	-0.36845845	0.0011051118	-3.2369513e-05	0.9124191	0.0028002262	79.0	0.7779158	0.0056518526	276000	166.94606685638428
69	1000.0	0.0	1000.0	1000.0	0.611446	0.09984968	0.7756268	0.51543367	1000.0	9396.886	0.033560306	99.43018	0.0042580822	99.43286	99.35102	0.045368183	0.024167037	0.12592976	-0.039771747	-1.3665265e-08	-0.0019778507	-4.61936e-10	-6.8550915e-05	0.276532	-0.16509643	0.0028379022	-3.671157e-05	0.9152193	0.0006068945	79.0	0.76039237	0.0050687683	280000	169.7142596244812
