Epoch	AverageEpRet	StdEpRet	MaxEpRet	MinEpRet	AverageEpCost	StdEpCost	MaxEpCost	MinEpCost	EpLen	CumulativeCost	CostRate	AverageVVals	StdVVals	MaxVVals	MinVVals	AverageCostVVals	StdCostVVals	MaxCostVVals	MinCostVVals	LossPi	DeltaLossPi	SurrCost	DeltaSurrCost	LossV	DeltaLossV	LossVC	DeltaLossVC	Penalty	DeltaPenalty	StopIter	Entropy	KL	TotalEnvInteracts	Time
0	8.121951	3.7063677	39.0	4.0	0.36234638	0.43585947	9.37402	0.055839125	8.121951	178.34396	0.04458599	-0.0025785065	0.074087836	0.1563875	-0.1606208	0.0020181045	0.066328295	0.24371873	-0.26328984	1.0418892e-07	-0.013243299	3.0994416e-09	-0.00035938996	41.188717	-10.791479	0.58252084	-0.18480864	0	0	4.0	0.9189385	0.020003993	4000	3.7901835441589355
1	9.4539	4.5799575	35.0	4.0	0.35282347	0.22901736	2.7852628	0.031446405	9.4539	327.591	0.040948875	1.1399566	0.14519337	1.7064731	0.323658	0.34317577	0.20193267	1.5639168	-1.3621411	3.218651e-08	-0.015748462	1.4305115e-09	0.00035761698	42.99956	-22.262697	0.1028554	-0.027595587	0	0	5.0	0.9174904	0.018147381	8000	7.020047426223755
2	10.770889	5.49921	40.0	4.0	0.36302033	0.43343043	6.5235915	0.013351288	10.770889	462.30237	0.038525198	4.504018	0.21281806	5.431446	3.525734	0.28227344	0.11316416	1.1690701	-0.5807178	-9.536743e-09	-0.021165835	4.708767e-09	0.0024904916	31.633987	-7.1650066	0.31718537	-0.025562465	0	0	5.0	0.9158455	0.018198146	12000	10.405539989471436
3	13.198675	7.153955	51.0	5.0	0.5309065	1.3827815	18.444252	0.02826826	13.198675	622.7356	0.038920976	6.8395624	0.4187213	7.5626035	3.9667485	0.3256355	0.06127013	0.5764276	0.06352677	1.692772e-08	-0.02243499	-4.4107438e-09	0.0037254416	40.334015	-5.1712112	3.3653662	-0.52596474	0	0	5.0	0.91428137	0.017326716	16000	13.982823133468628
4	16.551867	10.163723	62.0	4.0	2.0406802	11.665992	106.45566	0.016024575	16.551867	1114.5704	0.05572852	8.492441	0.9472999	10.312335	3.6745782	0.553001	0.8619099	5.0900335	-4.8057456	-3.0994416e-09	-0.019781463	4.196167e-08	0.058369827	72.96652	-7.922737	223.165	-10.971085	0	0	6.0	0.91274613	0.016953329	20000	17.77423620223999
5	20.72539	11.209832	69.0	6.0	2.152751	10.088835	115.10881	0.017434046	20.72539	1530.0514	0.063752145	10.996433	1.323947	12.834236	4.530127	3.9050946	1.0136739	9.839648	-1.8267249	8.106232e-09	-0.018569428	1.1920929e-07	0.11865229	78.9853	-4.3724213	116.80577	-5.6021957	0	0	8.0	0.9108404	0.016053086	24000	21.036824226379395
6	30.538462	16.66048	78.0	7.0	12.58747	28.294079	110.9172	0.03087002	30.538462	3173.238	0.11332993	12.574305	1.5318022	15.554593	4.9946527	1.7750608	4.0631022	14.361695	-12.601222	1.2159347e-08	-0.016326077	-4.6730042e-07	0.30493882	161.34488	-32.39923	847.7394	-184.0152	0	0	10.0	0.9083618	0.013993391	28000	24.65288472175598
7	38.9901	19.251587	98.0	11.0	28.655827	38.278152	129.442	0.03133975	38.9901	6073.3564	0.1897924	17.600906	2.85939	21.009092	1.5017105	13.024844	1.2448584	16.842913	5.585258	-3.6478042e-08	-0.018265821	-1.5258789e-07	0.30963394	187.05711	-17.712051	1098.3293	-193.32788	0	0	79.0	0.9054431	0.009390265	32000	28.21892237663269
8	47.29762	21.656836	129.0	8.0	32.303753	39.90162	132.92625	0.05615452	47.29762	8787.176	0.24408822	21.093113	2.538894	23.06522	-0.87888163	22.71632	1.2923566	24.900524	9.697642	2.5391579e-08	-0.011663849	2.0980835e-08	0.2039016	215.4986	-17.775833	893.3438	-13.805054	0	0	13.0	0.89216995	0.011964134	36000	31.31692099571228
9	68.293106	27.96365	160.0	12.0	54.520706	38.15003	152.47783	0.085513785	68.293106	11950.796	0.2987699	22.406626	4.2465906	24.69501	-3.641466	24.743443	0.6308087	26.03832	21.081894	2.9087067e-08	-0.010997357	4.005432e-07	0.14283895	333.73956	-68.27692	820.76794	-84.49646	0	0	79.0	0.8889772	0.0064738044	40000	35.54569935798645
10	77.31373	26.326376	164.0	22.0	63.923626	32.098587	125.12029	0.19627433	77.31373	15212.219	0.34573224	27.285122	4.4833403	29.419794	-6.6222477	29.354397	0.19208811	29.783112	28.099678	1.704693e-08	-0.005366208	-3.1757355e-07	0.03164407	305.6935	-34.91925	613.6479	-47.016113	0	0	79.0	0.8854303	0.004630194	44000	39.198734521865845
11	99.333336	35.751514	190.0	41.0	52.80719	26.278034	104.96072	0.278784	99.333336	17274.004	0.35987508	29.98956	5.382285	32.25082	-9.112548	32.30533	0.20917794	32.701527	30.995605	2.682209e-10	-0.0069988295	-6.6280364e-08	0.052705053	462.17456	-66.17041	369.9935	-9.725372	0	0	79.0	0.8893067	0.0037994853	48000	42.6977117061615
12	97.34146	28.901524	191.0	44.0	58.756794	24.59521	110.64038	4.0191536	97.34146	19683.12	0.37852153	32.77887	6.752964	35.897236	-4.8885026	31.19638	0.37198746	31.766052	28.852383	-1.1920929e-08	-0.00837754	-5.7697296e-08	-0.015086969	329.83066	-22.867065	324.63324	-1.4887695	0	0	79.0	0.8879648	0.004883803	52000	46.23461103439331
13	126.3871	47.63956	236.0	46.0	57.514477	27.196812	104.12395	1.490784	126.3871	21472.209	0.3834323	35.132664	5.5238633	37.824856	-3.2638736	31.479631	0.1989118	31.87739	29.723286	4.005432e-08	-0.0069290334	7.5340274e-08	0.0013742924	563.0125	-65.932465	319.47375	-9.4487	0	0	79.0	0.8984028	0.004136046	56000	49.40979313850403
14	156.24	81.38515	410.0	71.0	63.57621	24.442724	141.03178	17.899668	156.24	23073.188	0.38455313	39.15361	3.698013	40.9477	2.5897894	30.296871	0.31506953	30.868702	28.46667	5.2452087e-09	-0.0054341387	7.1287154e-08	0.0069903247	780.84076	-87.51868	312.95367	-15.050873	0	0	79.0	0.9038428	0.0038506847	60000	53.85984802246094
15	225.17647	113.246346	515.0	66.0	50.045403	22.108252	87.53654	8.375515	225.17647	23932.904	0.37395164	43.15975	2.319925	44.237347	12.253529	28.603008	0.8551822	29.797148	21.87711	-5.0544738e-08	-0.0064236782	4.7302245e-07	-0.00688703	1085.5284	-148.5658	342.8338	-136.04762	0	0	79.0	0.9191216	0.0038661691	64000	58.40395402908325
16	379.5	203.97562	937.0	192.0	39.21361	25.957376	91.75321	5.834338	379.5	24345.482	0.3580218	47.217194	2.4390724	48.021206	14.987653	19.540363	5.9312086	26.717598	-11.6699505	2.002716e-08	-0.007956415	-5.7220458e-08	0.006496687	1395.6627	-207.60828	226.6262	-150.8727	0	0	79.0	0.9351499	0.003533396	68000	62.81623411178589
17	962.75	56.193306	1000.0	866.0	41.247494	38.926083	108.57389	15.616358	962.75	24595.488	0.341604	51.560314	0.85177934	51.88826	46.94575	11.262699	1.9406114	16.521711	4.254971	-5.51939e-08	-0.0033198677	-1.2207032e-07	-0.0046962663	1866.039	-319.98853	133.0201	-36.169815	0	0	79.0	0.9329222	0.0038267714	72000	67.09212279319763
18	1000.0	0.0	1000.0	1000.0	20.488811	9.986382	34.84489	10.188687	1000.0	24677.443	0.32470322	55.89521	0.01507532	55.90449	55.7155	6.1330376	0.6714385	8.248334	3.7674224	4.8470497e-07	-0.0016860286	7.9154965e-08	0.0023144183	1655.8778	-250.12805	23.230621	-16.825397	0	0	79.0	0.9119763	0.003013465	76000	71.47157788276672
19	1000.0	0.0	1000.0	1000.0	33.473278	6.6671762	41.640102	25.204855	1000.0	24811.338	0.3101417	59.16111	0.07146265	59.185036	58.50286	2.6948416	0.43443334	4.0846934	0.9949893	4.708767e-07	-0.0015096817	-1.1324882e-08	-0.00021651531	1419.7955	-191.95349	8.18099	-0.122564316	0	0	79.0	0.90391046	0.0025820448	80000	75.67493414878845
20	990.25	16.887495	1000.0	961.0	35.911324	12.172864	46.39989	15.405467	990.25	24955.623	0.29709074	61.86175	0.14617683	61.87984	58.02865	2.7766662	0.4503798	4.855247	1.536571	-5.9127807e-08	-0.006295223	-1.6689301e-09	-0.0041632904	1211.3593	-141.44727	10.981984	-0.59967613	0	0	8.0	0.927076	0.016217202	84000	79.8983256816864
21	574.8333	378.52057	1000.0	43.0	22.931067	10.121337	41.91768	8.372612	574.8333	25104.979	0.28528383	64.10845	0.014284665	64.11593	63.94909	2.906013	0.5722672	4.708755	0.723109	1.5377998e-08	-0.006641239	-1.1086464e-08	0.01272095	1027.8419	-77.30853	6.8279023	-0.28530884	0	0	7.0	0.92979217	0.01679728	88000	82.63957500457764
22	895.25	181.43233	1000.0	581.0	49.151	17.60376	78.130516	30.618511	895.25	25329.188	0.27531725	65.76394	0.018859597	65.77305	65.43699	2.7778633	0.58939254	5.0359015	0.87387073	-1.680851e-08	-0.005082599	1.758337e-08	0.00081772386	952.78076	-100.6969	33.811234	-3.2553616	0	0	79.0	0.9311058	0.0048763636	92000	86.95168375968933
23	1000.0	0.0	1000.0	1000.0	50.3939	9.357098	64.82908	39.54968	1000.0	25530.764	0.26594546	67.59539	0.0157741	67.603035	67.39712	4.4650235	0.9203529	7.477517	1.2758908	6.325245e-07	-0.0021207451	-2.1547079e-08	0.019879442	893.8505	-105.768005	17.757664	-0.45472717	0	0	8.0	0.91600525	0.012031611	96000	90.66691422462463
24	232.8125	107.246925	508.0	83.0	101.71883	43.18625	214.25182	36.43777	232.8125	27217.834	0.27217835	69.42686	0.11804969	69.47193	67.448074	5.735896	1.2365443	9.609828	1.9783896	9.298325e-09	-0.004511172	-1.7154217e-07	-0.030190052	736.53424	-336.15625	898.0275	-544.0209	0	0	79.0	0.916323	0.0035043221	100000	94.70886206626892
25	635.0	382.68436	1000.0	107.0	92.25239	19.680555	117.49098	67.275734	635.0	27825.428	0.2675522	65.64483	8.357423	69.70658	9.910838	23.110374	2.4479413	26.86532	11.024792	-7.200241e-08	-0.008560448	1.759529e-07	-0.08808113	826.2214	-151.69446	181.60406	-81.015396	0	0	3.0	0.91757005	0.033433907	104000	98.40046000480652
26	1000.0	0.0	1000.0	1000.0	25.52634	8.036745	37.408512	14.778532	1000.0	27927.533	0.25858828	71.02721	0.057033762	71.05228	70.33757	13.927822	4.2004275	22.977842	-0.16654684	6.108284e-07	0.00010100364	8.392334e-08	-0.052834	714.56525	-86.1286	132.33447	-108.33612	0	0	6.0	0.91736126	0.013398782	108000	102.34681463241577
27	1000.0	0.0	1000.0	1000.0	10.7744	3.1235406	13.999525	7.3560386	1000.0	27970.63	0.24973777	72.74919	0.009626075	72.754425	72.63759	4.9427557	2.7670796	14.424291	-5.773174	1.0490418e-06	-0.0022429435	1.66893e-08	0.016750686	632.17035	-77.4256	22.901703	-15.843837	0	0	79.0	0.917763	0.0043152506	112000	106.66962361335754
28	1000.0	0.0	1000.0	1000.0	18.341078	5.1484985	25.144611	10.972156	1000.0	28043.994	0.24175857	74.36764	0.06390446	74.384636	73.24327	2.9450195	2.8923106	12.303682	-6.909412	-9.1052055e-07	-0.0014918601	1.6212464e-08	0.0038966646	559.34216	-68.52524	10.8412485	-4.5691686	0	0	79.0	0.89725465	0.004524803	116000	110.48207998275757
29	1000.0	0.0	1000.0	1000.0	21.332798	6.2802672	29.445082	12.313594	1000.0	28129.326	0.23441105	75.90716	0.019999642	75.91728	75.56759	2.242523	1.8533208	7.1986194	-4.244292	4.0221215e-07	-0.0028596104	2.5987624e-08	-0.01154391	494.1467	-60.760254	6.2573853	-0.86225414	0	0	79.0	0.8985153	0.004803672	120000	113.57668995857239
30	1000.0	0.0	1000.0	1000.0	13.669501	2.5400302	17.15707	10.006134	1000.0	28184.004	0.22729035	77.3586	0.011092867	77.36463	77.18571	1.5321467	1.608558	6.8997345	-3.0474243	5.7935715e-08	-0.0027994374	-2.384186e-10	-0.001071342	436.39886	-54.08368	3.225016	-0.816277	0	0	10.0	0.87256694	0.01440547	124000	117.26225638389587
31	608.3333	393.80945	1000.0	70.0	9.990815	5.379818	16.396782	1.3028507	608.3333	28257.201	0.22075938	78.729904	0.008653663	78.73607	78.62011	1.4925542	1.2736225	5.0838103	-2.822002	-1.3828277e-08	-0.0053501367	1.4305114e-08	0.010263695	516.4762	-19.527954	2.9252422	-0.44875503	0	0	7.0	0.8722695	0.014360757	128000	121.09566569328308
32	874.5	217.37238	1000.0	498.0	18.867165	4.731609	26.687323	14.411093	874.5	28345.078	0.21473543	79.575264	0.12658338	79.59805	76.54077	1.6050293	1.2598602	6.5211396	-2.3164115	7.236004e-08	-0.0052658524	2.6226044e-09	-0.0074617337	377.41324	-33.4563	2.6226895	-0.34302545	0	0	79.0	0.8714655	0.006573375	132000	125.18183898925781
33	1000.0	0.0	1000.0	1000.0	16.854147	5.3036942	20.249985	7.6927147	1000.0	28412.496	0.20891541	80.63354	0.3835458	80.683556	73.22849	1.6263807	1.388278	6.638522	-2.6267066	6.699562e-07	-0.0028416663	4.053116e-09	-0.009801649	319.25256	-41.893616	2.010311	-0.17947423	0	0	11.0	0.8742211	0.01167917	136000	128.91797757148743
34	1000.0	0.0	1000.0	1000.0	7.161085	1.7567723	9.473047	5.151454	1000.0	28441.14	0.203151	81.9119	0.0047692033	81.91462	81.83772	0.94117284	0.87584955	3.2470982	-2.4450536	6.44207e-07	-0.0012061036	5.3048135e-09	-0.0026706865	278.51517	-37.32811	1.2830417	-0.19661272	0	0	79.0	0.8722564	0.0033988738	140000	132.92493510246277
35	828.5	297.04672	1000.0	314.0	33.094563	39.769444	101.83725	7.5535064	828.5	28594.477	0.19857275	83.084305	0.120472476	83.10311	80.47706	0.24793394	1.150792	3.5673556	-4.6828556	-2.0861625e-08	-0.0032779777	1.2171269e-07	-0.01913287	284.69757	-31.711227	67.46563	-18.887772	0	0	79.0	0.8641736	0.0036555901	144000	137.3514862060547
36	1000.0	0.0	1000.0	1000.0	21.39938	12.035768	41.956165	11.352407	1000.0	28680.074	0.19378428	83.97385	0.4459689	84.08631	79.6855	3.0354772	0.7637698	5.3319902	0.59950924	6.9844725e-07	-0.0060799974	1.2397766e-08	0.0030088916	218.77237	-32.777283	12.296567	-1.8574104	0	0	18.0	0.86461383	0.014421672	148000	140.51894283294678
37	1000.0	0.0	1000.0	1000.0	13.797803	4.504908	21.242119	10.170965	1000.0	28735.266	0.1890478	85.157455	0.020098768	85.1643	84.84155	2.0360038	0.48872593	3.5877032	0.40456566	5.5122376e-07	-0.0020992435	1.4305115e-09	0.00083003426	187.48442	-26.801712	2.6325712	-0.7727814	0	0	79.0	0.8638264	0.0021418228	152000	144.02327585220337
38	1000.0	0.0	1000.0	1000.0	13.829779	0.7702934	14.795511	12.72324	1000.0	28790.584	0.18455502	86.20126	0.009492088	86.2068	86.07621	1.4167774	0.37778217	2.7157385	0.24951792	-7.264614e-07	-0.003653393	4.9173834e-09	-0.0030728136	162.07709	-23.698486	1.0277299	-0.08534098	0	0	79.0	0.8491592	0.005467512	156000	148.32109999656677
39	1000.0	0.0	1000.0	1000.0	15.180049	4.8241067	19.06063	7.015927	1000.0	28851.305	0.18032065	87.19344	0.015237582	87.19949	86.99445	1.2683147	0.3035481	2.439067	0.24514984	5.068779e-07	-0.0017303943	5.960465e-11	0.009049705	139.62714	-20.913124	1.8828146	-0.16312611	0	0	10.0	0.81744295	0.013042281	160000	152.39248991012573
40	1000.0	0.0	1000.0	1000.0	48.300156	13.955683	64.59763	32.093197	1000.0	29044.504	0.17710063	88.04936	0.25858998	88.14412	85.23213	1.4925487	0.31451985	2.5528827	0.33652246	-2.0194054e-07	-0.0052015227	-1.08242034e-07	-0.014658816	121.70543	-19.373543	14.89574	-8.50317	0	0	4.0	0.81642807	0.023048503	164000	155.7661805152893
41	1000.0	0.0	1000.0	1000.0	22.090294	12.396009	42.590298	9.282564	1000.0	29132.865	0.17340991	89.041374	0.015876267	89.04727	88.659546	3.4431272	0.5407139	5.16559	1.6557208	-4.0793418e-07	-0.0018585431	3.4153462e-08	-0.0058300076	102.240326	-16.137184	6.556035	-2.124671	0	0	79.0	0.81565267	0.0033743668	168000	159.23763418197632
42	1000.0	0.0	1000.0	1000.0	15.387358	6.5140023	26.230753	9.813506	1000.0	29194.416	0.16973497	89.896515	0.007691984	89.90092	89.82668	2.1074417	0.55963326	3.6398518	0.37073013	-1.0180473e-07	-0.0019401514	6.1392784e-09	0.0019880207	86.90123	-14.08873	2.4845953	-0.60317874	0	0	79.0	0.8434338	0.004209233	172000	163.06044578552246
43	927.75	125.14067	1000.0	711.0	16.842949	5.200326	25.277275	11.21991	927.75	29270.21	0.16630802	90.705574	0.009684688	90.71062	90.54501	1.6702051	0.40328088	3.0627565	0.39872032	4.768372e-10	-0.0054875384	-5.2452087e-09	-0.0007763422	150.91365	-6.3915253	1.4479481	-0.006042838	0	0	79.0	0.8592659	0.0054859123	176000	166.4722819328308
44	930.0	121.24355	1000.0	720.0	30.327055	32.768196	85.72382	5.2148414	930.0	29413.717	0.16340953	91.15938	0.66049826	91.27822	77.03227	1.6937764	0.68055284	4.096456	0.0016165003	-2.4557114e-08	-0.002488309	-5.1647426e-08	-0.021617418	137.28142	-36.457268	22.679598	-7.8692265	0	0	10.0	0.83536345	0.01201519	180000	169.9450945854187
45	1000.0	0.0	1000.0	1000.0	6.3186097	2.3123934	10.073769	4.243508	1000.0	29438.992	0.15999453	91.82517	0.10441093	91.84236	89.99871	2.3741949	0.87426513	6.085066	0.2700648	-6.270409e-08	-0.0035924455	2.6270747e-08	-0.007505846	56.922516	-10.000362	3.4874933	-2.7147536	0	0	79.0	0.8364799	0.0064153005	184000	173.3848316669464
46	794.75	229.91017	1000.0	443.0	15.6800785	3.2979815	20.58625	11.405753	794.75	29507.928	0.15695706	92.522766	0.31119233	92.55454	86.997055	-0.6390883	0.80133915	1.0195124	-5.7475295	-3.9339065e-09	-0.004412794	-7.143617e-08	-0.0004424121	218.37767	-15.543701	7.804376	-4.6649837	0	0	79.0	0.80972904	0.0055162925	188000	176.08500599861145
47	1000.0	0.0	1000.0	1000.0	17.646542	8.999057	28.747755	7.4214454	1000.0	29578.514	0.15405476	92.31904	0.9199529	92.82142	85.903564	1.4283352	0.63532835	3.0073292	-0.28788283	-7.43866e-08	-0.006209181	-4.351139e-09	0.002191939	49.023163	-13.353123	4.5752916	-0.32086277	0	0	4.0	0.80813396	0.026770558	192000	179.110027551651
48	1000.0	0.0	1000.0	1000.0	7.880369	1.1939245	9.252648	6.217199	1000.0	29610.035	0.15107161	93.43909	0.034099326	93.45531	92.96235	2.4845948	0.36522225	3.8027596	1.2729872	-2.245903e-07	-0.0024279936	-3.360212e-08	-0.0045296275	36.614765	-7.1799316	2.6139357	-2.3189378	0	0	79.0	0.8081284	0.0055627148	196000	182.62534952163696
49	1000.0	0.0	1000.0	1000.0	3.4469357	0.94530225	4.5382605	2.1780696	1000.0	29623.824	0.14811912	94.09241	0.005225755	94.09738	94.030975	0.7643366	0.24106091	1.7641425	0.054162607	-4.1174889e-07	-0.0013867704	2.8014182e-09	-0.0008358871	29.7102	-6.018591	0.33862153	-0.2165789	0	0	79.0	0.80486006	0.0026459983	200000	186.64718627929688
