Epoch	AverageEpRet	StdEpRet	MaxEpRet	MinEpRet	AverageEpCost	StdEpCost	MaxEpCost	MinEpCost	EpLen	CumulativeCost	CostRate	AverageVVals	StdVVals	MaxVVals	MinVVals	AverageCostVVals	StdCostVVals	MaxCostVVals	MinCostVVals	LossPi	DeltaLossPi	SurrCost	DeltaSurrCost	LossV	DeltaLossV	LossVC	DeltaLossVC	Penalty	DeltaPenalty	StopIter	Entropy	KL	TotalEnvInteracts	Time
0	15.2091255	7.5009503	58.0	5.0	0.2950168	0.3873856	5.580737	0.015085246	15.2091255	77.58941	0.019397352	-0.005546271	0.21877508	0.5804197	-0.64559746	0.0028503754	0.06856558	0.29191223	-0.28675202	1.2683869e-07	-0.012463636	3.963709e-09	-0.0014293958	130.24742	-20.769257	0.2635793	-0.0550247	0	0	6.0	0.9189385	0.015621344	4000	4.675575017929077
1	17.467249	7.7940197	45.0	5.0	0.3170776	0.3785522	3.023541	0.02702818	17.467249	150.20018	0.018775022	1.2057527	0.1157395	1.9996976	0.7080036	0.23160161	0.08510733	0.8523078	-0.18557264	4.673004e-08	-0.017084688	5.960465e-11	0.003447174	127.30616	-54.667877	0.12457914	-0.0010165647	0	0	79.0	0.9169222	0.009024063	8000	9.543038845062256
2	21.126984	10.539659	64.0	7.0	0.3862228	0.5386508	4.117996	0.022223247	21.126984	223.20198	0.018600166	5.04779	0.70699537	8.305295	0.70404744	0.23344582	0.12437589	0.87764794	-0.45018765	3.194809e-08	-0.016828168	7.1525574e-10	0.008675519	130.51826	-49.385315	0.28871167	-0.036391616	0	0	27.0	0.9181792	0.013136436	12000	14.160374164581299
3	29.444445	14.600186	83.0	6.0	1.1572629	1.7683902	10.926851	0.02172617	29.444445	379.65723	0.023728577	9.983516	0.41655824	11.656791	6.6302485	0.31914133	0.08819114	0.8104798	-0.17566088	-2.0742416e-08	-0.015293529	3.8713218e-08	0.032951012	163.5616	-38.913315	2.6018145	-0.47309446	0	0	16.0	0.91620225	0.013411047	16000	18.596893548965454
4	38.53398	17.80303	101.0	7.0	7.2509823	16.262262	110.47887	0.01653099	38.53398	1127.5665	0.056378327	14.520222	0.7042275	16.232197	10.1551	1.0063503	0.04019547	1.1376946	0.6616425	-1.9311905e-08	-0.010614315	7.677078e-08	0.17479579	193.47424	-30.678116	208.37721	-29.46196	0	0	11.0	0.91997135	0.013057947	20000	20.54556655883789
5	47.214287	18.039026	96.0	10.0	15.958687	22.236626	88.99704	0.03561131	47.214287	2472.4236	0.10301765	18.065107	0.59121096	19.332039	14.671969	6.38538	1.2206274	9.700186	1.0441794	3.170967e-08	-0.012331932	2.8991698e-07	0.13913415	199.41922	-30.540863	328.7491	-39.52185	0	0	79.0	0.920516	0.0068209795	24000	25.221575498580933
6	55.40278	16.884954	109.0	10.0	25.75271	27.337769	102.67954	0.20458561	55.40278	4326.679	0.15452425	20.29654	3.2678742	22.597033	0.7184182	12.688183	0.47545195	13.849246	10.765272	-1.6629697e-08	-0.009626179	1.6212464e-08	0.13766494	208.0036	-24.908188	452.94	-39.266388	0	0	79.0	0.9290863	0.006051789	28000	29.968889236450195
7	65.47541	21.429722	143.0	8.0	31.292067	29.663204	104.43787	0.20496817	65.47541	6235.508	0.19485962	22.461538	4.0497622	24.539581	-4.010588	17.608835	1.6002475	20.13396	6.3466516	-3.671646e-08	-0.008141828	-2.0885467e-07	0.11134269	267.14505	-40.26233	470.00247	-10.114166	0	0	79.0	0.9381068	0.004216901	32000	34.53974151611328
8	73.57407	26.468431	145.0	32.0	37.27774	31.785074	111.74268	1.1405387	73.57407	8249.157	0.22914326	24.929646	4.0658555	26.983612	-4.8603826	19.774239	0.5024199	20.735512	16.18892	-1.6689301e-09	-0.009872251	-1.01089476e-07	0.13052435	311.75275	-54.300964	487.31668	-9.528046	0	0	79.0	0.9421982	0.005377249	36000	39.29400944709778
9	76.90196	23.227987	144.0	40.0	44.13131	29.486088	100.897354	2.9490824	76.90196	10510.705	0.2627676	26.533852	4.872531	29.613081	-4.242001	22.313828	0.24360316	22.972906	20.535456	1.0251999e-08	-0.009783452	1.7642975e-07	0.10047899	254.55692	-47.126877	445.9858	-22.78482	0	0	79.0	0.9509096	0.005647855	40000	44.00882411003113
10	83.0625	24.444159	186.0	48.0	60.644024	21.498028	103.31657	9.048141	83.0625	13421.641	0.3050373	26.757671	6.903673	31.893095	-2.6903481	25.680952	0.40287733	26.405758	23.469542	-2.6345253e-08	-0.0033531028	-1.7356872e-07	0.0026948776	232.35985	-43.790726	424.94492	-83.93997	0	0	79.0	0.97629094	0.0031970257	44000	48.79346585273743
11	92.674416	18.799704	133.0	60.0	49.869324	20.975296	89.059456	3.8353844	92.674416	15566.116	0.3242941	29.178516	7.0478096	34.37685	-0.41308844	30.659605	0.057781674	30.806047	30.279003	-2.7656554e-08	-0.0072441893	-3.4332274e-08	0.074321516	215.67163	-38.915604	218.21939	-0.11009216	0	0	79.0	0.97615004	0.005899274	48000	51.0595862865448
12	99.05	23.236769	158.0	61.0	55.313305	18.835222	89.800255	8.787041	99.05	17779.06	0.341905	30.39238	8.236444	36.65371	1.8733296	30.624151	0.072672516	30.79384	30.247898	-5.8352946e-08	-0.009290278	9.965897e-08	-0.00539482	223.21928	-40.440155	206.1836	-0.6913147	0	0	79.0	1.0018705	0.008215929	52000	55.57142615318298
13	126.19355	41.394577	248.0	72.0	49.40515	15.597095	86.89165	22.78189	126.19355	19332.873	0.34522986	32.993843	8.9574795	38.930107	1.4340956	31.008434	0.065093815	31.172924	30.609976	-6.890297e-08	-0.010501554	9.632111e-08	-0.008141149	406.4045	-74.145386	197.31976	-22.661758	0	0	79.0	1.039782	0.006412043	56000	60.25818157196045
14	166.25	64.70333	385.0	96.0	40.81867	13.339854	66.0907	13.679203	166.25	20312.627	0.33854377	36.959522	8.556476	41.941113	3.1674485	28.662603	0.13680586	29.002913	27.732954	1.3351441e-08	-0.0075013638	5.5408475e-07	-0.0024993003	631.376	-107.155334	230.27354	-93.89554	0	0	79.0	1.0594149	0.0035483248	60000	64.75351858139038
15	208.26315	88.959984	504.0	95.0	42.73628	14.791492	76.20238	14.783532	208.26315	21124.844	0.33007568	39.65791	10.320272	45.23315	2.4936795	22.156586	3.0837705	25.789469	-4.240565	-5.531311e-08	-0.012746519	1.8119811e-08	-0.018362187	756.2076	-128.19818	163.07985	-54.965614	0	0	79.0	1.0612482	0.007732487	64000	69.36480760574341
16	332.45456	234.95274	1000.0	24.0	25.58424	17.142126	57.863056	2.0118465	332.45456	21410.834	0.3148652	45.852726	7.3974056	48.53022	2.3115888	15.446737	1.0557543	18.870628	11.786653	7.867813e-09	-0.006241098	1.6641617e-07	-0.0020912897	1355.9996	-220.35876	123.91935	-80.630356	0	0	9.0	1.0881097	0.01379615	68000	73.71247982978821
17	620.8333	298.57516	1000.0	255.0	30.158989	14.578883	49.70919	10.171877	620.8333	21602.648	0.3000368	50.574184	5.4524302	52.29858	19.624456	6.478496	0.71201307	8.785232	3.7692077	1.642704e-07	-0.008528134	1.6212464e-08	-0.011722459	1589.2897	-260.56567	26.79934	-10.674088	0	0	79.0	1.0876075	0.006248911	72000	78.49310255050659
18	1000.0	0.0	1000.0	1000.0	10.941411	4.4645395	18.130398	7.0989075	1000.0	21646.414	0.28482124	55.79402	0.12835157	55.852757	53.525032	3.6749518	1.2209352	7.1709504	-0.33042932	-2.8991698e-07	-0.0037703104	-3.8266183e-08	-0.00067139615	1663.6927	-251.17676	8.553082	-6.218511	0	0	79.0	1.0872151	0.006449286	76000	80.84597611427307
19	1000.0	0.0	1000.0	1000.0	8.250358	2.592971	11.427716	4.2000294	1000.0	21679.416	0.2709927	59.094288	0.022627102	59.10663	58.641666	1.5107865	0.6998231	4.014294	-1.0051193	-8.34465e-09	-0.0024534138	1.8298627e-08	8.0041944e-05	1424.3492	-191.89185	1.6000111	-0.76384413	0	0	79.0	1.0906267	0.004079568	80000	85.69129729270935
20	934.5	113.449326	1000.0	738.0	5.7421265	1.6813208	7.7774916	3.1017783	934.5	21706.422	0.2584098	61.79988	0.0070063123	61.80613	61.715473	0.9516417	0.4428688	2.2479923	-0.34796065	-1.13129616e-07	-0.0032903592	1.4901161e-09	0.0020057538	1181.4237	-136.52869	0.82973534	-0.22009498	0	0	6.0	1.1094462	0.017071202	84000	90.14010071754456
21	1000.0	0.0	1000.0	1000.0	4.939253	1.321347	6.279848	2.7468433	1000.0	21726.178	0.24688838	64.007576	0.01006388	64.01362	63.817513	0.63162607	0.40883002	1.7792243	-1.0861486	-6.4897534e-07	-0.002429287	-1.1920929e-09	-0.0032125176	1102.7601	-132.3534	0.3614654	-0.0848487	0	0	79.0	1.1098115	0.0044840337	88000	94.88130688667297
22	1000.0	0.0	1000.0	1000.0	7.751292	2.1145442	10.947498	5.274624	1000.0	21757.184	0.23649113	66.11713	0.007859985	66.12254	65.94226	0.36373177	0.33865264	1.4056023	-0.72844553	1.0488034e-06	-0.0014652979	3.5911798e-09	0.0005632684	977.2953	-114.68317	0.7108311	-0.11139971	0	0	79.0	1.0831165	0.0035179735	92000	99.625568151474
23	1000.0	0.0	1000.0	1000.0	10.337589	2.866655	15.126669	7.8264594	1000.0	21798.533	0.22706805	68.05619	0.0067521976	68.06165	67.992	0.5370447	0.29407835	1.434387	-0.3887466	-6.4134596e-08	-0.0031165597	-3.1590461e-09	0.00022659576	868.6309	-100.0824	0.93460953	-0.10948324	0	0	79.0	1.0906719	0.0029961613	96000	104.13046765327454
24	1000.0	0.0	1000.0	1000.0	6.492024	1.8621863	8.633257	4.0158744	1000.0	21824.502	0.21824501	69.84655	0.037923522	69.856186	69.178276	0.9158268	0.30241802	2.1419094	0.09839682	9.758472e-07	-0.0023847816	-8.3446505e-10	0.0011992798	774.0455	-88.37085	0.37681726	-0.124624014	0	0	79.0	1.082616	0.0029068908	100000	108.80635404586792
25	1000.0	0.0	1000.0	1000.0	12.503817	6.7616973	22.931976	6.152866	1000.0	21874.518	0.2103319	71.5231	0.023378432	71.5324	71.13532	0.5706447	0.34138384	1.6093612	-0.43824995	-2.1219253e-07	-0.002896876	-1.463294e-08	-0.0023828316	690.33826	-78.56464	2.921547	-0.35492587	0	0	79.0	1.0612774	0.004999839	104000	111.11755323410034
26	1000.0	0.0	1000.0	1000.0	8.227809	2.2086544	11.316317	5.107509	1000.0	21907.428	0.20284656	73.10696	0.0035593049	73.11034	73.07263	0.95140225	0.15747988	1.4786366	0.3963211	1.0254383e-06	-0.0017047488	2.2500752e-09	0.00051226397	615.6614	-70.15277	0.4530225	-0.05650097	0	0	79.0	1.0513024	0.0031344283	108000	115.82784748077393
27	1000.0	0.0	1000.0	1000.0	15.522448	6.4745584	25.115223	8.4403105	1000.0	21969.518	0.19615641	74.58181	0.13859703	74.6037	71.06965	0.7781145	0.21350555	1.69643	0.23473927	-5.016327e-07	-0.0027072977	2.1383165e-08	-0.005366644	549.86475	-63.272705	2.7335894	-0.1992836	0	0	8.0	1.0309126	0.014127171	112000	119.87525153160095
28	1000.0	0.0	1000.0	1000.0	33.573284	16.126255	60.896446	19.541971	1000.0	22103.81	0.19055009	76.01352	0.015351325	76.02357	75.8525	0.9541756	0.16912344	1.472339	0.4240106	1.9741059e-07	-0.002752562	2.3648143e-08	0.007492791	489.75598	-56.786865	13.6654625	-3.377678	0	0	79.0	1.0297831	0.0068554496	116000	124.3383674621582
29	1000.0	0.0	1000.0	1000.0	62.005104	6.8389864	68.88958	50.630127	1000.0	22351.832	0.18626526	77.360115	0.03604513	77.37672	76.84574	2.7825587	0.3183529	3.7217765	1.4665849	-1.5449524e-07	-0.006161051	-4.5716764e-08	-0.011101837	436.3542	-51.44806	30.812742	-6.519253	0	0	79.0	1.0112133	0.008116083	120000	128.69984650611877
30	1000.0	0.0	1000.0	1000.0	37.82547	4.5459514	45.504395	33.62861	1000.0	22503.133	0.18147688	78.666565	0.0067534144	78.670074	78.53983	4.872919	0.8009193	8.141386	2.1530843	-2.0194054e-07	-0.004086619	-1.1980534e-08	-0.0060257106	387.42038	-46.061707	9.785036	-2.8212504	0	0	79.0	0.96478486	0.004079337	124000	133.66792607307434
31	1000.0	0.0	1000.0	1000.0	34.663696	5.9661026	42.752872	26.817114	1000.0	22641.79	0.17688897	79.90547	0.0020388975	79.907394	79.88956	3.2404861	0.67507994	5.4023447	0.9921062	-5.288124e-07	-0.0014033729	4.887581e-09	-0.003315326	343.7318	-41.537506	6.271326	-0.31983852	0	0	79.0	0.953075	0.0032736738	128000	138.51435804367065
32	894.25	183.16437	1000.0	577.0	27.961353	4.6512704	35.411533	23.152863	894.25	22775.086	0.17253853	81.091644	0.0015494381	81.09319	81.0768	2.7306845	0.6458258	4.764296	0.63590765	-6.9141386e-09	-0.0051773386	-6.437302e-09	-0.005100343	334.40787	-27.988098	4.6108165	-0.0396533	0	0	22.0	0.9663074	0.011859018	132000	140.545512676239
33	1000.0	0.0	1000.0	1000.0	20.42774	3.6829205	24.237278	14.901191	1000.0	22856.797	0.16806468	82.08612	0.0008258936	82.08725	82.08042	2.6891413	0.52289295	4.360536	1.0337396	-7.1907044e-07	-0.0028172901	4.1723253e-10	-0.00084799377	273.1764	-33.93799	3.1529975	-0.9288566	0	0	79.0	0.96240413	0.0055386457	136000	145.17058968544006
34	1000.0	0.0	1000.0	1000.0	17.725307	2.2165065	19.767103	14.145894	1000.0	22927.7	0.16376927	83.17364	0.0028894844	83.17527	83.12012	1.7457193	0.66387254	4.35857	-0.7120247	-1.5354156e-07	-0.0013076499	1.5795231e-09	0.005115019	241.01584	-31.077408	1.4270298	-0.13459551	0	0	10.0	0.9625102	0.011650276	140000	149.38066387176514
35	1000.0	0.0	1000.0	1000.0	31.473831	5.7936616	36.679794	22.138828	1000.0	23053.594	0.1600944	84.235405	0.0023866645	84.23726	84.20662	1.4370604	0.492008	2.9022477	-0.5091698	-7.3456766e-07	-0.0029016538	-1.3053417e-08	0.00087026914	211.55603	-27.899872	6.523128	-1.2788963	0	0	79.0	0.96349275	0.0038110989	144000	154.09244418144226
36	1000.0	0.0	1000.0	1000.0	41.705517	10.286191	58.022892	31.854834	1000.0	23220.416	0.1568947	85.25395	0.002061904	85.255714	85.23408	2.5539496	0.5530491	4.462808	0.77215517	1.0769368e-06	-0.002180972	2.7179718e-08	0.008618471	185.1025	-24.995087	12.882116	-0.32565117	0	0	79.0	0.94582206	0.0056167454	148000	158.7588107585907
37	822.0	308.30505	1000.0	288.0	37.792816	6.5452547	47.32696	31.48707	822.0	23407.186	0.15399463	86.229324	0.014657019	86.23211	85.84617	2.9607148	0.83295506	5.364762	-0.43596566	6.3180923e-09	-0.005188324	3.3140182e-08	0.0031572874	219.65361	-15.205093	10.5121975	-0.2706337	0	0	79.0	0.93248415	0.005448993	152000	163.55050897598267
38	1000.0	0.0	1000.0	1000.0	36.65819	3.2888439	40.718334	31.650158	1000.0	23553.818	0.15098602	87.01061	0.0032658135	87.01316	86.958084	3.4181247	0.69744503	5.544189	0.7311826	-1.1358261e-06	-0.0031628322	8.106232e-09	0.004158876	143.63089	-20.070312	6.0987425	-0.05968523	0	0	79.0	0.9250996	0.0047085364	156000	168.43068051338196
39	1000.0	0.0	1000.0	1000.0	49.14874	14.442643	70.84299	30.948101	1000.0	23750.414	0.1484401	87.90143	0.0032361199	87.90437	87.87189	3.2255104	0.73544705	5.663981	1.1504431	-2.102852e-07	-0.0043122275	-3.182888e-08	0.009444558	124.60686	-18.258484	19.424301	-0.83945274	0	0	79.0	0.92456484	0.005319562	160000	170.89591193199158
40	656.5	351.81897	1000.0	212.0	77.859	24.501837	108.9712	42.58297	656.5	24235.645	0.14777832	88.76766	0.03617813	88.77629	88.17988	4.1776114	1.0484481	7.803283	1.1386911	-5.722046e-09	-0.003928389	-1.06990335e-07	-0.041596144	320.81406	-98.80621	130.74074	-28.606804	0	0	79.0	0.9320295	0.004666319	164000	175.77924346923828
41	1000.0	0.0	1000.0	1000.0	48.61332	3.8888	53.45181	44.540916	1000.0	24430.098	0.14541724	88.88478	0.9744159	89.15668	75.065994	8.183019	2.2830946	14.504852	0.8334186	1.2254715e-07	-0.003352192	-4.4465065e-08	-0.027729128	105.44563	-19.819855	28.768148	-17.27591	0	0	4.0	0.9611075	0.018473545	168000	180.0078055858612
42	1000.0	0.0	1000.0	1000.0	21.082357	4.4615846	25.851799	13.841368	1000.0	24514.428	0.14252575	89.94824	0.013738743	89.95825	89.63623	3.9889116	1.563249	9.449766	-1.4948543	-6.1655044e-07	-0.0045747296	4.2915342e-09	-0.0032175109	86.00772	-13.82972	7.6031537	-4.8818903	0	0	79.0	0.96152973	0.0053023137	172000	184.7842662334442
43	611.4	475.94858	1000.0	23.0	17.17854	11.090381	31.674034	3.1725225	611.4	24624.39	0.13991131	90.74616	0.013303052	90.7555	90.55205	1.9990169	1.2825887	6.3536463	-1.9148301	1.6689301e-09	-0.0022422778	1.0609627e-08	0.007110241	156.70018	-8.930496	3.7873297	-0.42932606	0	0	4.0	0.98451805	0.016081832	176000	189.15594124794006
44	1000.0	0.0	1000.0	1000.0	32.116554	8.089347	46.113827	26.898151	1000.0	24752.855	0.13751586	91.39969	0.043327123	91.413315	90.46389	1.913698	0.956619	5.3183403	-1.0107851	4.3964386e-07	-0.0018273342	-5.9604646e-09	-0.0147826215	62.971703	-10.58675	7.0068445	-0.280118	0	0	8.0	0.9848815	0.0125034675	180000	193.54351210594177
45	1000.0	0.0	1000.0	1000.0	22.04716	2.9125836	26.511345	18.473072	1000.0	24841.045	0.13500568	92.1217	0.008338053	92.12796	92.0183	2.3251064	0.8513034	5.1521225	-0.45298213	4.5108794e-07	-0.0010242055	-1.0371208e-08	-0.0005639293	52.83721	-9.290493	3.1157258	-0.4372449	0	0	79.0	0.9858128	0.002360709	184000	198.40261268615723
46	1000.0	0.0	1000.0	1000.0	20.871326	2.5513606	24.435154	17.381262	1000.0	24924.53	0.13257729	92.80797	0.020058336	92.81537	92.39715	1.7405342	0.7371972	4.30175	-1.5363421	5.908012e-07	-0.0049174763	6.437302e-09	-0.0036832714	43.986694	-7.9692574	2.6917303	-0.07006669	0	0	79.0	0.99114966	0.0031516103	188000	200.8760540485382
47	1000.0	0.0	1000.0	1000.0	17.160822	0.83970433	18.581871	16.432169	1000.0	24993.174	0.13017277	93.458405	0.00685945	93.46294	93.31463	1.6370238	0.58075637	3.84743	-0.3472293	-1.0137558e-06	-0.0017838121	4.529953e-09	-0.006775637	36.426544	-6.811178	1.7445767	-0.12455499	0	0	7.0	0.97249496	0.01536249	192000	205.2857027053833
48	1000.0	0.0	1000.0	1000.0	10.137335	1.2347356	12.221777	9.047696	1000.0	25033.723	0.12772307	94.069046	0.0027717168	94.07197	94.0247	1.2874267	0.55167407	3.1618972	-0.34721506	-1.525879e-08	-0.001328975	7.152557e-09	-0.0026105933	29.944	-5.7800083	0.9241043	-0.3444454	0	0	79.0	0.9725758	0.0043338537	196000	210.25715279579163
49	1000.0	0.0	1000.0	1000.0	8.681371	1.6923201	11.477625	7.2116055	1000.0	25068.45	0.12534225	94.640434	0.0030214477	94.64357	94.580154	0.75561833	0.43363807	2.2913733	-0.55788845	6.03199e-07	-0.00094795704	-5.960465e-11	-0.00030705478	24.45169	-4.874161	0.54534876	-0.051282972	0	0	79.0	0.9707722	0.0019973412	200000	215.32864904403687
